SINAL     NFT                         FFT                         NFT INVERSA     FFT INVERSA
-----     -----------------------     -----------------------     -----------     -----------
  120        1093.000       0.000           0.000       0.000             120               0
   65          68.580     234.777           0.000       0.000              65               0
  150         -89.000      94.000           0.000       0.000             150               0
   43        -126.581     118.776           0.000       0.000              43               0
  149         161.000      -0.000           0.000       0.000             149               0
  121        -126.580    -118.778           0.000       0.000             121               0
  208         -88.999     -94.001           0.000       0.000             208               0
  237          68.583    -234.777           0.000       0.000             237               0
