SINAL     NFT                         FFT                         NFT INVERSA     FFT INVERSA
-----     -----------------------     -----------------------     -----------     -----------
    1         913.000       0.000           0.000       0.000               1               0
  166          -3.030     232.640           0.000       0.000             166               0
   32        -211.000     -72.000           0.000       0.000              32               0
  118         -36.971    -105.360           0.000       0.000             118               0
   21        -403.000      -0.001           0.000       0.000              21               0
  199         -36.971     105.360           0.000       0.000             199               0
  201        -211.000      71.999           0.000       0.000             201               0
  175          -3.027    -232.640           0.000       0.000             175               0
