SINAL     NFT                         FFT                         NFT INVERSA     FFT INVERSA
-----     -----------------------     -----------------------     -----------     -----------
  124         778.000       0.000           0.000       0.000             124               0
   49         189.007     -81.821           0.000       0.000              49               0
  219         -20.000     168.000           0.000       0.000             219               0
   34         -91.008     356.178           0.000       0.000              34               0
   75          58.000      -0.001           0.000       0.000              75               0
   47         -91.006    -356.180           0.000       0.000              47               0
    0         -19.999    -168.000           0.000       0.000              -0               0
  230         189.008      81.822           0.000       0.000             230               0
