SINAL     NFT                         FFT                         NFT INVERSA     FFT INVERSA
-----     -----------------------     -----------------------     -----------     -----------
  149         990.000       0.000           0.000       0.000             149               0
   25          47.255     -16.544           0.000       0.000              25               0
  243        -148.000     178.000           0.000       0.000             243               0
   82         -43.255      67.455           0.000       0.000              82               0
  147         490.000       0.001           0.000       0.000             147               0
   11         -43.255     -67.457           0.000       0.000              11               0
  201        -147.999    -178.001           0.000       0.000             201               0
  132          47.256      16.544           0.000       0.000             132               0
