SINAL     NFT                         FFT                         NFT INVERSA     FFT INVERSA
-----     -----------------------     -----------------------     -----------     -----------
  142         707.000       0.000           0.000       0.000             142               0
   74         242.894     166.841           0.000       0.000              74               0
   63         -99.000     104.000           0.000       0.000              63               0
   49          25.106     -79.160           0.000       0.000              49               0
    8          91.000      -0.000           0.000       0.000               8               0
   28          25.105      79.159           0.000       0.000              28               0
  186         -98.999    -104.001           0.000       0.000             186               0
  157         242.896    -166.840           0.000       0.000             157               0
