SINAL     NFT                         FFT                         NFT INVERSA     FFT INVERSA
-----     -----------------------     -----------------------     -----------     -----------
  151        1062.000       0.000           0.000       0.000             151               0
  158          68.393    -177.182           0.000       0.000             158               0
  195        -197.000      65.000           0.000       0.000             195               0
  198          89.607    -237.182           0.000       0.000             198               0
   72         224.000       0.001           0.000       0.000              72               0
   19          89.606     237.182           0.000       0.000              19               0
  225        -196.999     -65.001           0.000       0.000             225               0
   44          68.394     177.182           0.000       0.000              44               0
