SINAL     NFT                         FFT                         NFT INVERSA     FFT INVERSA
-----     -----------------------     -----------------------     -----------     -----------
  229        1063.000       0.000           0.000       0.000             229               0
  216         114.953     -94.983           0.000       0.000             216               0
   60         335.000    -114.000           0.000       0.000              60               0
  106         -34.954     -20.983           0.000       0.000             106               0
  189         -61.000      -0.001           0.000       0.000             189               0
  122         -34.953      20.982           0.000       0.000             122               0
   23         335.000     114.000           0.000       0.000              23               0
  118         114.954      94.982           0.000       0.000             118               0
