SINAL     NFT                         FFT                         NFT INVERSA     FFT INVERSA
-----     -----------------------     -----------------------     -----------     -----------
  155         942.000       0.000           0.000       0.000             155               0
   26         -80.643    -144.891           0.000       0.000              26               0
  206         -49.000     141.000           0.000       0.000             206               0
  191         186.643      67.109           0.000       0.000             191               0
  102         184.000      -0.000           0.000       0.000             102               0
   93         186.643     -67.109           0.000       0.000              93               0
  100         -48.999    -141.001           0.000       0.000             100               0
   69         -80.643     144.890           0.000       0.000              69               0
