SINAL     NFT                         FFT                         NFT INVERSA     FFT INVERSA
-----     -----------------------     -----------------------     -----------     -----------
   39         919.000       0.000           0.000       0.000              39               0
   23        -225.434     -55.782           0.000       0.000              23               0
  200        -301.000     136.000           0.000       0.000             200               0
  220         139.434     -99.782           0.000       0.000             220               0
   82         167.000       0.000           0.000       0.000              82               0
   97         139.433      99.782           0.000       0.000              97               0
  222        -301.000    -136.001           0.000       0.000             222               0
   36        -225.432      55.781           0.000       0.000              36               0
