SINAL     NFT                         FFT                         NFT INVERSA     FFT INVERSA
-----     -----------------------     -----------------------     -----------     -----------
   64        1006.000       0.000           0.000       0.000              64               0
   65        -171.486     237.208           0.000       0.000              65               0
   18         138.000     120.000           0.000       0.000              18               0
  131        -154.515       3.208           0.000       0.000             131               0
  227        -118.000      -0.001           0.000       0.000             227               0
  156        -154.514      -3.209           0.000       0.000             156               0
  135         138.001    -120.000           0.000       0.000             135               0
  210        -171.483    -237.209           0.000       0.000             210               0
