SINAL     NFT                         FFT                         NFT INVERSA     FFT INVERSA
-----     -----------------------     -----------------------     -----------     -----------
  121        1262.000       0.000           0.000       0.000             121               0
   98         -71.988      78.189           0.000       0.000              98               0
   91          33.999     338.000           0.000       0.000              91               0
  238        -154.012    -199.812           0.000       0.000             238               0
  234          90.000      -0.000           0.000       0.000             234               0
   26        -154.013     199.810           0.000       0.000              26               0
  230          34.002    -338.001           0.000       0.000             230               0
  224         -71.986     -78.189           0.000       0.000             224               0
