SINAL     NFT                         FFT                         NFT INVERSA     FFT INVERSA
-----     -----------------------     -----------------------     -----------     -----------
  182         876.000       0.000           0.000       0.000             182               0
  150         110.485     -45.172           0.000       0.000             150               0
   68         174.000     -66.000           0.000       0.000              68               0
  111          93.514      50.828           0.000       0.000             111               0
   80        -176.000      -0.001           0.000       0.000              80               0
  146          93.515     -50.829           0.000       0.000             146               0
   20         174.000      66.000           0.000       0.000              20               0
  119         110.486      45.171           0.000       0.000             119               0
