SINAL     NFT                         FFT                         NFT INVERSA     FFT INVERSA
-----     -----------------------     -----------------------     -----------     -----------
  134         896.000       0.000           0.000       0.000             134               0
  149          20.331     -77.284           0.000       0.000             149               0
  186        -122.000    -250.000           0.000       0.000             186               0
   57         113.669      20.716           0.000       0.000              57               0
   67         152.000       0.000           0.000       0.000              67               0
  162         113.669     -20.715           0.000       0.000             162               0
  137        -122.001     249.999           0.000       0.000             137               0
    4          20.332      77.283           0.000       0.000               4               0
