SINAL     NFT                         FFT                         NFT INVERSA     FFT INVERSA
-----     -----------------------     -----------------------     -----------     -----------
  185         926.000       0.000           0.000       0.000             185               0
  118         126.041     -60.627           0.000       0.000             118               0
  201         -96.000    -112.000           0.000       0.000             201               0
   45          77.958      15.372           0.000       0.000              45               0
   83         338.000       0.000           0.000       0.000              83               0
   85          77.958     -15.373           0.000       0.000              85               0
  163         -96.000     111.999           0.000       0.000             163               0
   46         126.043      60.627           0.000       0.000              46               0
