SINAL     NFT                         FFT                         NFT INVERSA     FFT INVERSA
-----     -----------------------     -----------------------     -----------     -----------
    9         641.000       0.000           0.000       0.000               9               0
  131          -2.055     -47.335           0.000       0.000             131               0
  102         -56.000      -7.000           0.000       0.000             102               0
   54        -209.945       0.665           0.000       0.000              54               0
  115         -33.000      -0.000           0.000       0.000             115               0
   41        -209.945      -0.666           0.000       0.000              41               0
   78         -55.999       7.000           0.000       0.000              78               0
  111          -2.054      47.334           0.000       0.000             111               0
