SINAL     NFT                         FFT                         NFT INVERSA     FFT INVERSA
-----     -----------------------     -----------------------     -----------     -----------
   74         762.000       0.000           0.000       0.000              74               0
   57          -3.000      93.645           0.000       0.000              57               0
   62        -102.000     180.000           0.000       0.000              62               0
  147          -3.000    -164.356           0.000       0.000             147               0
   77          46.000       0.000           0.000       0.000              77               0
   32          -3.001     164.355           0.000       0.000              32               0
  191        -101.999    -180.001           0.000       0.000             191               0
  122          -2.998     -93.645           0.000       0.000             122               0
