SINAL     NFT                         FFT                         NFT INVERSA     FFT INVERSA
-----     -----------------------     -----------------------     -----------     -----------
  218        1390.000       0.000           0.000       0.000             218               0
   99        -138.961    -104.995           0.000       0.000              99               0
  238        -110.000      -0.000           0.000       0.000             238               0
  251         290.961     -92.995           0.000       0.000             251               0
  142         270.000       0.000           0.000       0.000             142               0
  181         290.960      92.995           0.000       0.000             181               0
  232        -110.000      -0.001           0.000       0.000             232               0
   29        -138.959     104.993           0.000       0.000              29               0
