SINAL     NFT                         FFT                         NFT INVERSA     FFT INVERSA
-----     -----------------------     -----------------------     -----------     -----------
  219        1040.000       0.000           0.000       0.000             219               0
  232         197.627    -272.588           0.000       0.000             232               0
   98         102.000      56.000           0.000       0.000              98               0
  244         152.373    -202.588           0.000       0.000             244               0
   44        -192.000      -0.001           0.000       0.000              44               0
   48         152.372     202.588           0.000       0.000              48               0
   63         102.001     -56.000           0.000       0.000              63               0
   92         197.628     272.588           0.000       0.000              92               0
