SINAL     NFT                         FFT                         NFT INVERSA     FFT INVERSA
-----     -----------------------     -----------------------     -----------     -----------
  242         859.000       0.000           0.000       0.000             242               0
    3           5.206     304.723           0.000       0.000               3               0
   41          85.000    -114.000           0.000       0.000              41               0
   30         242.794     -81.277           0.000       0.000              30               0
  118         411.000       0.001           0.000       0.000             118               0
  166         242.793      81.277           0.000       0.000             166               0
  234          84.999     113.999           0.000       0.000             234               0
   25           5.208    -304.724           0.000       0.000              25               0
