SINAL     NFT                         FFT                         NFT INVERSA     FFT INVERSA
-----     -----------------------     -----------------------     -----------     -----------
  236         973.000       0.000           0.000       0.000             236               0
  109          68.021    -106.690           0.000       0.000             109               0
  200          64.000    -131.000           0.000       0.000             200               0
   35          43.979     -10.690           0.000       0.000              35               0
  180         563.000       0.001           0.000       0.000             180               0
   59          43.979      10.689           0.000       0.000              59               0
  152          64.000     130.999           0.000       0.000             152               0
    2          68.021     106.689           0.000       0.000               2               0
