SINAL     NFT                         FFT                         NFT INVERSA     FFT INVERSA
-----     -----------------------     -----------------------     -----------     -----------
   45        1085.000       0.000           0.000       0.000              45               0
  163        -236.602       6.837           0.000       0.000             163               0
   37         110.000      -9.000           0.000       0.000              37               0
  236         -17.399     -59.163           0.000       0.000             236               0
  172        -437.000      -0.001           0.000       0.000             172               0
  222         -17.398      59.163           0.000       0.000             222               0
   70         110.000       9.000           0.000       0.000              70               0
  140        -236.600      -6.838           0.000       0.000             140               0
