SINAL     NFT                         FFT                         NFT INVERSA     FFT INVERSA
-----     -----------------------     -----------------------     -----------     -----------
   48         821.000       0.000           0.000       0.000              48               0
   73         -82.189      -5.699           0.000       0.000              73               0
  160        -105.000      74.000           0.000       0.000             160               0
   67        -203.811     -53.699           0.000       0.000              67               0
  191         345.000       0.001           0.000       0.000             191               0
    9        -203.812      53.698           0.000       0.000               9               0
  184        -104.999     -74.001           0.000       0.000             184               0
   89         -82.188       5.698           0.000       0.000              89               0
