SINAL     NFT                         FFT                         NFT INVERSA     FFT INVERSA
-----     -----------------------     -----------------------     -----------     -----------
  128         871.000       0.000           0.000       0.000             128               0
  148         -48.030    -111.959           0.000       0.000             148               0
  171         115.000    -258.000           0.000       0.000             171               0
    7         -81.971     160.041           0.000       0.000               7               0
  193         183.000       0.000           0.000       0.000             193               0
  153         -81.970    -160.042           0.000       0.000             153               0
   35         114.999     258.000           0.000       0.000              35               0
   36         -48.029     111.957           0.000       0.000              36               0
