SINAL     NFT                         FFT                         NFT INVERSA     FFT INVERSA
-----     -----------------------     -----------------------     -----------     -----------
  240        1052.000       0.000           0.000       0.000             240               0
  225         329.543    -123.246           0.000       0.000             225               0
  163          17.000    -111.000           0.000       0.000             163               0
   68          42.457     -25.246           0.000       0.000              68               0
   54          90.000      -0.000           0.000       0.000              54               0
   71          42.457      25.246           0.000       0.000              71               0
  114          17.000     110.999           0.000       0.000             114               0
  117         329.544     123.246           0.000       0.000             117               0
