SINAL     NFT                         FFT                         NFT INVERSA     FFT INVERSA
-----     -----------------------     -----------------------     -----------     -----------
    9        1017.000       0.000           0.000       0.000               9               0
  134        -136.766     137.109           0.000       0.000             134               0
   51         -90.000     117.000           0.000       0.000              51               0
  169        -203.234    -214.891           0.000       0.000             169               0
  179         -85.000      -0.000           0.000       0.000             179               0
   83        -203.235     214.890           0.000       0.000              83               0
  227         -89.999    -117.001           0.000       0.000             227               0
  165        -136.764    -137.110           0.000       0.000             165               0
