SINAL     NFT                         FFT                         NFT INVERSA     FFT INVERSA
-----     -----------------------     -----------------------     -----------     -----------
    4        1194.000       0.000           0.000       0.000               4               0
  216          -0.219     -71.272           0.000       0.000             216               0
  218        -266.000     -16.000           0.000       0.000             218               0
  153        -155.782      96.728           0.000       0.000             153               0
   82        -318.000      -0.001           0.000       0.000              82               0
  170        -155.781     -96.728           0.000       0.000             170               0
  134        -265.999      15.999           0.000       0.000             134               0
  217          -0.216      71.272           0.000       0.000             217               0
