SINAL     NFT                         FFT                         NFT INVERSA     FFT INVERSA
-----     -----------------------     -----------------------     -----------     -----------
  233         927.000       0.000           0.000       0.000             233               0
  222         235.471     107.156           0.000       0.000             222               0
   16         114.000    -227.000           0.000       0.000              16               0
   12         -37.471    -334.845           0.000       0.000              12               0
  134         313.000       0.001           0.000       0.000             134               0
   45         -37.473     334.844           0.000       0.000              45               0
  237         114.000     226.999           0.000       0.000             237               0
   28         235.473    -107.156           0.000       0.000              28               0
