SINAL     NFT                         FFT                         NFT INVERSA     FFT INVERSA
-----     -----------------------     -----------------------     -----------     -----------
   28        1193.000       0.000           0.000       0.000              28               0
  220        -103.343       0.946           0.000       0.000             220               0
   53          -7.000      76.000           0.000       0.000              53               0
  254        -114.657    -131.054           0.000       0.000             254               0
  137        -519.000      -0.001           0.000       0.000             137               0
  170        -114.657     131.053           0.000       0.000             170               0
  119          -6.999     -76.000           0.000       0.000             119               0
  212        -103.341      -0.947           0.000       0.000             212               0
