SINAL     NFT                         FFT                         NFT INVERSA     FFT INVERSA
-----     -----------------------     -----------------------     -----------     -----------
   54        1281.000       0.000           0.000       0.000              54               0
  173        -164.648    -178.264           0.000       0.000             173               0
  240         -80.000       7.000           0.000       0.000             240               0
  201         -95.352     145.736           0.000       0.000             201               0
  184        -169.000      -0.001           0.000       0.000             184               0
  186         -95.351    -145.737           0.000       0.000             186               0
   78         -79.999      -7.000           0.000       0.000              78               0
  165        -164.647     178.262           0.000       0.000             165               0
