SINAL     NFT                         FFT                         NFT INVERSA     FFT INVERSA
-----     -----------------------     -----------------------     -----------     -----------
   62         979.000       0.000           0.000       0.000              62               0
   34        -155.101     168.056           0.000       0.000              34               0
  150         125.000     -26.000           0.000       0.000             150               0
   14        -174.901     440.055           0.000       0.000              14               0
  227         -73.000      -0.001           0.000       0.000             227               0
  242        -174.898    -440.057           0.000       0.000             242               0
   14         125.000      26.001           0.000       0.000              14               0
  236        -155.098    -168.057           0.000       0.000             236               0
