SINAL     NFT                         FFT                         NFT INVERSA     FFT INVERSA
-----     -----------------------     -----------------------     -----------     -----------
  153        1144.000       0.000           0.000       0.000             153               0
   17        -174.531       3.672           0.000       0.000              17               0
  230          31.000      41.000           0.000       0.000             230               0
  110          30.530     229.672           0.000       0.000             110               0
  225         306.000       0.000           0.000       0.000             225               0
  172          30.531    -229.673           0.000       0.000             172               0
  117          31.000     -41.000           0.000       0.000             117               0
  120        -174.529      -3.674           0.000       0.000             120               0
