SINAL     NFT                         FFT                         NFT INVERSA     FFT INVERSA
-----     -----------------------     -----------------------     -----------     -----------
   56        1041.000       0.000           0.000       0.000              56               0
  129           5.151    -147.217           0.000       0.000             129               0
  199        -250.000     199.000           0.000       0.000             199               0
  239          34.849     -35.217           0.000       0.000             239               0
   36        -173.000      -0.001           0.000       0.000              36               0
   75          34.849      35.217           0.000       0.000              75               0
  143        -249.999    -199.001           0.000       0.000             143               0
  164           5.152     147.217           0.000       0.000             164               0
