SINAL     NFT                         FFT                         NFT INVERSA     FFT INVERSA
-----     -----------------------     -----------------------     -----------     -----------
   77        1413.000       0.000           0.000       0.000              77               0
  150         -97.461      37.581           0.000       0.000             150               0
  224         -63.000      66.000           0.000       0.000             224               0
  131        -244.540     157.580           0.000       0.000             131               0
  248          13.000      -0.000           0.000       0.000             248               0
  167        -244.538    -157.582           0.000       0.000             167               0
  164         -62.999     -66.000           0.000       0.000             164               0
  252         -97.459     -37.581           0.000       0.000             252               0
