SINAL     NFT                         FFT                         NFT INVERSA     FFT INVERSA
-----     -----------------------     -----------------------     -----------     -----------
   50         977.000       0.000           0.000       0.000              50               0
  199         -90.338    -270.350           0.000       0.000             199               0
  216        -199.000    -154.000           0.000       0.000             216               0
  188          96.338       1.650           0.000       0.000             188               0
   47        -191.000      -0.000           0.000       0.000              47               0
  170          96.338      -1.649           0.000       0.000             170               0
   80        -199.000     153.999           0.000       0.000              80               0
   27         -90.338     270.349           0.000       0.000              27               0
