SINAL     NFT                         FFT                         NFT INVERSA     FFT INVERSA
-----     -----------------------     -----------------------     -----------     -----------
  223        1285.000       0.000           0.000       0.000             223               0
   72        -127.359      39.677           0.000       0.000              72               0
  141         164.000      51.000           0.000       0.000             141               0
  172          83.359      -4.323           0.000       0.000             172               0
  245         259.000       0.000           0.000       0.000             245               0
  159          83.359       4.322           0.000       0.000             159               0
  163         164.000     -51.000           0.000       0.000             163               0
  110        -127.357     -39.679           0.000       0.000             110               0
