SINAL     NFT                         FFT                         NFT INVERSA     FFT INVERSA
-----     -----------------------     -----------------------     -----------     -----------
  131        1047.000       0.000           0.000       0.000             131               0
  109         207.409     377.002           0.000       0.000             109               0
   87        -157.000     -52.000           0.000       0.000              87               0
   12           6.590     101.002           0.000       0.000              12               0
   24        -113.000      -0.001           0.000       0.000              24               0
  207           6.591    -101.003           0.000       0.000             207               0
  225        -156.999      51.999           0.000       0.000             225               0
  252         207.413    -377.002           0.000       0.000             252               0
