SINAL     NFT                         FFT                         NFT INVERSA     FFT INVERSA
-----     -----------------------     -----------------------     -----------     -----------
  234        1177.000       0.000           0.000       0.000             234               0
  160         161.397       3.887           0.000       0.000             160               0
   93         145.000      78.000           0.000       0.000              93               0
  157          42.603     -66.113           0.000       0.000             157               0
  132          -3.000      -0.001           0.000       0.000             132               0
   96          42.603      66.112           0.000       0.000              96               0
  128         145.001     -78.000           0.000       0.000             128               0
  177         161.399      -3.888           0.000       0.000             177               0
