SINAL     NFT                         FFT                         NFT INVERSA     FFT INVERSA
-----     -----------------------     -----------------------     -----------     -----------
  149        1055.000       0.000           0.000       0.000             149               0
   53        -136.475      84.397           0.000       0.000              53               0
  171        -139.000    -128.000           0.000       0.000             171               0
  135         276.475      34.397           0.000       0.000             135               0
   79         135.000      -0.000           0.000       0.000              79               0
  241         276.475     -34.396           0.000       0.000             241               0
  196        -139.001     127.999           0.000       0.000             196               0
   31        -136.473     -84.398           0.000       0.000              31               0
