SINAL     NFT                         FFT                         NFT INVERSA     FFT INVERSA
-----     -----------------------     -----------------------     -----------     -----------
   30        2140.000       0.000           0.000       0.000              30               0
   41         -61.095     220.825           0.000       0.000              41               0
  197          65.766    -130.825           0.000       0.000             197               0
  132        -417.001     370.161           0.000       0.000             132               0
  174        -129.001     246.999           0.000       0.000             174               0
   39        -229.818    -167.143           0.000       0.000              39               0
   27         132.233     265.176           0.000       0.000              27               0
  116        -184.089     339.519           0.000       0.000             116               0
  253         -14.000      -0.002           0.000       0.000             253               0
  131        -184.085    -339.523           0.000       0.000             131               0
  200         132.236    -265.174           0.000       0.000             200               0
  187        -229.820     167.140           0.000       0.000             187               0
   10        -128.997    -247.002           0.000       0.000              10               0
  204        -416.994    -370.164           0.000       0.000             204               0
  172          65.769     130.826           0.000       0.000             172               0
  227         -61.085    -220.825           0.000       0.000             227               0
