SINAL     NFT                         FFT                         NFT INVERSA     FFT INVERSA
-----     -----------------------     -----------------------     -----------     -----------
   31        1979.000       0.000           0.000       0.000              31               0
  216         -54.708     210.317           0.000       0.000             216               0
  135         380.452     -67.865           0.000       0.000             135               0
   91        -224.898     -67.432           0.000       0.000              91               0
   24        -309.001      15.999           0.000       0.000              24               0
   12        -148.157      -8.677           0.000       0.000              12               0
  141        -346.452    -183.867           0.000       0.000             141               0
  152        -188.237    -334.928           0.000       0.000             152               0
  185         299.000       0.003           0.000       0.000             185               0
  163        -188.242     334.927           0.000       0.000             163               0
  198        -346.454     183.862           0.000       0.000             198               0
   39        -148.156       8.674           0.000       0.000              39               0
  175        -308.998     -16.003           0.000       0.000             175               0
   21        -224.894      67.429           0.000       0.000              21               0
  250         380.456      67.867           0.000       0.000             250               0
  146         -54.699    -210.318           0.000       0.000             146               0
