SINAL     NFT                         FFT                         NFT INVERSA     FFT INVERSA
-----     -----------------------     -----------------------     -----------     -----------
  139        2415.000       0.000           0.000       0.000             139               0
   96         -51.906      21.508           0.000       0.000              96               0
  228           1.622     -41.361           0.000       0.000             228               0
   55         181.842    -144.343           0.000       0.000              55               0
  227         140.998     374.000           0.000       0.000             227               0
   72        -200.002     146.481           0.000       0.000              72               0
  191        -241.623     168.638           0.000       0.000             191               0
  175         -53.937     412.332           0.000       0.000             175               0
  170         255.000      -0.001           0.000       0.000             170               0
  101         -53.933    -412.336           0.000       0.000             101               0
  123        -241.621    -168.642           0.000       0.000             123               0
  243        -199.998    -146.485           0.000       0.000             243               0
  202         141.005    -373.999           0.000       0.000             202               0
   84         181.842     144.345           0.000       0.000              84               0
   55           1.625      41.360           0.000       0.000              55               0
  254         -51.898     -21.510           0.000       0.000             254               0
