SINAL     NFT                         FFT                         NFT INVERSA     FFT INVERSA
-----     -----------------------     -----------------------     -----------     -----------
  143        2242.000       0.000           0.000       0.000             143               0
  226         -68.450     373.061           0.000       0.000             226               0
  134          66.769    -230.670           0.000       0.000             134               0
  114        -256.667    -416.849           0.000       0.000             114               0
   42         116.001    -252.000           0.000       0.000              42               0
   70         178.040    -223.322           0.000       0.000              70               0
   34          -6.770     137.331           0.000       0.000              34               0
  212          35.077    -233.414           0.000       0.000             212               0
  171         -82.000      -0.000           0.000       0.000             171               0
  157          35.075     233.414           0.000       0.000             157               0
  199          -6.768    -137.331           0.000       0.000             199               0
  117         178.039     223.324           0.000       0.000             117               0
  242         115.998     252.000           0.000       0.000             242               0
  254        -256.670     416.844           0.000       0.000             254               0
  115          66.771     230.665           0.000       0.000             115               0
   12         -68.438    -373.065           0.000       0.000              12               0
