SINAL     NFT                         FFT                         NFT INVERSA     FFT INVERSA
-----     -----------------------     -----------------------     -----------     -----------
   85        2930.000       0.000           0.000       0.000              85               0
  246         -15.355      70.745           0.000       0.000             246               0
  226          72.079      36.092           0.000       0.000             226               0
  203        -170.542    -243.816           0.000       0.000             203               0
   24        -387.000    -155.001           0.000       0.000              24               0
  208         -60.672     111.280           0.000       0.000             208               0
  227         115.920       2.092           0.000       0.000             227               0
  188        -173.433    -106.161           0.000       0.000             188               0
  190        -332.000      -0.002           0.000       0.000             190               0
  186        -173.432     106.158           0.000       0.000             186               0
  187         115.921      -2.092           0.000       0.000             187               0
  167         -60.671    -111.280           0.000       0.000             167               0
  157        -387.000     154.997           0.000       0.000             157               0
  253        -170.540     243.813           0.000       0.000             253               0
  203          72.085     -36.093           0.000       0.000             203               0
  180         -15.344     -70.746           0.000       0.000             180               0
