SINAL     NFT                         FFT                         NFT INVERSA     FFT INVERSA
-----     -----------------------     -----------------------     -----------     -----------
   79        2598.000       0.000           0.000       0.000              79               0
  199        -295.934    -237.311           0.000       0.000             199               0
  163          70.483     226.790           0.000       0.000             163               0
   52          95.024    -115.558           0.000       0.000              52               0
  220        -113.001     -39.001           0.000       0.000             220               0
  219        -358.823    -170.648           0.000       0.000             219               0
  245        -284.483    -129.211           0.000       0.000             245               0
  248          71.734     -80.399           0.000       0.000             248               0
  201         296.000       0.002           0.000       0.000             201               0
  144          71.731      80.400           0.000       0.000             144               0
  138        -284.485     129.208           0.000       0.000             138               0
  146        -358.823     170.643           0.000       0.000             146               0
  167        -112.998      38.998           0.000       0.000             167               0
   33          95.026     115.557           0.000       0.000              33               0
  234          70.489    -226.791           0.000       0.000             234               0
  110        -295.929     237.307           0.000       0.000             110               0
