SINAL     NFT                         FFT                         NFT INVERSA     FFT INVERSA
-----     -----------------------     -----------------------     -----------     -----------
  209        2308.000       0.000           0.000       0.000             209               0
   33          95.441     -79.054           0.000       0.000              33               0
  165        -280.802      76.107           0.000       0.000             165               0
  235         119.040    -148.121           0.000       0.000             235               0
  139          31.999     322.000           0.000       0.000             139               0
  141         364.180     159.349           0.000       0.000             141               0
  195         236.800     184.108           0.000       0.000             195               0
  176          65.337     224.414           0.000       0.000             176               0
   48        -228.000      -0.004           0.000       0.000              48               0
   66          65.341    -224.418           0.000       0.000              66               0
  114         236.803    -184.108           0.000       0.000             114               0
  208         364.182    -159.348           0.000       0.000             208               0
  140          32.002    -322.000           0.000       0.000             140               0
  233         119.039     148.122           0.000       0.000             233               0
   30        -280.798     -76.112           0.000       0.000              30               0
  176          95.448      79.054           0.000       0.000             176               0
