SINAL     NFT                         FFT                         NFT INVERSA     FFT INVERSA
-----     -----------------------     -----------------------     -----------     -----------
  121        1984.000       0.000           0.000       0.000             121               0
  244        -114.010     -47.099           0.000       0.000             244               0
  138         218.031    -120.586           0.000       0.000             138               0
   53         101.905    -289.792           0.000       0.000              53               0
   60         -22.000    -334.000           0.000       0.000              60               0
  170          99.349     -41.056           0.000       0.000             170               0
   93        -226.032     123.413           0.000       0.000              93               0
  239         224.754       9.637           0.000       0.000             239               0
   43        -612.000      -0.004           0.000       0.000              43               0
  242         224.756      -9.636           0.000       0.000             242               0
  100        -226.030    -123.416           0.000       0.000             100               0
  109          99.351      41.058           0.000       0.000             109               0
  108         -22.001     334.000           0.000       0.000             108               0
  160         101.905     289.791           0.000       0.000             160               0
   23         218.033     120.585           0.000       0.000              23               0
   81        -114.005      47.095           0.000       0.000              81               0
