SINAL     NFT                         FFT                         NFT INVERSA     FFT INVERSA
-----     -----------------------     -----------------------     -----------     -----------
   75        1894.000       0.000           0.000       0.000              75               0
    6         -84.712     292.409           0.000       0.000               6               0
  152        -374.273     207.057           0.000       0.000             152               0
   16        -177.014      33.284           0.000       0.000              16               0
  125         163.000    -211.000           0.000       0.000             125               0
  254        -643.818     -32.766           0.000       0.000             254               0
   18         416.274      63.059           0.000       0.000              18               0
   28         225.544      30.361           0.000       0.000              28               0
  245         256.000       0.001           0.000       0.000             245               0
   64         225.544     -30.359           0.000       0.000              64               0
   40         416.271     -63.055           0.000       0.000              40               0
  228        -643.820      32.759           0.000       0.000             228               0
  174         162.999     211.000           0.000       0.000             174               0
  191        -177.014     -33.288           0.000       0.000             191               0
  246        -374.268    -207.062           0.000       0.000             246               0
   32         -84.702    -292.409           0.000       0.000              32               0
