SINAL     NFT                         FFT                         NFT INVERSA     FFT INVERSA
-----     -----------------------     -----------------------     -----------     -----------
  159        1948.000       0.000           0.000       0.000             159               0
   39         219.783      11.884           0.000       0.000              39               0
  213        -186.619    -212.364           0.000       0.000             213               0
  133         -19.688     219.439           0.000       0.000             133               0
  245          56.999     351.000           0.000       0.000             245               0
   58        -117.214    -153.238           0.000       0.000              58               0
   22         -83.382     199.635           0.000       0.000              22               0
   97         141.119      11.207           0.000       0.000              97               0
  103         574.000       0.002           0.000       0.000             103               0
   29         141.117     -11.209           0.000       0.000              29               0
  191         -83.381    -199.638           0.000       0.000             191               0
  147        -117.216     153.234           0.000       0.000             147               0
  152          57.004    -351.001           0.000       0.000             152               0
   42         -19.684    -219.439           0.000       0.000              42               0
  176        -186.617     212.362           0.000       0.000             176               0
  142         219.790     -11.884           0.000       0.000             142               0
