SINAL     NFT                         FFT                         NFT INVERSA     FFT INVERSA
-----     -----------------------     -----------------------     -----------     -----------
  250        2569.000       0.000           0.000       0.000             250               0
  206         326.614    -275.523           0.000       0.000             206               0
  236         310.156     125.066           0.000       0.000             236               0
  119         152.378      43.758           0.000       0.000             119               0
  213        -423.001     111.998           0.000       0.000             213               0
   70         320.349    -264.887           0.000       0.000              70               0
  250        -278.157      87.064           0.000       0.000             250               0
  240         120.658     103.831           0.000       0.000             240               0
   20         373.000       0.000           0.000       0.000              20               0
  107         120.657    -103.833           0.000       0.000             107               0
  228        -278.155     -87.069           0.000       0.000             228               0
   42         320.348     264.887           0.000       0.000              42               0
   41        -422.997    -112.006           0.000       0.000              41               0
  110         152.384     -43.759           0.000       0.000             110               0
  233         310.162    -125.065           0.000       0.000             233               0
  204         326.619     275.524           0.000       0.000             204               0
