SINAL     NFT                         FFT                         NFT INVERSA     FFT INVERSA
-----     -----------------------     -----------------------     -----------     -----------
  237        1996.000       0.000           0.000       0.000             237               0
  216         -66.718    -104.303           0.000       0.000             216               0
  159         225.276    -505.396           0.000       0.000             159               0
   99         213.123    -220.026           0.000       0.000              99               0
  175         192.999     185.000           0.000       0.000             175               0
   50         -37.624    -528.779           0.000       0.000              50               0
   38         110.724      48.605           0.000       0.000              38               0
  206         143.220      14.946           0.000       0.000             206               0
  174         234.000       0.001           0.000       0.000             174               0
   59         143.220     -14.945           0.000       0.000              59               0
  210         110.725     -48.604           0.000       0.000             210               0
  228         -37.628     528.776           0.000       0.000             228               0
   68         193.003    -185.000           0.000       0.000              68               0
   23         213.122     220.027           0.000       0.000              23               0
   54         225.273     505.394           0.000       0.000              54               0
    0         -66.713     104.296           0.000       0.000               0               0
