SINAL     NFT                         FFT                         NFT INVERSA     FFT INVERSA
-----     -----------------------     -----------------------     -----------     -----------
  103        1865.000       0.000           0.000       0.000             103               0
  107         -31.618    -549.386           0.000       0.000             107               0
  111         -47.434     228.485           0.000       0.000             111               0
  232         -79.009     195.146           0.000       0.000             232               0
  128        -265.000     -52.001           0.000       0.000             128               0
  249         -93.418     -98.595           0.000       0.000             249               0
  206         317.435    -211.514           0.000       0.000             206               0
   90         -55.954    -363.126           0.000       0.000              90               0
  168         293.000       0.003           0.000       0.000             168               0
   35         -55.958     363.126           0.000       0.000              35               0
  115         317.432     211.516           0.000       0.000             115               0
   13         -93.420      98.592           0.000       0.000              13               0
    8        -265.000      51.996           0.000       0.000               8               0
   28         -79.005    -195.149           0.000       0.000              28               0
  240         -47.429    -228.485           0.000       0.000             240               0
   32         -31.617     549.385           0.000       0.000              32               0
