SINAL     NFT                         FFT                         NFT INVERSA     FFT INVERSA
-----     -----------------------     -----------------------     -----------     -----------
  182        1904.000       0.000           0.000       0.000             182               0
  204         -51.592    -300.615           0.000       0.000             204               0
   35          43.251      28.469           0.000       0.000              35               0
  209         198.052    -183.807           0.000       0.000             209               0
   47         151.000    -199.000           0.000       0.000              47               0
  233         171.494     161.773           0.000       0.000             233               0
  176          92.749    -233.531           0.000       0.000             176               0
  126          -5.953    -451.034           0.000       0.000             126               0
  104        -190.000      -0.000           0.000       0.000             104               0
  135          -5.957     451.034           0.000       0.000             135               0
   76          92.748     233.529           0.000       0.000              76               0
   48         171.497    -161.773           0.000       0.000              48               0
  171         150.999     199.000           0.000       0.000             171               0
   51         198.051     183.807           0.000       0.000              51               0
   66          43.253     -28.471           0.000       0.000              66               0
   41         -51.589     300.611           0.000       0.000              41               0
