SINAL     NFT                         FFT                         NFT INVERSA     FFT INVERSA
-----     -----------------------     -----------------------     -----------     -----------
  180        1535.000       0.000           0.000       0.000             180               0
   56          21.776     139.584           0.000       0.000              56               0
    1        -111.569     356.350           0.000       0.000               1               0
   11         234.633     -16.615           0.000       0.000              11               0
  186         -47.000     -44.001           0.000       0.000             186               0
   11         424.034    -275.325           0.000       0.000              11               0
  248           1.568     -87.650           0.000       0.000             248               0
   75        -132.444     256.872           0.000       0.000              75               0
   43         563.000       0.001           0.000       0.000              43               0
    9        -132.442    -256.875           0.000       0.000               9               0
  162           1.569      87.649           0.000       0.000             162               0
   72         424.031     275.327           0.000       0.000              72               0
   92         -47.000      43.997           0.000       0.000              92               0
  189         234.633      16.614           0.000       0.000             189               0
  137        -111.564    -356.353           0.000       0.000             137               0
   63          21.783    -139.584           0.000       0.000              63               0
