SINAL     NFT                         FFT                         NFT INVERSA     FFT INVERSA
-----     -----------------------     -----------------------     -----------     -----------
   27        1919.000       0.000           0.000       0.000              27               0
  178        -106.477      12.380           0.000       0.000             178               0
  194         229.725    -255.362           0.000       0.000             194               0
  155        -205.234    -138.268           0.000       0.000             155               0
   42        -419.001     117.999           0.000       0.000              42               0
    3         126.262      68.963           0.000       0.000               3               0
  148        -471.725     -95.365           0.000       0.000             148               0
  216          61.449    -268.389           0.000       0.000             216               0
   58          83.000       0.001           0.000       0.000              58               0
  208          61.445     268.390           0.000       0.000             208               0
  201        -471.725      95.359           0.000       0.000             201               0
   42         126.264     -68.962           0.000       0.000              42               0
  164        -418.998    -118.003           0.000       0.000             164               0
   11        -205.231     138.267           0.000       0.000              11               0
  167         229.726     255.364           0.000       0.000             167               0
  105        -106.471     -12.383           0.000       0.000             105               0
