SINAL     NFT                         FFT                         NFT INVERSA     FFT INVERSA
-----     -----------------------     -----------------------     -----------     -----------
  246        2188.000       0.000           0.000       0.000             246               0
  156         207.309     328.031           0.000       0.000             156               0
  183          67.904    -113.527           0.000       0.000             183               0
  115         -25.723    -319.843           0.000       0.000             115               0
   20        -105.999    -252.001           0.000       0.000              20               0
   29         398.985     134.484           0.000       0.000              29               0
  208         246.095      48.473           0.000       0.000             208               0
   27        -204.572     -21.645           0.000       0.000              27               0
  152         580.000       0.002           0.000       0.000             152               0
   88        -204.572      21.640           0.000       0.000              88               0
  230         246.097     -48.473           0.000       0.000             230               0
   66         398.986    -134.481           0.000       0.000              66               0
  221        -106.002     251.998           0.000       0.000             221               0
  255         -25.724     319.840           0.000       0.000             255               0
  124          67.907     113.523           0.000       0.000             124               0
   68         207.320    -328.032           0.000       0.000              68               0
