SINAL     NFT                         FFT                         NFT INVERSA     FFT INVERSA
-----     -----------------------     -----------------------     -----------     -----------
   19        1795.000       0.000           0.000       0.000              19               0
   72        -371.215     141.071           0.000       0.000              72               0
  135         -51.511      88.707           0.000       0.000             135               0
   43         138.357    -309.305           0.000       0.000              43               0
   25        -370.001     114.999           0.000       0.000              25               0
  106         -25.279     133.229           0.000       0.000             106               0
  231        -208.488     -87.294           0.000       0.000             231               0
  215         190.137      43.606           0.000       0.000             215               0
   36         -95.000      -0.001           0.000       0.000              36               0
  163         190.136     -43.604           0.000       0.000             163               0
  126        -208.490      87.291           0.000       0.000             126               0
  194         -25.278    -133.230           0.000       0.000             194               0
  160        -369.998    -115.002           0.000       0.000             160               0
   74         138.356     309.306           0.000       0.000              74               0
  118         -51.509     -88.709           0.000       0.000             118               0
   78        -371.208    -141.075           0.000       0.000              78               0
