SINAL     NFT                         FFT                         NFT INVERSA     FFT INVERSA
-----     -----------------------     -----------------------     -----------     -----------
   11        1538.000       0.000           0.000       0.000              11               0
   72        -322.685     141.834           0.000       0.000              72               0
   12           3.341     295.045           0.000       0.000              12               0
    5         -11.223      -5.060           0.000       0.000               5               0
  122          17.000      29.000           0.000       0.000             122               0
   99        -191.339     -76.406           0.000       0.000              99               0
  142        -323.341    -106.956           0.000       0.000             142               0
  159         -46.752    -253.511           0.000       0.000             159               0
  154         388.000       0.003           0.000       0.000             154               0
   89         -46.756     253.511           0.000       0.000              89               0
  124        -323.343     106.952           0.000       0.000             124               0
   55        -191.338      76.403           0.000       0.000              55               0
  203          17.001     -29.001           0.000       0.000             203               0
   13         -11.222       5.059           0.000       0.000              13               0
  195           3.346    -295.046           0.000       0.000             195               0
   83        -322.679    -141.837           0.000       0.000              83               0
