SINAL     NFT                         FFT                         NFT INVERSA     FFT INVERSA
-----     -----------------------     -----------------------     -----------     -----------
  207        1684.000       0.000           0.000       0.000             207               0
   16         -79.443    -136.371           0.000       0.000              16               0
   86         295.171     461.713           0.000       0.000              86               0
   43         154.394     -44.934           0.000       0.000              43               0
   38         132.000     -46.000           0.000       0.000              38               0
  179          62.222     392.620           0.000       0.000             179               0
  240         300.827     157.713           0.000       0.000             240               0
   90        -145.175     133.180           0.000       0.000              90               0
  209         188.000      -0.001           0.000       0.000             209               0
   72        -145.173    -133.185           0.000       0.000              72               0
   39         300.830    -157.713           0.000       0.000              39               0
   24          62.227    -392.621           0.000       0.000              24               0
   80         132.001      46.000           0.000       0.000              80               0
  130         154.395      44.933           0.000       0.000             130               0
   37         295.177    -461.711           0.000       0.000              37               0
  194         -79.440     136.370           0.000       0.000             194               0
