SINAL     NFT                         FFT                         NFT INVERSA     FFT INVERSA
-----     -----------------------     -----------------------     -----------     -----------
   34        1981.000       0.000           0.000       0.000              34               0
    8        -210.849    -182.365           0.000       0.000               8               0
  115        -117.930     219.647           0.000       0.000             115               0
  183        -450.612     176.605           0.000       0.000             183               0
  208         299.000     -11.999           0.000       0.000             208               0
  132         117.581     329.508           0.000       0.000             132               0
  129        -132.072     187.646           0.000       0.000             129               0
  144        -156.123     162.535           0.000       0.000             144               0
  209        -135.000      -0.002           0.000       0.000             209               0
  190        -156.120    -162.539           0.000       0.000             190               0
   33        -132.069    -187.649           0.000       0.000              33               0
    4         117.586    -329.507           0.000       0.000               4               0
  160         298.999      12.003           0.000       0.000             160               0
  205        -450.610    -176.610           0.000       0.000             205               0
   35        -117.924    -219.647           0.000       0.000              35               0
  192        -210.844     182.364           0.000       0.000             192               0
