SINAL     NFT                         FFT                         NFT INVERSA     FFT INVERSA
-----     -----------------------     -----------------------     -----------     -----------
   83        2225.000       0.000           0.000       0.000              83               0
  157        -177.340      21.610           0.000       0.000             157               0
  145        -147.517    -112.937           0.000       0.000             145               0
  228        -248.590    -436.763           0.000       0.000             228               0
  102        -149.000     235.999           0.000       0.000             102               0
   16         166.097    -316.253           0.000       0.000              16               0
  222         313.517    -152.935           0.000       0.000             222               0
  184        -284.166      82.118           0.000       0.000             184               0
  219         157.000       0.001           0.000       0.000             219               0
    8        -284.164     -82.121           0.000       0.000               8               0
  180         313.517     152.939           0.000       0.000             180               0
  218         166.092     316.253           0.000       0.000             218               0
  117        -148.999    -236.002           0.000       0.000             117               0
  218        -248.593     436.760           0.000       0.000             218               0
  123        -147.515     112.932           0.000       0.000             123               0
    5        -177.332     -21.614           0.000       0.000               5               0
