SINAL     NFT                         FFT                         NFT INVERSA     FFT INVERSA
-----     -----------------------     -----------------------     -----------     -----------
  199        1994.000       0.000           0.000       0.000             199               0
   89         109.520    -505.040           0.000       0.000              89               0
  197         -62.363      55.142           0.000       0.000             197               0
  215         -53.445      92.988           0.000       0.000             215               0
  144        -126.000    -146.001           0.000       0.000             144               0
  240         120.041      26.050           0.000       0.000             240               0
  147         288.363     -26.857           0.000       0.000             147               0
  131         355.884     -27.978           0.000       0.000             131               0
   66         -74.000      -0.001           0.000       0.000              66               0
  139         355.884      27.980           0.000       0.000             139               0
   54         288.362      26.859           0.000       0.000              54               0
   64         120.040     -26.050           0.000       0.000              64               0
    8        -126.001     145.997           0.000       0.000               8               0
  122         -53.443     -92.991           0.000       0.000             122               0
  145         -62.359     -55.143           0.000       0.000             145               0
   34         109.522     505.039           0.000       0.000              34               0
