SINAL     NFT                         FFT                         NFT INVERSA     FFT INVERSA
-----     -----------------------     -----------------------     -----------     -----------
  114        2032.000       0.000           0.000       0.000             114               0
  167         203.977    -284.531           0.000       0.000             167               0
  225         -39.826      29.553           0.000       0.000             225               0
  158        -365.465     -72.463           0.000       0.000             158               0
  210        -214.999    -245.001           0.000       0.000             210               0
   37         301.961     -88.446           0.000       0.000              37               0
  200        -174.175    -138.448           0.000       0.000             200               0
  129         111.526     291.483           0.000       0.000             129               0
   51         146.000      -0.000           0.000       0.000              51               0
  173         111.529    -291.483           0.000       0.000             173               0
   59        -174.176     138.446           0.000       0.000              59               0
   12         301.960      88.449           0.000       0.000              12               0
   62        -215.002     244.997           0.000       0.000              62               0
  217        -365.464      72.457           0.000       0.000             217               0
  168         -39.820     -29.554           0.000       0.000             168               0
   50         203.982     284.531           0.000       0.000              50               0
