SINAL     NFT                         FFT                         NFT INVERSA     FFT INVERSA
-----     -----------------------     -----------------------     -----------     -----------
  162        1623.000       0.000           0.000       0.000             162               0
   35         -88.048      12.755           0.000       0.000              35               0
  142         248.204     -85.962           0.000       0.000             142               0
  148        -242.952    -122.380           0.000       0.000             148               0
   44         189.999     353.000           0.000       0.000              44               0
   40        -112.151      51.335           0.000       0.000              40               0
   41         147.796      -5.962           0.000       0.000              41               0
  184         191.151    -217.529           0.000       0.000             184               0
  225         301.000       0.001           0.000       0.000             225               0
   76         191.148     217.530           0.000       0.000              76               0
   71         147.795       5.961           0.000       0.000              71               0
  104        -112.151     -51.339           0.000       0.000             104               0
  145         190.003    -352.999           0.000       0.000             145               0
    3        -242.952     122.378           0.000       0.000               3               0
  132         248.206      85.963           0.000       0.000             132               0
   71         -88.043     -12.757           0.000       0.000              71               0
