SINAL     NFT                         FFT                         NFT INVERSA     FFT INVERSA
-----     -----------------------     -----------------------     -----------     -----------
   12        2005.000       0.000           0.000       0.000              12               0
  210        -132.054      34.584           0.000       0.000             210               0
   91         114.022     120.244           0.000       0.000              91               0
  122          13.693    -187.953           0.000       0.000             122               0
   36        -396.000     -33.001           0.000       0.000              36               0
   84          45.117     146.197           0.000       0.000              84               0
  255        -388.021    -449.757           0.000       0.000             255               0
  193          69.243       8.735           0.000       0.000             193               0
   13        -465.000      -0.002           0.000       0.000              13               0
  254          69.243      -8.732           0.000       0.000             254               0
   58        -388.025     449.753           0.000       0.000              58               0
  148          45.120    -146.197           0.000       0.000             148               0
  126        -395.999      32.997           0.000       0.000             126               0
   86          13.695     187.952           0.000       0.000              86               0
  179         114.027    -120.244           0.000       0.000             179               0
  138        -132.048     -34.586           0.000       0.000             138               0
