SINAL     NFT                         FFT                         NFT INVERSA     FFT INVERSA
-----     -----------------------     -----------------------     -----------     -----------
   22        1916.000       0.000           0.000       0.000              22               0
  176         -36.204     357.271           0.000       0.000             176               0
   12         279.992     433.087           0.000       0.000              12               0
   30        -274.844     -10.328           0.000       0.000              30               0
   55           7.000    -105.000           0.000       0.000              55               0
   69        -195.993     -29.246           0.000       0.000              69               0
  119        -255.993    -196.914           0.000       0.000             119               0
  173        -148.962      -5.649           0.000       0.000             173               0
  186        -314.000      -0.001           0.000       0.000             186               0
  182        -148.961       5.648           0.000       0.000             182               0
   29        -255.994     196.911           0.000       0.000              29               0
   86        -195.991      29.243           0.000       0.000              86               0
  141           7.001     104.999           0.000       0.000             141               0
  183        -274.841      10.322           0.000       0.000             183               0
  237         280.001    -433.085           0.000       0.000             237               0
  216         -36.194    -357.269           0.000       0.000             216               0
