SINAL     NFT                         FFT                         NFT INVERSA     FFT INVERSA
-----     -----------------------     -----------------------     -----------     -----------
   25        1942.000       0.000           0.000       0.000              25               0
  213        -131.947      97.239           0.000       0.000             213               0
   53         -82.551    -284.550           0.000       0.000              53               0
  128         -33.176      87.119           0.000       0.000             128               0
  229          66.999      61.000           0.000       0.000             229               0
   20          37.075    -249.482           0.000       0.000              20               0
   56        -669.448    -282.552           0.000       0.000              56               0
  192         116.048    -123.360           0.000       0.000             192               0
   28        -148.000       0.000           0.000       0.000              28               0
  237         116.046     123.363           0.000       0.000             237               0
  155        -669.451     282.546           0.000       0.000             155               0
  145          37.075     249.481           0.000       0.000             145               0
  200          67.002     -61.001           0.000       0.000             200               0
   22         -33.173     -87.119           0.000       0.000              22               0
  151         -82.551     284.548           0.000       0.000             151               0
   88        -131.939     -97.242           0.000       0.000              88               0
