SINAL     NFT                         FFT                         NFT INVERSA     FFT INVERSA
-----     -----------------------     -----------------------     -----------     -----------
   92        2062.000       0.000           0.000       0.000              92               0
   78        -296.362     163.022           0.000       0.000              78               0
  116          52.754      35.837           0.000       0.000             116               0
  131         200.270    -252.431           0.000       0.000             131               0
    2        -363.002     496.999           0.000       0.000               2               0
  100        -150.966    -113.712           0.000       0.000             100               0
  221         201.247     -88.163           0.000       0.000             221               0
  211         -72.941    -230.257           0.000       0.000             211               0
  172         268.000       0.002           0.000       0.000             172               0
    5         -72.944     230.256           0.000       0.000               5               0
  235         201.245      88.163           0.000       0.000             235               0
  253        -150.968     113.707           0.000       0.000             253               0
  135        -362.995    -497.004           0.000       0.000             135               0
   17         200.271     252.433           0.000       0.000              17               0
  192          52.756     -35.838           0.000       0.000             192               0
  102        -296.354    -163.026           0.000       0.000             102               0
