SINAL     NFT                         FFT                         NFT INVERSA     FFT INVERSA
-----     -----------------------     -----------------------     -----------     -----------
  243        1948.000       0.000           0.000       0.000             243               0
  113          75.983       7.880           0.000       0.000             113               0
   94          -7.837     -47.514           0.000       0.000              94               0
  102        -105.995     133.326           0.000       0.000             102               0
  197         447.001    -452.999           0.000       0.000             197               0
  118         133.986     215.913           0.000       0.000             118               0
  101         -60.162    -273.514           0.000       0.000             101               0
    2         232.025     -77.533           0.000       0.000               2               0
  159         510.000       0.002           0.000       0.000             159               0
  246         232.023      77.535           0.000       0.000             246               0
   45         -60.165     273.511           0.000       0.000              45               0
   12         133.990    -215.913           0.000       0.000              12               0
  239         446.996     453.002           0.000       0.000             239               0
  109        -105.993    -133.331           0.000       0.000             109               0
  151          -7.835      47.511           0.000       0.000             151               0
   17          75.989      -7.882           0.000       0.000              17               0
