SINAL     NFT                         FFT                         NFT INVERSA     FFT INVERSA
-----     -----------------------     -----------------------     -----------     -----------
  188        2079.000       0.000           0.000       0.000             188               0
    7          59.415     -11.165           0.000       0.000               7               0
  238         -60.948    -221.806           0.000       0.000             238               0
  230         186.335     -42.934           0.000       0.000             230               0
   10        -207.001     421.999           0.000       0.000              10               0
  130         -24.420     544.192           0.000       0.000             130               0
  190         286.949     -97.807           0.000       0.000             190               0
   68         198.667      23.962           0.000       0.000              68               0
   83          51.000      -0.001           0.000       0.000              83               0
  136         198.668     -23.963           0.000       0.000             136               0
  111         286.947      97.805           0.000       0.000             111               0
  247         -24.415    -544.195           0.000       0.000             247               0
  148        -206.996    -422.002           0.000       0.000             148               0
   23         186.336      42.936           0.000       0.000              23               0
   97         -60.948     221.805           0.000       0.000              97               0
  173          59.422      11.163           0.000       0.000             173               0
