SINAL     NFT                         FFT                         NFT INVERSA     FFT INVERSA
-----     -----------------------     -----------------------     -----------     -----------
  159        1933.000       0.000           0.000       0.000             159               0
  192          10.697     166.582           0.000       0.000             192               0
  143         322.785      50.945           0.000       0.000             143               0
   26          40.884    -288.262           0.000       0.000              26               0
   36        -342.000     -97.001           0.000       0.000              36               0
   30         230.864    -321.842           0.000       0.000              30               0
  185          27.214     156.945           0.000       0.000             185               0
  191        -126.444       5.001           0.000       0.000             191               0
  120         283.000       0.001           0.000       0.000             120               0
   54        -126.444      -5.003           0.000       0.000              54               0
  246          27.216    -156.945           0.000       0.000             246               0
   67         230.861     321.844           0.000       0.000              67               0
   68        -342.000      96.996           0.000       0.000              68               0
  185          40.884     288.260           0.000       0.000             185               0
  151         322.789     -50.945           0.000       0.000             151               0
   80          10.704    -166.585           0.000       0.000              80               0
