SINAL     NFT                         FFT                         NFT INVERSA     FFT INVERSA
-----     -----------------------     -----------------------     -----------     -----------
  149        1938.000       0.000           0.000       0.000             149               0
  114        -348.590     389.329           0.000       0.000             114               0
   15          96.752     142.845           0.000       0.000              15               0
    7         345.705    -237.508           0.000       0.000               7               0
   26        -206.001      75.999           0.000       0.000              26               0
   99          31.056    -222.435           0.000       0.000              99               0
  197         -92.751    -253.155           0.000       0.000             197               0
  223         255.832    -287.596           0.000       0.000             223               0
   78         282.000       0.002           0.000       0.000              78               0
  127         255.828     287.599           0.000       0.000             127               0
  215         -92.755     253.153           0.000       0.000             215               0
  205          31.053     222.432           0.000       0.000             205               0
  199        -205.998     -76.003           0.000       0.000             199               0
   36         345.704     237.509           0.000       0.000              36               0
  231          96.754    -142.848           0.000       0.000             231               0
   17        -348.581    -389.333           0.000       0.000              17               0
