SINAL     NFT                         FFT                         NFT INVERSA     FFT INVERSA
-----     -----------------------     -----------------------     -----------     -----------
   37        2271.000       0.000           0.000       0.000              37               0
  217         -41.878     -95.284           0.000       0.000             217               0
  193         151.596    -218.334           0.000       0.000             193               0
  177        -210.568    -105.078           0.000       0.000             177               0
  102         129.999     -44.999           0.000       0.000             102               0
  132        -104.364     332.551           0.000       0.000             132               0
   98        -265.598     171.664           0.000       0.000              98               0
  151        -287.195      -9.656           0.000       0.000             151               0
  198        -423.000      -0.003           0.000       0.000             198               0
  213        -287.193       9.652           0.000       0.000             213               0
  103        -265.594    -171.668           0.000       0.000             103               0
   83        -104.357    -332.552           0.000       0.000              83               0
  190         130.002      45.002           0.000       0.000             190               0
  134        -210.566     105.077           0.000       0.000             134               0
    3         151.598     218.336           0.000       0.000               3               0
  240         -41.871      95.282           0.000       0.000             240               0
