SINAL     NFT                         FFT                         NFT INVERSA     FFT INVERSA
-----     -----------------------     -----------------------     -----------     -----------
  140        2439.000       0.000           0.000       0.000             140               0
  242         145.140    -115.463           0.000       0.000             242               0
  203         306.597    -153.012           0.000       0.000             203               0
  176        -103.312     222.394           0.000       0.000             176               0
   70        -343.000    -280.001           0.000       0.000              70               0
  203        -112.027     -84.969           0.000       0.000             203               0
  114         227.401      70.988           0.000       0.000             114               0
   83        -173.802    -158.827           0.000       0.000              83               0
  201         -93.000      -0.001           0.000       0.000             201               0
  173        -173.802     158.824           0.000       0.000             173               0
  232         227.403     -70.987           0.000       0.000             232               0
   71        -112.028      84.967           0.000       0.000              71               0
    4        -343.000     279.996           0.000       0.000               4               0
  155        -103.304    -222.397           0.000       0.000             155               0
  209         306.601     153.014           0.000       0.000             209               0
  163         145.146     115.462           0.000       0.000             163               0
