SINAL     NFT                         FFT                         NFT INVERSA     FFT INVERSA
-----     -----------------------     -----------------------     -----------     -----------
  229        2136.000       0.000           0.000       0.000             229               0
  171         339.379    -111.411           0.000       0.000             171               0
  145         190.246     130.536           0.000       0.000             145               0
  101         226.257      44.588           0.000       0.000             101               0
  165           6.999     142.999           0.000       0.000             165               0
   96         -81.756     -22.176           0.000       0.000              96               0
  191          41.754    -123.465           0.000       0.000             191               0
   78         -95.882     161.825           0.000       0.000              78               0
  132         274.000      -0.000           0.000       0.000             132               0
   51         -95.881    -161.828           0.000       0.000              51               0
   91          41.753     123.463           0.000       0.000              91               0
  140         -81.754      22.172           0.000       0.000             140               0
   80           7.003    -143.002           0.000       0.000              80               0
   76         226.261     -44.588           0.000       0.000              76               0
  172         190.251    -130.535           0.000       0.000             172               0
  218         339.384     111.413           0.000       0.000             218               0
