SINAL     NFT                         FFT                         NFT INVERSA     FFT INVERSA
-----     -----------------------     -----------------------     -----------     -----------
    5        1502.000       0.000           0.000       0.000               5               0
   33         -82.366    -269.127           0.000       0.000              33               0
  255        -257.321    -354.576           0.000       0.000             255               0
  251        -263.368    -248.630           0.000       0.000             251               0
   92        -306.001     571.999           0.000       0.000              92               0
   22         -65.391     -50.214           0.000       0.000              22               0
   93          45.322     -38.576           0.000       0.000              93               0
  196         223.126      13.291           0.000       0.000             196               0
   52         -10.000      -0.000           0.000       0.000              52               0
   29         223.125     -13.288           0.000       0.000              29               0
   87          45.320      38.576           0.000       0.000              87               0
  204         -65.393      50.212           0.000       0.000             204               0
   71        -305.996    -572.002           0.000       0.000              71               0
    8        -263.369     248.630           0.000       0.000               8               0
   91        -257.322     354.574           0.000       0.000              91               0
   13         -82.363     269.124           0.000       0.000              13               0
