SINAL     NFT                         FFT                         NFT INVERSA     FFT INVERSA
-----     -----------------------     -----------------------     -----------     -----------
  123        2102.000       0.000           0.000       0.000             123               0
  176        -101.597     -86.456           0.000       0.000             176               0
   70         158.684     374.454           0.000       0.000              70               0
   11          82.010      -7.559           0.000       0.000              11               0
  160          55.000    -281.000           0.000       0.000             160               0
  218         -88.922    -156.304           0.000       0.000             218               0
  142        -156.685      14.454           0.000       0.000             142               0
  227         196.507     152.799           0.000       0.000             227               0
  101        -424.000      -0.003           0.000       0.000             101               0
  197         196.510    -152.798           0.000       0.000             197               0
   36        -156.684     -14.455           0.000       0.000              36               0
  110         -88.922     156.302           0.000       0.000             110               0
   63          55.000     280.999           0.000       0.000              63               0
  181          82.012       7.556           0.000       0.000             181               0
  144         158.691    -374.454           0.000       0.000             144               0
  143        -101.591      86.455           0.000       0.000             143               0
