SINAL     NFT                         FFT                         NFT INVERSA     FFT INVERSA
-----     -----------------------     -----------------------     -----------     -----------
  223        2160.000       0.000           0.000       0.000             223               0
   14         -24.809     -56.678           0.000       0.000              14               0
  185         -63.708     202.045           0.000       0.000             185               0
   15         107.338     211.669           0.000       0.000              15               0
  236          53.000     -91.001           0.000       0.000             236               0
  208        -182.348     -43.788           0.000       0.000             208               0
  105         -62.292     -13.956           0.000       0.000             105               0
  166         707.818     147.868           0.000       0.000             166               0
   71         338.000       0.000           0.000       0.000              71               0
  203         707.817    -147.863           0.000       0.000             203               0
   60         -62.295      13.953           0.000       0.000              60               0
  157        -182.349      43.783           0.000       0.000             157               0
  121          53.000      90.998           0.000       0.000             121               0
   76         107.342    -211.671           0.000       0.000              76               0
  248         -63.703    -202.047           0.000       0.000             248               0
   72         -24.803      56.677           0.000       0.000              72               0
