SINAL     NFT                         FFT                         NFT INVERSA     FFT INVERSA
-----     -----------------------     -----------------------     -----------     -----------
  137        1746.000       0.000           0.000       0.000             137               0
   44           6.097      23.902           0.000       0.000              44               0
   71          -9.125    -172.255           0.000       0.000              71               0
  176         -92.141     398.783           0.000       0.000             176               0
  188         258.000     136.000           0.000       0.000             188               0
   71          77.437       4.290           0.000       0.000              71               0
   32         135.124      81.745           0.000       0.000              32               0
   40        -159.395     121.407           0.000       0.000              40               0
  179          14.000      -0.001           0.000       0.000             179               0
  129        -159.393    -121.412           0.000       0.000             129               0
  148         135.126     -81.745           0.000       0.000             148               0
  116          77.438      -4.292           0.000       0.000             116               0
   65         258.001    -136.000           0.000       0.000              65               0
  121         -92.136    -398.784           0.000       0.000             121               0
   60          -9.124     172.255           0.000       0.000              60               0
  169           6.103     -23.903           0.000       0.000             169               0
