SINAL     NFT                         FFT                         NFT INVERSA     FFT INVERSA
-----     -----------------------     -----------------------     -----------     -----------
  155        2006.000       0.000           0.000       0.000             155               0
    1         -61.852     240.367           0.000       0.000               1               0
   12        -384.781     410.802           0.000       0.000              12               0
  108         336.440     -65.649           0.000       0.000             108               0
  133          70.999     277.000           0.000       0.000             133               0
  142          49.248     141.764           0.000       0.000             142               0
  253         108.781    -231.198           0.000       0.000             253               0
   87          -7.837      35.781           0.000       0.000              87               0
   76         252.000       0.000           0.000       0.000              76               0
   30          -7.837     -35.783           0.000       0.000              30               0
   92         108.779     231.196           0.000       0.000              92               0
  236          49.250    -141.767           0.000       0.000             236               0
  236          71.003    -277.001           0.000       0.000             236               0
  127         336.439      65.650           0.000       0.000             127               0
  172        -384.775    -410.808           0.000       0.000             172               0
  146         -61.843    -240.367           0.000       0.000             146               0
