SINAL     NFT                         FFT                         NFT INVERSA     FFT INVERSA
-----     -----------------------     -----------------------     -----------     -----------
   50        1610.000       0.000           0.000       0.000              50               0
   82          64.760    -114.951           0.000       0.000              82               0
  241         221.258    -359.856           0.000       0.000             241               0
  197         -94.422      10.805           0.000       0.000             197               0
   24        -327.002     516.999           0.000       0.000              24               0
   11        -110.758     215.463           0.000       0.000              11               0
   90          -9.259      50.143           0.000       0.000              90               0
  141           4.417     169.707           0.000       0.000             141               0
   84        -308.000      -0.003           0.000       0.000              84               0
  124           4.420    -169.709           0.000       0.000             124               0
  106          -9.258     -50.145           0.000       0.000             106               0
  186        -110.755    -215.466           0.000       0.000             186               0
    4        -326.995    -517.002           0.000       0.000               4               0
    4         -94.418     -10.803           0.000       0.000               4               0
   52         221.258     359.859           0.000       0.000              52               0
  214          64.764     114.950           0.000       0.000             214               0
