SINAL     NFT                         FFT                         NFT INVERSA     FFT INVERSA
-----     -----------------------     -----------------------     -----------     -----------
  227        1992.000       0.000           0.000       0.000             227               0
   13         -63.473     -45.294           0.000       0.000              13               0
   13        -114.462     255.714           0.000       0.000              13               0
  224        -228.937     163.351           0.000       0.000             224               0
  148         355.000      83.000           0.000       0.000             148               0
  200         146.789    -319.733           0.000       0.000             200               0
   16         554.461      25.716           0.000       0.000              16               0
  201         289.622    -136.379           0.000       0.000             201               0
  191        -238.000      -0.002           0.000       0.000             191               0
   77         289.622     136.380           0.000       0.000              77               0
   60         554.462     -25.712           0.000       0.000              60               0
  144         146.784     319.732           0.000       0.000             144               0
   50         354.999     -83.000           0.000       0.000              50               0
  226        -228.936    -163.357           0.000       0.000             226               0
  172        -114.457    -255.717           0.000       0.000             172               0
   30         -63.467      45.292           0.000       0.000              30               0
