SINAL     NFT                         FFT                         NFT INVERSA     FFT INVERSA
-----     -----------------------     -----------------------     -----------     -----------
  235        1528.000       0.000           0.000       0.000             235               0
   61         132.538      -1.295           0.000       0.000              61               0
   44         384.211     110.352           0.000       0.000              44               0
  104         143.001     191.408           0.000       0.000             104               0
   60         254.999     101.000           0.000       0.000              60               0
   63         117.666     398.302           0.000       0.000              63               0
  133           3.789    -179.650           0.000       0.000             133               0
   49          34.793       9.598           0.000       0.000              49               0
  128          90.000      -0.001           0.000       0.000             128               0
  173          34.793      -9.601           0.000       0.000             173               0
   22           3.788     179.646           0.000       0.000              22               0
   46         117.672    -398.304           0.000       0.000              46               0
  109         255.002    -101.000           0.000       0.000             109               0
   12         143.005    -191.409           0.000       0.000              12               0
   78         384.215    -110.349           0.000       0.000              78               0
  211         132.542       1.295           0.000       0.000             211               0
