SINAL     NFT                         FFT                         NFT INVERSA     FFT INVERSA
-----     -----------------------     -----------------------     -----------     -----------
   75        2090.000       0.000           0.000       0.000              75               0
  157        -437.794     578.997           0.000       0.000             157               0
    8        -160.790    -158.710           0.000       0.000               8               0
    9         202.396    -170.946           0.000       0.000               9               0
  118          61.001    -331.000           0.000       0.000             118               0
   33         157.591       7.557           0.000       0.000              33               0
  238         -63.209    -320.709           0.000       0.000             238               0
   23        -274.195     301.499           0.000       0.000              23               0
  163         140.000       0.000           0.000       0.000             163               0
  237        -274.192    -301.501           0.000       0.000             237               0
  215         -63.211     320.709           0.000       0.000             215               0
  254         157.593      -7.556           0.000       0.000             254               0
  232          60.998     331.000           0.000       0.000             232               0
  226         202.394     170.946           0.000       0.000             226               0
   66        -160.791     158.705           0.000       0.000              66               0
   36        -437.781    -579.003           0.000       0.000              36               0
