SINAL     NFT                         FFT                         NFT INVERSA     FFT INVERSA
-----     -----------------------     -----------------------     -----------     -----------
   25        1659.000       0.000           0.000       0.000              25               0
  213          -0.478    -674.414           0.000       0.000             213               0
  118         -11.763      19.432           0.000       0.000             118               0
  241         -59.432     -79.470           0.000       0.000             241               0
  117        -125.000     -38.000           0.000       0.000             117               0
  214          19.147      43.432           0.000       0.000             214               0
  146        -218.237    -132.570           0.000       0.000             146               0
  195          16.764    -299.512           0.000       0.000             195               0
   31        -501.000      -0.001           0.000       0.000              31               0
  123          16.762     299.513           0.000       0.000             123               0
   20        -218.238     132.567           0.000       0.000              20               0
    3          19.149     -43.432           0.000       0.000               3               0
   54        -124.999      37.999           0.000       0.000              54               0
    9         -59.431      79.469           0.000       0.000               9               0
   68         -11.759     -19.431           0.000       0.000              68               0
   82          -0.480     674.413           0.000       0.000              82               0
