SINAL     NFT                         FFT                         NFT INVERSA     FFT INVERSA
-----     -----------------------     -----------------------     -----------     -----------
  152        2160.000       0.000           0.000       0.000             152               0
  139         156.281      70.471           0.000       0.000             139               0
   44        -323.773    -163.200           0.000       0.000              44               0
  237         146.093     151.450           0.000       0.000             237               0
  249         114.999     377.000           0.000       0.000             249               0
   50         227.328    -340.021           0.000       0.000              50               0
   87        -110.227    -135.200           0.000       0.000              87               0
  137         -65.703     -49.000           0.000       0.000             137               0
   36         -18.000      -0.000           0.000       0.000              36               0
   54         -65.703      48.999           0.000       0.000              54               0
  202        -110.227     135.198           0.000       0.000             202               0
  220         227.326     340.020           0.000       0.000             220               0
  156         115.004    -377.001           0.000       0.000             156               0
  113         146.096    -151.449           0.000       0.000             113               0
  145        -323.772     163.196           0.000       0.000             145               0
  139         156.290     -70.471           0.000       0.000             139               0
