SINAL     NFT                         FFT                         NFT INVERSA     FFT INVERSA
-----     -----------------------     -----------------------     -----------     -----------
  136        2020.000       0.000           0.000       0.000             136               0
  254        -400.639     118.402           0.000       0.000             254               0
   15         233.969    -129.472           0.000       0.000              15               0
    7         356.937    -231.192           0.000       0.000               7               0
  110          -9.000    -357.000           0.000       0.000             110               0
   82         255.016    -207.233           0.000       0.000              82               0
  249        -137.969    -143.472           0.000       0.000             249               0
  132        -291.314      46.360           0.000       0.000             132               0
  156         142.000       0.001           0.000       0.000             156               0
  184        -291.313     -46.363           0.000       0.000             184               0
  254        -137.968     143.471           0.000       0.000             254               0
  121         255.016     207.235           0.000       0.000             121               0
  134          -9.001     356.999           0.000       0.000             134               0
  128         356.937     231.193           0.000       0.000             128               0
   27         233.968     129.471           0.000       0.000              27               0
   31        -400.633    -118.409           0.000       0.000              31               0
