SINAL     NFT                         FFT                         NFT INVERSA     FFT INVERSA
-----     -----------------------     -----------------------     -----------     -----------
  254        3892.000       0.000           0.000       0.000             254               0
   87          -1.272      14.113           0.000       0.000              87               0
  103          -4.449      97.393           0.000       0.000             103               0
  150        -344.044    -368.992           0.000       0.000             150               0
   45         357.934     -69.798           0.000       0.000              45               0
  243         191.701     122.023           0.000       0.000             243               0
   83         165.909     162.577           0.000       0.000              83               0
  118         -76.600    -344.841           0.000       0.000             118               0
  120         413.998     340.000           0.000       0.000             120               0
  118        -444.609    -582.311           0.000       0.000             118               0
   46         220.409     230.352           0.000       0.000              46               0
  135         230.689    -161.665           0.000       0.000             135               0
  171         570.067      30.204           0.000       0.000             171               0
   87         458.573    -194.437           0.000       0.000              87               0
   56         566.128     -94.827           0.000       0.000              56               0
  249           1.566       2.884           0.000       0.000             249               0
  252        -376.000      -0.006           0.000       0.000             252               0
    8           1.573      -2.887           0.000       0.000               8               0
   82         566.131      94.836           0.000       0.000              82               0
  179         458.570     194.442           0.000       0.000             179               0
   78         570.065     -30.197           0.000       0.000              78               0
   36         230.681     161.664           0.000       0.000              36               0
   46         220.408    -230.351           0.000       0.000              46               0
  192        -444.621     582.296           0.000       0.000             192               0
  149         414.007    -339.999           0.000       0.000             149               0
  205         -76.606     344.833           0.000       0.000             205               0
  130         165.916    -162.581           0.000       0.000             130               0
  199         191.707    -122.023           0.000       0.000             199               0
   17         357.934      69.803           0.000       0.000              17               0
  113        -344.047     368.978           0.000       0.000             113               0
  126          -4.434     -97.402           0.000       0.000             126               0
   15          -1.247     -14.120           0.000       0.000              15               0
