SINAL     NFT                         FFT                         NFT INVERSA     FFT INVERSA
-----     -----------------------     -----------------------     -----------     -----------
  143        3750.000       0.000           0.000       0.000             143               0
  169           5.447     258.301           0.000       0.000             169               0
  157         316.684    -113.659           0.000       0.000             157               0
  146         -85.751    -332.498           0.000       0.000             146               0
   69         373.598    -236.384           0.000       0.000              69               0
   56         671.374     -75.133           0.000       0.000              56               0
  147        -259.295     143.326           0.000       0.000             147               0
   26        -115.950     208.751           0.000       0.000              26               0
  197         133.999     -38.000           0.000       0.000             197               0
   25        -182.640     -31.744           0.000       0.000              25               0
   57         325.312     412.868           0.000       0.000              57               0
    3        -196.984     182.332           0.000       0.000               3               0
  141         294.398     199.615           0.000       0.000             141               0
  195        -474.538     -72.358           0.000       0.000             195               0
  110        -414.707    -236.125           0.000       0.000             110               0
   99         -52.971     388.480           0.000       0.000              99               0
  197         150.000      -0.002           0.000       0.000             197               0
   80         -52.965    -388.485           0.000       0.000              80               0
  123        -414.712     236.114           0.000       0.000             123               0
  240        -474.533      72.341           0.000       0.000             240               0
   59         294.408    -199.615           0.000       0.000              59               0
  128        -196.975    -182.341           0.000       0.000             128               0
   53         325.325    -412.862           0.000       0.000              53               0
   94        -182.638      31.741           0.000       0.000              94               0
  151         134.003      38.000           0.000       0.000             151               0
  206        -115.940    -208.755           0.000       0.000             206               0
  226        -259.280    -143.330           0.000       0.000             226               0
   44         671.383      75.149           0.000       0.000              44               0
   85         373.597     236.392           0.000       0.000              85               0
   60         -85.751     332.493           0.000       0.000              60               0
   35         316.694     113.659           0.000       0.000              35               0
  229           5.475    -258.306           0.000       0.000             229               0
