SINAL     NFT                         FFT                         NFT INVERSA     FFT INVERSA
-----     -----------------------     -----------------------     -----------     -----------
  101        4204.000       0.000           0.000       0.000             101               0
  102         -26.173      83.970           0.000       0.000             102               0
  241         258.663    -179.118           0.000       0.000             241               0
  125        -157.608     -70.489           0.000       0.000             125               0
   59        -427.975    -218.751           0.000       0.000              59               0
  250         159.783      51.857           0.000       0.000             250               0
  206         524.671     145.557           0.000       0.000             206               0
   44        -114.539    -503.662           0.000       0.000              44               0
    0        -436.002     141.999           0.000       0.000              -0               0
   76        -195.461     167.116           0.000       0.000              76               0
  157        -287.839     460.521           0.000       0.000             157               0
  204         135.900    -124.865           0.000       0.000             204               0
   79         561.970     507.254           0.000       0.000              79               0
  124         -68.374     291.768           0.000       0.000             124               0
   72        -307.502     215.844           0.000       0.000              72               0
  234          66.467    -146.275           0.000       0.000             234               0
  126        -344.000      -0.006           0.000       0.000             126               0
   84          66.465     146.269           0.000       0.000              84               0
  183        -307.495    -215.858           0.000       0.000             183               0
  197         -68.361    -291.775           0.000       0.000             197               0
  121         561.983    -507.243           0.000       0.000             121               0
  221         135.893     124.867           0.000       0.000             221               0
   87        -287.832    -460.528           0.000       0.000              87               0
   20        -195.457    -167.118           0.000       0.000              20               0
  180        -435.994    -142.004           0.000       0.000             180               0
   45        -114.540     503.660           0.000       0.000              45               0
  192         524.680    -145.549           0.000       0.000             192               0
  202         159.785     -51.853           0.000       0.000             202               0
   81        -427.975     218.742           0.000       0.000              81               0
  164        -157.597      70.484           0.000       0.000             164               0
   45         258.675     179.120           0.000       0.000              45               0
  182         -26.144     -83.974           0.000       0.000             182               0
