SINAL     NFT                         FFT                         NFT INVERSA     FFT INVERSA
-----     -----------------------     -----------------------     -----------     -----------
  194        4811.000       0.000           0.000       0.000             194               0
  173          30.707    -732.187           0.000       0.000             173               0
  238          88.666    -205.341           0.000       0.000             238               0
   38         166.665     -23.534           0.000       0.000              38               0
  249         680.847     175.473           0.000       0.000             249               0
  106         317.445     169.632           0.000       0.000             106               0
  251         -42.439     292.162           0.000       0.000             251               0
  226        -387.263     105.794           0.000       0.000             226               0
  193         184.001    -363.000           0.000       0.000             193               0
  237        -363.326     248.224           0.000       0.000             237               0
  191          47.375    -110.306           0.000       0.000             191               0
   43        -105.039    -194.845           0.000       0.000              43               0
  246        -502.849      97.467           0.000       0.000             246               0
  140        -156.868     256.232           0.000       0.000             140               0
  176         326.395      64.192           0.000       0.000             176               0
  103          25.669     406.483           0.000       0.000             103               0
  253         777.000       0.003           0.000       0.000             253               0
  159          25.673    -406.490           0.000       0.000             159               0
  103         326.392     -64.190           0.000       0.000             103               0
   64        -156.869    -256.239           0.000       0.000              64               0
  185        -502.847     -97.479           0.000       0.000             185               0
  137        -105.039     194.840           0.000       0.000             137               0
   37          47.375     110.301           0.000       0.000              37               0
  127        -363.316    -248.235           0.000       0.000             127               0
  149         183.998     362.999           0.000       0.000             149               0
  187        -387.254    -105.810           0.000       0.000             187               0
  101         -42.420    -292.168           0.000       0.000             101               0
   11         317.462    -169.628           0.000       0.000              11               0
   20         680.859    -175.460           0.000       0.000              20               0
   51         166.672      23.539           0.000       0.000              51               0
  208          88.676     205.343           0.000       0.000             208               0
  215          30.723     732.181           0.000       0.000             215               0
