SINAL     NFT                         FFT                         NFT INVERSA     FFT INVERSA
-----     -----------------------     -----------------------     -----------     -----------
  231        4106.000       0.000           0.000       0.000             231               0
  146        -107.291     333.018           0.000       0.000             146               0
  200         319.476     -66.092           0.000       0.000             200               0
    0         113.358       6.995           0.000       0.000               0               0
  149         293.169    -241.716           0.000       0.000             149               0
   60         474.257     -94.563           0.000       0.000              60               0
   26         201.980     297.771           0.000       0.000              26               0
  229        -430.255    -312.917           0.000       0.000             229               0
   77         -74.000      61.999           0.000       0.000              77               0
    1         866.093     -46.594           0.000       0.000               1               0
  132        -488.874    -400.756           0.000       0.000             132               0
  218         -68.410     306.225           0.000       0.000             218               0
   49        -377.170     298.280           0.000       0.000              49               0
   13          -5.032     189.007           0.000       0.000              13               0
  230         287.419    -108.617           0.000       0.000             230               0
  181         389.278    -211.438           0.000       0.000             181               0
   77         498.000       0.004           0.000       0.000              77               0
  183         389.270     211.442           0.000       0.000             183               0
  178         287.411     108.615           0.000       0.000             178               0
  106          -5.035    -189.015           0.000       0.000             106               0
  222        -377.166    -298.292           0.000       0.000             222               0
  197         -68.402    -306.226           0.000       0.000             197               0
   59        -488.875     400.745           0.000       0.000              59               0
   52         866.097      46.607           0.000       0.000              52               0
  151         -74.000     -62.004           0.000       0.000             151               0
  214        -430.256     312.902           0.000       0.000             214               0
  219         201.997    -297.773           0.000       0.000             219               0
   14         474.263      94.570           0.000       0.000              14               0
  158         293.169     241.716           0.000       0.000             158               0
   57         113.366      -6.999           0.000       0.000              57               0
  144         319.485      66.091           0.000       0.000             144               0
  133        -107.259    -333.026           0.000       0.000             133               0
