SINAL     NFT                         FFT                         NFT INVERSA     FFT INVERSA
-----     -----------------------     -----------------------     -----------     -----------
   91        4381.000       0.000           0.000       0.000              91               0
   90        -268.925      98.536           0.000       0.000              90               0
   27        -397.263      52.414           0.000       0.000              27               0
   34         138.709     429.801           0.000       0.000              34               0
   12         281.923     658.689           0.000       0.000              12               0
  253        -218.540     399.580           0.000       0.000             253               0
  152         292.241    -354.712           0.000       0.000             152               0
  187          55.386    -155.080           0.000       0.000             187               0
  235        -176.004     442.998           0.000       0.000             235               0
   35        -146.552    -656.194           0.000       0.000              35               0
  219        -208.364     333.578           0.000       0.000             219               0
  136         -99.072    -292.157           0.000       0.000             136               0
  207         436.070     612.692           0.000       0.000             207               0
   54         218.597    -136.469           0.000       0.000              54               0
   30        -330.617    -299.298           0.000       0.000              30               0
  247        -335.603      82.890           0.000       0.000             247               0
  173          47.000      -0.001           0.000       0.000             173               0
   30        -335.602     -82.898           0.000       0.000              30               0
  224        -330.617     299.289           0.000       0.000             224               0
  160         218.600     136.466           0.000       0.000             160               0
   23         436.083    -612.685           0.000       0.000              23               0
  177         -99.081     292.155           0.000       0.000             177               0
  254        -208.356    -333.583           0.000       0.000             254               0
  236        -146.563     656.188           0.000       0.000             236               0
  190        -175.989    -443.007           0.000       0.000             190               0
   24          55.390     155.080           0.000       0.000              24               0
  116         292.238     354.710           0.000       0.000             116               0
  125        -218.527    -399.594           0.000       0.000             125               0
   88         281.943    -658.686           0.000       0.000              88               0
  199         138.722    -429.795           0.000       0.000             199               0
  173        -397.252     -52.418           0.000       0.000             173               0
  180        -268.894     -98.538           0.000       0.000             180               0
