SINAL     NFT                         FFT                         NFT INVERSA     FFT INVERSA
-----     -----------------------     -----------------------     -----------     -----------
   33        3326.000       0.000           0.000       0.000              33               0
  180         147.635      20.478           0.000       0.000             180               0
  158        -261.314    -225.758           0.000       0.000             158               0
  147          43.543    -722.268           0.000       0.000             147               0
   97         -41.203     459.014           0.000       0.000              97               0
  103         382.352    -687.556           0.000       0.000             103               0
  201         -97.076     202.797           0.000       0.000             201               0
   47        -205.731     185.654           0.000       0.000              47               0
  177        -175.998    -424.001           0.000       0.000             177               0
   69          18.108     107.567           0.000       0.000              69               0
    8        -129.158     296.342           0.000       0.000               8               0
   29          49.498      97.798           0.000       0.000              29               0
   66         -80.802     101.012           0.000       0.000              66               0
  249        -361.048    -368.965           0.000       0.000             249               0
  143        -516.458     107.785           0.000       0.000             143               0
  171         165.641      46.341           0.000       0.000             171               0
    3        -146.000      -0.002           0.000       0.000               3               0
   23         165.640     -46.338           0.000       0.000              23               0
    7        -516.458    -107.795           0.000       0.000               7               0
   10        -361.052     368.956           0.000       0.000              10               0
  125         -80.794    -101.018           0.000       0.000             125               0
  242          49.503     -97.799           0.000       0.000             242               0
  151        -129.149    -296.344           0.000       0.000             151               0
   87          18.113    -107.562           0.000       0.000              87               0
  110        -176.005     423.998           0.000       0.000             110               0
  176        -205.721    -185.660           0.000       0.000             176               0
  179         -97.063    -202.794           0.000       0.000             179               0
   36         382.343     687.564           0.000       0.000              36               0
   96         -41.189    -459.015           0.000       0.000              96               0
   38          43.534     722.270           0.000       0.000              38               0
   36        -261.307     225.746           0.000       0.000              36               0
  129         147.659     -20.480           0.000       0.000             129               0
