SINAL     NFT                         FFT                         NFT INVERSA     FFT INVERSA
-----     -----------------------     -----------------------     -----------     -----------
  161        4298.000       0.000           0.000       0.000             161               0
   69         173.175     -94.381           0.000       0.000              69               0
  170         -65.334    -528.202           0.000       0.000             170               0
  236         -31.917     135.755           0.000       0.000             236               0
  176        -694.332     -56.616           0.000       0.000             176               0
  233          75.739    -123.911           0.000       0.000             233               0
  149        -258.605     221.499           0.000       0.000             149               0
  155         207.096    -197.707           0.000       0.000             155               0
   37        -202.998    -177.001           0.000       0.000              37               0
  249         332.429    -221.467           0.000       0.000             249               0
   11         676.544     167.403           0.000       0.000              11               0
  212         268.924     853.621           0.000       0.000             212               0
   25          28.331    -244.616           0.000       0.000              25               0
  122        -278.429     386.542           0.000       0.000             122               0
  218         415.390     221.694           0.000       0.000             218               0
    7        -107.022    -652.886           0.000       0.000               7               0
   81        -224.000      -0.002           0.000       0.000              81               0
   68        -107.031     652.878           0.000       0.000              68               0
  142         415.396    -221.696           0.000       0.000             142               0
  254        -278.420    -386.553           0.000       0.000             254               0
  237          28.332     244.610           0.000       0.000             237               0
   78         268.947    -853.619           0.000       0.000              78               0
  222         676.549    -167.385           0.000       0.000             222               0
   85         332.419     221.476           0.000       0.000              85               0
   13        -203.005     176.996           0.000       0.000              13               0
  149         207.091     197.707           0.000       0.000             149               0
  190        -258.601    -221.508           0.000       0.000             190               0
    0          75.736     123.911           0.000       0.000               0               0
  187        -694.328      56.598           0.000       0.000             187               0
  251         -31.901    -135.756           0.000       0.000             251               0
   18         -65.328     528.198           0.000       0.000              18               0
   93         173.203      94.377           0.000       0.000              93               0
