SINAL     NFT                         FFT                         NFT INVERSA     FFT INVERSA
-----     -----------------------     -----------------------     -----------     -----------
   33        4578.000       0.000           0.000       0.000              33               0
  201         317.482     -62.745           0.000       0.000             201               0
  214        -187.456      34.183           0.000       0.000             214               0
   46         -32.301     108.882           0.000       0.000              46               0
  199        -137.954     205.233           0.000       0.000             199               0
  110         157.077    -151.786           0.000       0.000             110               0
  234        -187.760    -128.288           0.000       0.000             234               0
  178        -266.202    -350.726           0.000       0.000             178               0
  145         322.998      27.002           0.000       0.000             145               0
  197        -421.350    -157.979           0.000       0.000             197               0
   59         -35.500     370.688           0.000       0.000              59               0
   97        -147.135      14.219           0.000       0.000              97               0
  251        -804.047    -138.772           0.000       0.000             251               0
   89         -37.146     179.056           0.000       0.000              89               0
   88          54.705     525.158           0.000       0.000              88               0
  168        -266.435     418.163           0.000       0.000             168               0
  120        -180.000      -0.007           0.000       0.000             120               0
   56        -266.425    -418.176           0.000       0.000              56               0
   73          54.717    -525.157           0.000       0.000              73               0
  143         -37.146    -179.053           0.000       0.000             143               0
  233        -804.048     138.756           0.000       0.000             233               0
   72        -147.128     -14.224           0.000       0.000              72               0
  123         -35.488    -370.687           0.000       0.000             123               0
  168        -421.347     157.974           0.000       0.000             168               0
   97         323.005     -26.993           0.000       0.000              97               0
  240        -266.206     350.721           0.000       0.000             240               0
   37        -187.754     128.282           0.000       0.000              37               0
  186         157.082     151.785           0.000       0.000             186               0
  183        -137.942    -205.239           0.000       0.000             183               0
  211         -32.288    -108.883           0.000       0.000             211               0
  110        -187.437     -34.186           0.000       0.000             110               0
  217         317.513      62.751           0.000       0.000             217               0
