SINAL     NFT                         FFT                         NFT INVERSA     FFT INVERSA
-----     -----------------------     -----------------------     -----------     -----------
   48        3360.000       0.000           0.000       0.000              48               0
  143         253.243     303.633           0.000       0.000             143               0
  154         226.196     401.815           0.000       0.000             154               0
   84         246.770     -59.074           0.000       0.000              84               0
   94        -458.014      98.931           0.000       0.000              94               0
   66        -108.129    -248.469           0.000       0.000              66               0
   53         -84.758    -313.534           0.000       0.000              53               0
    2         320.127     170.100           0.000       0.000               2               0
  122          -7.003     135.000           0.000       0.000             122               0
   60        -216.116     129.074           0.000       0.000              60               0
   36        -289.515    -125.477           0.000       0.000              36               0
  184        -181.522     301.510           0.000       0.000             184               0
   62         440.011      26.936           0.000       0.000              62               0
  202        -600.101     238.247           0.000       0.000             202               0
  156        -147.925     145.871           0.000       0.000             156               0
    8         -10.289     305.956           0.000       0.000               8               0
   85        -590.000      -0.010           0.000       0.000              85               0
   74         -10.280    -305.961           0.000       0.000              74               0
   45        -147.922    -145.877           0.000       0.000              45               0
  158        -600.091    -238.261           0.000       0.000             158               0
   25         440.016     -26.927           0.000       0.000              25               0
  176        -181.516    -301.513           0.000       0.000             176               0
   84        -289.515     125.471           0.000       0.000              84               0
  165        -216.107    -129.080           0.000       0.000             165               0
   85          -6.992    -135.000           0.000       0.000              85               0
    2         320.135    -170.090           0.000       0.000               2               0
   95         -84.763     313.534           0.000       0.000              95               0
  238        -108.131     248.463           0.000       0.000             238               0
  168        -458.002     -98.944           0.000       0.000             168               0
  197         246.783      59.076           0.000       0.000             197               0
   73         226.219    -401.813           0.000       0.000              73               0
  216         253.272    -303.624           0.000       0.000             216               0
