SINAL     NFT                         FFT                         NFT INVERSA     FFT INVERSA
-----     -----------------------     -----------------------     -----------     -----------
    8        4073.000       0.000           0.000       0.000               8               0
  246        -467.332    -404.621           0.000       0.000             246               0
   17        -320.402    -101.091           0.000       0.000              17               0
   74         297.426     246.970           0.000       0.000              74               0
   62         138.230     144.993           0.000       0.000              62               0
  116         290.417     -86.601           0.000       0.000             116               0
  208           1.065    -244.764           0.000       0.000             208               0
  234         319.285    -272.236           0.000       0.000             234               0
  101         -38.002     -80.999           0.000       0.000             101               0
  223          33.261     350.965           0.000       0.000             223               0
  240         -27.286     456.511           0.000       0.000             240               0
   65        -334.707    -745.099           0.000       0.000              65               0
  172        -604.236     390.989           0.000       0.000             172               0
  249         -76.635    -286.821           0.000       0.000             249               0
   19        -817.387     128.178           0.000       0.000              19               0
  242        -285.711    -720.714           0.000       0.000             242               0
   36         -33.000       0.004           0.000       0.000              36               0
   72        -285.729     720.710           0.000       0.000              72               0
  255        -817.382    -128.197           0.000       0.000             255               0
   87         -76.636     286.818           0.000       0.000              87               0
  185        -604.223    -391.001           0.000       0.000             185               0
  119        -334.713     745.090           0.000       0.000             119               0
  199         -27.266    -456.517           0.000       0.000             199               0
   41          33.276    -350.961           0.000       0.000              41               0
  234         -37.995      81.003           0.000       0.000             234               0
   29         319.287     272.245           0.000       0.000              29               0
   64           1.066     244.762           0.000       0.000              64               0
   41         290.421      86.603           0.000       0.000              41               0
  193         138.238    -144.993           0.000       0.000             193               0
   13         297.434    -246.962           0.000       0.000              13               0
   27        -320.397     101.087           0.000       0.000              27               0
  202        -467.314     404.609           0.000       0.000             202               0
