SINAL     NFT                         FFT                         NFT INVERSA     FFT INVERSA
-----     -----------------------     -----------------------     -----------     -----------
  178        3371.000       0.000           0.000       0.000             178               0
   99         230.755    -152.609           0.000       0.000              99               0
   41          27.431     485.404           0.000       0.000              41               0
   30         389.281     158.476           0.000       0.000              30               0
   65         536.341     722.955           0.000       0.000              65               0
   72         166.683      45.798           0.000       0.000              72               0
   99        -214.206     154.048           0.000       0.000              99               0
  134         -68.310     431.428           0.000       0.000             134               0
  172         306.000    -281.001           0.000       0.000             172               0
  240        -294.767    -259.476           0.000       0.000             240               0
   14         159.171     490.049           0.000       0.000              14               0
    5         201.695    -387.671           0.000       0.000               5               0
  220        -268.347     242.951           0.000       0.000             220               0
  205          75.976     -28.506           0.000       0.000             205               0
    9        -116.404     149.400           0.000       0.000               9               0
  210         162.682    -117.025           0.000       0.000             210               0
   70        -263.000      -0.005           0.000       0.000              70               0
   43         162.681     117.023           0.000       0.000              43               0
   52        -116.401    -149.408           0.000       0.000              52               0
   13          75.977      28.503           0.000       0.000              13               0
   50        -268.339    -242.959           0.000       0.000              50               0
  112         201.691     387.670           0.000       0.000             112               0
  120         159.182    -490.050           0.000       0.000             120               0
  111        -294.768     259.468           0.000       0.000             111               0
  112         305.999     280.998           0.000       0.000             112               0
  114         -68.298    -431.438           0.000       0.000             114               0
   85        -214.195    -154.057           0.000       0.000              85               0
   23         166.696     -45.802           0.000       0.000              23               0
   63         536.365    -722.947           0.000       0.000              63               0
  164         389.290    -158.467           0.000       0.000             164               0
  204          27.451    -485.401           0.000       0.000             204               0
  242         230.774     152.618           0.000       0.000             242               0
