SINAL     NFT                         FFT                         NFT INVERSA     FFT INVERSA
-----     -----------------------     -----------------------     -----------     -----------
   79        4461.000       0.000           0.000       0.000              79               0
  105         -55.297    -124.443           0.000       0.000             105               0
  223         -63.003     234.334           0.000       0.000             223               0
   41          -4.685     475.776           0.000       0.000              41               0
   99         335.116    -350.346           0.000       0.000              99               0
   76          38.211     191.421           0.000       0.000              76               0
  124        -317.578    -196.820           0.000       0.000             124               0
  213         233.001    -300.585           0.000       0.000             213               0
  232        -412.007    1002.998           0.000       0.000             232               0
   86        -211.377     -74.359           0.000       0.000              86               0
  242        -613.797    -342.210           0.000       0.000             242               0
  220        -161.418      58.579           0.000       0.000             220               0
  105         132.883     221.654           0.000       0.000             105               0
    8        -132.564     263.501           0.000       0.000               8               0
  204          42.381    -135.054           0.000       0.000             204               0
  133          22.121     294.355           0.000       0.000             133               0
  113         403.000       0.001           0.000       0.000             113               0
  112          22.124    -294.358           0.000       0.000             112               0
  239          42.376     135.051           0.000       0.000             239               0
  255        -132.560    -263.508           0.000       0.000             255               0
   67         132.885    -221.652           0.000       0.000              67               0
   25        -161.422     -58.581           0.000       0.000              25               0
   34        -613.804     342.195           0.000       0.000              34               0
  228        -211.375      74.346           0.000       0.000             228               0
  198        -411.979   -1003.007           0.000       0.000             198               0
   12         233.002     300.595           0.000       0.000              12               0
  150        -317.576     196.812           0.000       0.000             150               0
  229          38.226    -191.421           0.000       0.000             229               0
  117         335.117     350.350           0.000       0.000             117               0
   89          -4.667    -475.780           0.000       0.000              89               0
  206         -62.984    -234.333           0.000       0.000             206               0
  197         -55.270     124.444           0.000       0.000             197               0
