SINAL     NFT                         FFT                         NFT INVERSA     FFT INVERSA
-----     -----------------------     -----------------------     -----------     -----------
   53        4554.000       0.000           0.000       0.000              53               0
  158         -28.295     222.679           0.000       0.000             158               0
   45          64.118    -177.459           0.000       0.000              45               0
   92        -147.040     857.459           0.000       0.000              92               0
    0          81.913     560.000           0.000       0.000               0               0
  227          -6.685     204.870           0.000       0.000             227               0
  254         153.204    -240.091           0.000       0.000             254               0
  158        -210.703     -64.355           0.000       0.000             158               0
  189        -265.000    -263.002           0.000       0.000             189               0
   88        -144.034     252.917           0.000       0.000              88               0
  124        -412.258    -112.898           0.000       0.000             124               0
   98         394.472     103.803           0.000       0.000              98               0
   80        -159.919     255.997           0.000       0.000              80               0
   98        -112.083    -581.398           0.000       0.000              98               0
   92        -193.065    -146.265           0.000       0.000              92               0
  146        -257.641      90.166           0.000       0.000             146               0
  117        -372.000      -0.004           0.000       0.000             117               0
  245        -257.636     -90.170           0.000       0.000             245               0
  237        -193.065     146.263           0.000       0.000             237               0
   57        -112.092     581.392           0.000       0.000              57               0
  226        -159.909    -256.006           0.000       0.000             226               0
  238         394.476    -103.796           0.000       0.000             238               0
   81        -412.260     112.887           0.000       0.000              81               0
  210        -144.025    -252.921           0.000       0.000             210               0
   78        -265.001     262.995           0.000       0.000              78               0
   89        -210.696      64.347           0.000       0.000              89               0
  107         153.207     240.088           0.000       0.000             107               0
  116          -6.674    -204.879           0.000       0.000             116               0
  170          81.932    -560.004           0.000       0.000             170               0
  220        -147.012    -857.457           0.000       0.000             220               0
  238          64.130     177.467           0.000       0.000             238               0
  223         -28.260    -222.676           0.000       0.000             223               0
