SINAL     NFT                         FFT                         NFT INVERSA     FFT INVERSA
-----     -----------------------     -----------------------     -----------     -----------
  147        3446.000       0.000           0.000       0.000             147               0
   16         259.616     443.658           0.000       0.000              16               0
  220        -598.139    -492.617           0.000       0.000             220               0
   43         190.780     -39.052           0.000       0.000              43               0
   83        -241.217     287.817           0.000       0.000              83               0
  255        -102.668    -362.392           0.000       0.000             255               0
  106         334.779     169.695           0.000       0.000             106               0
   43         -16.550       6.335           0.000       0.000              43               0
  196        -173.999    -366.001           0.000       0.000             196               0
   33         -81.150     168.351           0.000       0.000              33               0
  128        -577.055    -172.611           0.000       0.000             128               0
   70          91.244     581.975           0.000       0.000              70               0
    9         279.217     113.818           0.000       0.000               9               0
   34         492.127    -134.644           0.000       0.000              34               0
  128         132.418     -90.918           0.000       0.000             128               0
   25         294.602      61.715           0.000       0.000              25               0
    6         690.000       0.005           0.000       0.000               6               0
  108         294.599     -61.712           0.000       0.000             108               0
   24         132.414      90.917           0.000       0.000              24               0
   21         492.121     134.649           0.000       0.000              21               0
  242         279.212    -113.819           0.000       0.000             242               0
  252          91.247    -581.975           0.000       0.000             252               0
  221        -577.063     172.600           0.000       0.000             221               0
  142         -81.145    -168.352           0.000       0.000             142               0
  134        -174.004     365.996           0.000       0.000             134               0
  116         -16.545      -6.340           0.000       0.000             116               0
  145         334.785    -169.690           0.000       0.000             145               0
  140        -102.676     362.386           0.000       0.000             140               0
  130        -241.206    -287.826           0.000       0.000             130               0
   58         190.785      39.056           0.000       0.000              58               0
  149        -598.138     492.599           0.000       0.000             149               0
   22         259.651    -443.658           0.000       0.000              22               0
