SINAL     NFT                         FFT                         NFT INVERSA     FFT INVERSA
-----     -----------------------     -----------------------     -----------     -----------
   58        3950.000       0.000           0.000       0.000              58               0
   99        -695.937     290.207           0.000       0.000              99               0
    8         184.007    -399.238           0.000       0.000               8               0
  227        -284.087    -150.154           0.000       0.000             227               0
   64         120.920     -84.973           0.000       0.000              64               0
  193        -385.763     629.624           0.000       0.000             193               0
   69          37.670    -331.020           0.000       0.000              69               0
  111          -9.410     -64.793           0.000       0.000             111               0
   32         254.998     277.001           0.000       0.000              32               0
   90         -32.651    -313.301           0.000       0.000              90               0
   74         313.122     447.981           0.000       0.000              74               0
  127          35.967    -161.490           0.000       0.000             127               0
  204          77.079     -88.974           0.000       0.000             204               0
   73         372.166     -47.427           0.000       0.000              73               0
   23         -70.806     -24.240           0.000       0.000              23               0
  228        -536.293     -88.467           0.000       0.000             228               0
  250        -856.000      -0.009           0.000       0.000             250               0
  209        -536.286      88.455           0.000       0.000             209               0
  234         -70.796      24.237           0.000       0.000             234               0
  218         372.171      47.434           0.000       0.000             218               0
   86          77.080      88.974           0.000       0.000              86               0
   64          35.968     161.486           0.000       0.000              64               0
  216         313.133    -447.976           0.000       0.000             216               0
  203         -32.656     313.300           0.000       0.000             203               0
  160         255.005    -276.997           0.000       0.000             160               0
  172          -9.412      64.794           0.000       0.000             172               0
    6          37.662     331.016           0.000       0.000               6               0
  121        -385.748    -629.634           0.000       0.000             121               0
   47         120.923      84.980           0.000       0.000              47               0
  163        -284.083     150.149           0.000       0.000             163               0
   16         184.008     399.238           0.000       0.000              16               0
  105        -695.907    -290.226           0.000       0.000             105               0
