SINAL     NFT                         FFT                         NFT INVERSA     FFT INVERSA
-----     -----------------------     -----------------------     -----------     -----------
   96        3373.000       0.000           0.000       0.000              96               0
    8          54.853    -114.379           0.000       0.000               8               0
   79         199.564     211.529           0.000       0.000              79               0
  167        -207.907     435.830           0.000       0.000             167               0
    2          16.449     174.302           0.000       0.000               2               0
  156        -146.347    -243.726           0.000       0.000             156               0
  155         156.207     338.148           0.000       0.000             155               0
    0         170.402     344.775           0.000       0.000              -0               0
  212        -166.001     -37.001           0.000       0.000             212               0
  140        -108.387     339.610           0.000       0.000             140               0
  134        -151.006     599.434           0.000       0.000             134               0
   31         308.812      11.798           0.000       0.000              31               0
   62         583.543     582.303           0.000       0.000              62               0
  115        -552.665    -378.693           0.000       0.000             115               0
  138          43.230    -191.183           0.000       0.000             138               0
  106        -454.768     226.411           0.000       0.000             106               0
  213         207.000      -0.001           0.000       0.000             213               0
    1        -454.763    -226.424           0.000       0.000               1               0
  225          43.228     191.181           0.000       0.000             225               0
   24        -552.667     378.672           0.000       0.000              24               0
   43         583.562    -582.300           0.000       0.000              43               0
  234         308.811     -11.798           0.000       0.000             234               0
    5        -150.995    -599.442           0.000       0.000               5               0
   68        -108.378    -339.611           0.000       0.000              68               0
   35        -165.997      36.997           0.000       0.000              35               0
   22         170.414    -344.774           0.000       0.000              22               0
  153         156.216    -338.142           0.000       0.000             153               0
  131        -146.349     243.724           0.000       0.000             131               0
  149          16.458    -174.305           0.000       0.000             149               0
  134        -207.889    -435.834           0.000       0.000             134               0
   89         199.581    -211.520           0.000       0.000              89               0
  246          54.872     114.384           0.000       0.000             246               0
