SINAL     NFT                         FFT                         NFT INVERSA     FFT INVERSA
-----     -----------------------     -----------------------     -----------     -----------
   14        3945.000       0.000           0.000       0.000              14               0
  140        -477.980    -131.587           0.000       0.000             140               0
  126         410.661     134.217           0.000       0.000             126               0
  233         -59.011     118.180           0.000       0.000             233               0
   31        -670.166    -114.552           0.000       0.000              31               0
   53        -431.019    -221.413           0.000       0.000              53               0
  229          59.720    -317.370           0.000       0.000             229               0
   12        -437.104    -433.162           0.000       0.000              12               0
   55          56.001     -58.998           0.000       0.000              55               0
   96        -434.192     504.817           0.000       0.000              96               0
  198         346.207    -163.567           0.000       0.000             198               0
  130         379.685     170.001           0.000       0.000             130               0
  243        -139.833    -452.552           0.000       0.000             243               0
  100        -249.913    -125.754           0.000       0.000             100               0
  200        -188.579    -655.981           0.000       0.000             200               0
   88         -74.471     299.054           0.000       0.000              88               0
  237         323.000       0.004           0.000       0.000             237               0
  233         -74.468    -299.049           0.000       0.000             233               0
   19        -188.594     655.982           0.000       0.000              19               0
  182        -249.914     125.749           0.000       0.000             182               0
  226        -139.838     452.546           0.000       0.000             226               0
  153         379.692    -169.997           0.000       0.000             153               0
   33         346.199     163.572           0.000       0.000              33               0
  135        -434.184    -504.826           0.000       0.000             135               0
   39          55.998      59.005           0.000       0.000              39               0
    5        -437.113     433.155           0.000       0.000               5               0
   92          59.715     317.370           0.000       0.000              92               0
   87        -431.023     221.400           0.000       0.000              87               0
  250        -670.159     114.533           0.000       0.000             250               0
  155         -58.994    -118.185           0.000       0.000             155               0
  142         410.676    -134.210           0.000       0.000             142               0
    9        -477.959     131.575           0.000       0.000               9               0
