SINAL     NFT                         FFT                         NFT INVERSA     FFT INVERSA
-----     -----------------------     -----------------------     -----------     -----------
   64        4514.000       0.000           0.000       0.000              64               0
  254        -113.107    -275.837           0.000       0.000             254               0
   89         -56.593    -227.726           0.000       0.000              89               0
  180        -362.611      95.873           0.000       0.000             180               0
  246         119.354    -402.295           0.000       0.000             246               0
  208        -902.534    -472.105           0.000       0.000             208               0
    1         353.386     -36.993           0.000       0.000               1               0
  154         346.366     144.750           0.000       0.000             154               0
  211         423.000    -218.999           0.000       0.000             211               0
  248         -60.273    -322.216           0.000       0.000             248               0
  191         -53.966    -113.231           0.000       0.000             191               0
  118        -557.687    -211.502           0.000       0.000             118               0
   38        -289.352     -74.298           0.000       0.000              38               0
  142         230.025    -566.596           0.000       0.000             142               0
    8          73.169     120.042           0.000       0.000               8               0
  250         -12.177    -113.877           0.000       0.000             250               0
  243        -740.000      -0.006           0.000       0.000             243               0
  207         -12.174     113.880           0.000       0.000             207               0
  134          73.174    -120.036           0.000       0.000             134               0
   79         230.012     566.604           0.000       0.000              79               0
  117        -289.357      74.291           0.000       0.000             117               0
  128        -557.688     211.491           0.000       0.000             128               0
  190         -53.960     113.230           0.000       0.000             190               0
  159         -60.271     322.213           0.000       0.000             159               0
   17         423.001     219.004           0.000       0.000              17               0
  159         346.370    -144.745           0.000       0.000             159               0
   34         353.381      37.002           0.000       0.000              34               0
  237        -902.543     472.086           0.000       0.000             237               0
  219         119.353     402.292           0.000       0.000             219               0
   77        -362.599     -95.886           0.000       0.000              77               0
   85         -56.582     227.721           0.000       0.000              85               0
   27        -113.082     275.827           0.000       0.000              27               0
