SINAL     NFT                         FFT                         NFT INVERSA     FFT INVERSA
-----     -----------------------     -----------------------     -----------     -----------
  121        3829.000       0.000           0.000       0.000             121               0
  255         232.767    -266.624           0.000       0.000             255               0
  142        -137.586    -515.468           0.000       0.000             142               0
  170         143.965    -163.802           0.000       0.000             170               0
  148         -91.403    -510.555           0.000       0.000             148               0
  141         657.181     316.054           0.000       0.000             141               0
  188          50.825    -340.068           0.000       0.000             188               0
  216         -37.450    -254.837           0.000       0.000             216               0
   73        -202.004     586.998           0.000       0.000              73               0
   50          61.865    -604.769           0.000       0.000              50               0
  116         241.790      26.140           0.000       0.000             116               0
  180         188.179     -23.000           0.000       0.000             180               0
  224        -508.600     141.441           0.000       0.000             224               0
   13          -1.301     -96.886           0.000       0.000              13               0
   34         -11.034      34.738           0.000       0.000              34               0
  115        -389.213     165.410           0.000       0.000             115               0
   14        -353.000      -0.006           0.000       0.000              14               0
   38        -389.206    -165.421           0.000       0.000              38               0
  224         -11.029     -34.739           0.000       0.000             224               0
  217          -1.301      96.884           0.000       0.000             217               0
  142        -508.591    -141.453           0.000       0.000             142               0
    2         188.187      23.004           0.000       0.000               2               0
   93         241.795     -26.133           0.000       0.000              93               0
  206          61.855     604.766           0.000       0.000             206               0
   26        -201.988    -587.005           0.000       0.000              26               0
  172         -37.447     254.838           0.000       0.000             172               0
  166          50.828     340.066           0.000       0.000             166               0
   94         657.193    -316.041           0.000       0.000              94               0
   20         -91.410     510.553           0.000       0.000              20               0
   81         143.969     163.802           0.000       0.000              81               0
    7        -137.583     515.459           0.000       0.000               7               0
  141         232.788     266.618           0.000       0.000             141               0
