SINAL     NFT                         FFT                         NFT INVERSA     FFT INVERSA
-----     -----------------------     -----------------------     -----------     -----------
  139        4397.000       0.000           0.000       0.000             139               0
    4        -135.519      77.924           0.000       0.000               4               0
  211          -1.005    -308.555           0.000       0.000             211               0
  241        -418.216    -262.748           0.000       0.000             241               0
  116        -301.993    -152.399           0.000       0.000             116               0
  248        -275.491    -232.817           0.000       0.000             248               0
  119         367.936      80.451           0.000       0.000             119               0
   77         129.803     230.831           0.000       0.000              77               0
  163        -354.001     212.998           0.000       0.000             163               0
    2         234.528     -34.463           0.000       0.000               2               0
  246         178.619     510.475           0.000       0.000             246               0
   37        -148.172     463.831           0.000       0.000              37               0
  163         233.992     371.599           0.000       0.000             163               0
   46         323.603    -140.608           0.000       0.000              46               0
  207          38.450    -574.531           0.000       0.000             207               0
  145        -294.540     206.117           0.000       0.000             145               0
  212         895.000       0.007           0.000       0.000             212               0
  100        -294.540    -206.124           0.000       0.000             100               0
  199          38.440     574.528           0.000       0.000             199               0
  139         323.601     140.603           0.000       0.000             139               0
   92         233.997    -371.605           0.000       0.000              92               0
  165        -148.163    -463.840           0.000       0.000             165               0
  250         178.630    -510.471           0.000       0.000             250               0
  110         234.525      34.468           0.000       0.000             110               0
   42        -353.997    -213.006           0.000       0.000              42               0
  145         129.812    -230.827           0.000       0.000             145               0
  225         367.937     -80.440           0.000       0.000             225               0
  130        -275.498     232.813           0.000       0.000             130               0
  219        -301.993     152.393           0.000       0.000             219               0
   59        -418.212     262.738           0.000       0.000              59               0
   43          -0.995     308.549           0.000       0.000              43               0
  103        -135.488     -77.933           0.000       0.000             103               0
