SINAL     NFT                         FFT                         NFT INVERSA     FFT INVERSA
-----     -----------------------     -----------------------     -----------     -----------
   84        4220.000       0.000           0.000       0.000              84               0
  228        -449.988    -546.865           0.000       0.000             228               0
   44           3.617     196.735           0.000       0.000              44               0
  179         322.261    -175.981           0.000       0.000             179               0
   39         -19.523     239.899           0.000       0.000              39               0
   97         489.554    -388.349           0.000       0.000              97               0
  181        -285.302     274.767           0.000       0.000             181               0
  161        -140.461    -377.999           0.000       0.000             161               0
  158         165.999     -21.999           0.000       0.000             158               0
  218         117.128     320.946           0.000       0.000             218               0
   90        -580.398     121.081           0.000       0.000              90               0
  221         301.196    -698.612           0.000       0.000             221               0
  164         243.521    -220.098           0.000       0.000             164               0
  247        -236.562    -240.270           0.000       0.000             247               0
  229        -133.926     175.053           0.000       0.000             229               0
  250        -251.127    -257.947           0.000       0.000             250               0
   65        -624.000      -0.005           0.000       0.000              65               0
   19        -251.127     257.943           0.000       0.000              19               0
  152        -133.918    -175.054           0.000       0.000             152               0
   91        -236.561     240.268           0.000       0.000              91               0
  195         243.523     220.105           0.000       0.000             195               0
  237         301.181     698.614           0.000       0.000             237               0
    0        -580.393    -121.101           0.000       0.000              -0               0
   24         117.141    -320.946           0.000       0.000              24               0
  240         166.002      22.003           0.000       0.000             240               0
   96        -140.466     377.993           0.000       0.000              96               0
    7        -285.287    -274.775           0.000       0.000               7               0
  152         489.554     388.357           0.000       0.000             152               0
   37         -19.512    -239.903           0.000       0.000              37               0
   80         322.265     175.986           0.000       0.000              80               0
  113           3.630    -196.735           0.000       0.000             113               0
  122        -449.974     546.852           0.000       0.000             122               0
