SINAL     NFT                         FFT                         NFT INVERSA     FFT INVERSA
-----     -----------------------     -----------------------     -----------     -----------
  148        4070.000       0.000           0.000       0.000             148               0
  164         331.236     135.804           0.000       0.000             164               0
   37         -23.086     402.377           0.000       0.000              37               0
  219        -238.084    -218.615           0.000       0.000             219               0
   78          43.788     -94.283           0.000       0.000              78               0
  192         -95.585     430.352           0.000       0.000             192               0
  122        -271.011      46.755           0.000       0.000             122               0
    5         153.877    -286.048           0.000       0.000               5               0
  212        -106.999    -139.001           0.000       0.000             212               0
    3         502.328      83.556           0.000       0.000               3               0
  154        -593.529    -306.843           0.000       0.000             154               0
  238         267.750     177.808           0.000       0.000             238               0
    6         424.214    -300.283           0.000       0.000               6               0
  151         216.687    -951.990           0.000       0.000             151               0
  171        -216.376       0.783           0.000       0.000             171               0
  147          45.792      24.575           0.000       0.000             147               0
    0        -216.000      -0.001           0.000       0.000              -0               0
  171          45.794     -24.571           0.000       0.000             171               0
  180        -216.373      -0.782           0.000       0.000             180               0
   13         216.673     951.995           0.000       0.000              13               0
   85         424.208     300.283           0.000       0.000              85               0
   61         267.750    -177.808           0.000       0.000              61               0
   36        -593.534     306.826           0.000       0.000              36               0
  150         502.333     -83.551           0.000       0.000             150               0
  212        -107.002     138.996           0.000       0.000             212               0
  235         153.871     286.044           0.000       0.000             235               0
   86        -271.009     -46.769           0.000       0.000              86               0
  168         -95.570    -430.359           0.000       0.000             168               0
  169          43.792      94.282           0.000       0.000             169               0
  164        -238.079     218.604           0.000       0.000             164               0
  231         -23.060    -402.383           0.000       0.000             231               0
   62         331.268    -135.798           0.000       0.000              62               0
