SINAL     NFT                         FFT                         NFT INVERSA     FFT INVERSA
-----     -----------------------     -----------------------     -----------     -----------
  184        4389.000       0.000           0.000       0.000             184               0
  176         112.462     411.584           0.000       0.000             176               0
   74        -298.143    -193.299           0.000       0.000              74               0
  177        -232.019    -577.150           0.000       0.000             177               0
  187         -77.268     -40.441           0.000       0.000             187               0
  144         294.010    -303.705           0.000       0.000             144               0
  112         511.624     -41.028           0.000       0.000             112               0
  224         288.352     116.805           0.000       0.000             224               0
   15          -8.002     256.999           0.000       0.000              15               0
   51         518.658     135.905           0.000       0.000              51               0
  146          68.661      87.158           0.000       0.000             146               0
   81        -254.976    -503.928           0.000       0.000              81               0
  100        -242.733     211.557           0.000       0.000             100               0
  168         283.553    -167.391           0.000       0.000             168               0
   89        -134.147      34.890           0.000       0.000              89               0
  230          13.962    -343.341           0.000       0.000             230               0
   56        -189.000      -0.001           0.000       0.000              56               0
   82          13.956     343.339           0.000       0.000              82               0
  163        -134.144     -34.897           0.000       0.000             163               0
   73         283.550     167.393           0.000       0.000              73               0
  127        -242.729    -211.565           0.000       0.000             127               0
  190        -254.980     503.919           0.000       0.000             190               0
  241          68.672     -87.165           0.000       0.000             241               0
  124         518.665    -135.900           0.000       0.000             124               0
  188          -7.993    -257.002           0.000       0.000             188               0
  198         288.360    -116.799           0.000       0.000             198               0
  207         511.625      41.040           0.000       0.000             207               0
  246         294.003     303.710           0.000       0.000             246               0
  189         -77.269      40.437           0.000       0.000             189               0
    7        -232.025     577.140           0.000       0.000               7               0
   22        -298.132     193.281           0.000       0.000              22               0
  118         112.502    -411.590           0.000       0.000             118               0
