SINAL     NFT                         FFT                         NFT INVERSA     FFT INVERSA
-----     -----------------------     -----------------------     -----------     -----------
   59        3395.000       0.000           0.000       0.000              59               0
   18           4.710     350.029           0.000       0.000              18               0
  132         162.321    -240.125           0.000       0.000             132               0
  146         -46.119     138.360           0.000       0.000             146               0
  117        -343.775     312.750           0.000       0.000             117               0
   91        -271.246    -113.680           0.000       0.000              91               0
  143         101.003     -22.345           0.000       0.000             143               0
   63         120.356     613.444           0.000       0.000              63               0
    0        -448.000    -115.003           0.000       0.000              -0               0
  183        -230.263     275.669           0.000       0.000             183               0
    5          45.239     261.557           0.000       0.000               5               0
   42         329.229    -274.007           0.000       0.000              42               0
   50        -130.230     214.749           0.000       0.000              50               0
  191        -114.372     -31.275           0.000       0.000             191               0
   34         -24.568     451.776           0.000       0.000              34               0
  136         183.704    -397.049           0.000       0.000             136               0
   62        -183.000      -0.002           0.000       0.000              62               0
  141         183.696     397.047           0.000       0.000             141               0
  198         -24.560    -451.782           0.000       0.000             198               0
   25        -114.373      31.271           0.000       0.000              25               0
  138        -130.222    -214.753           0.000       0.000             138               0
  197         329.224     274.011           0.000       0.000             197               0
  213          45.241    -261.561           0.000       0.000             213               0
  112        -230.259    -275.675           0.000       0.000             112               0
   50        -447.999     114.991           0.000       0.000              50               0
    3         120.374    -613.442           0.000       0.000               3               0
  154         101.003      22.350           0.000       0.000             154               0
  150        -271.247     113.674           0.000       0.000             150               0
  103        -343.761    -312.758           0.000       0.000             103               0
  128         -46.104    -138.358           0.000       0.000             128               0
  148         162.329     240.128           0.000       0.000             148               0
  163           4.740    -350.028           0.000       0.000             163               0
