SINAL     NFT                         FFT                         NFT INVERSA     FFT INVERSA
-----     -----------------------     -----------------------     -----------     -----------
  204        4197.000       0.000           0.000       0.000             204               0
   89          79.085    -492.656           0.000       0.000              89               0
  134        -434.679     288.481           0.000       0.000             134               0
   98         434.241     -94.355           0.000       0.000              98               0
  149          55.652      38.270           0.000       0.000             149               0
  160          18.085     193.683           0.000       0.000             160               0
   71          13.300    -148.445           0.000       0.000              71               0
  227          80.876     327.502           0.000       0.000             227               0
  162         -32.000     -79.002           0.000       0.000             162               0
  203         187.001     -90.095           0.000       0.000             203               0
  189        -176.780     -73.716           0.000       0.000             189               0
  211         -36.953    -256.037           0.000       0.000             211               0
  217         184.345     274.271           0.000       0.000             217               0
  164        -144.391     113.773           0.000       0.000             164               0
  136         486.164    -436.785           0.000       0.000             136               0
   38         286.057    -244.398           0.000       0.000              38               0
   91         331.000       0.004           0.000       0.000              91               0
   59         286.052     244.404           0.000       0.000              59               0
  144         486.150     436.789           0.000       0.000             144               0
   58        -144.392    -113.784           0.000       0.000              58               0
    0         184.349    -274.270           0.000       0.000              -0               0
  203         -36.961     256.033           0.000       0.000             203               0
  110        -176.781      73.707           0.000       0.000             110               0
  151         187.001      90.093           0.000       0.000             151               0
  161         -32.000      78.994           0.000       0.000             161               0
   74          80.886    -327.505           0.000       0.000              74               0
  166          13.300     148.441           0.000       0.000             166               0
   64          18.094    -193.687           0.000       0.000              64               0
  132          55.661     -38.272           0.000       0.000             132               0
   54         434.245      94.360           0.000       0.000              54               0
  198        -434.662    -288.492           0.000       0.000             198               0
   80          79.104     492.654           0.000       0.000              80               0
