SINAL     NFT                         FFT                         NFT INVERSA     FFT INVERSA
-----     -----------------------     -----------------------     -----------     -----------
  123        4067.000       0.000           0.000       0.000             123               0
   28         -79.974    -107.413           0.000       0.000              28               0
   59          -7.831     238.481           0.000       0.000              59               0
  123         211.963      59.654           0.000       0.000             123               0
  255        -232.123     136.606           0.000       0.000             255               0
   58          61.790     250.010           0.000       0.000              58               0
   26          43.344     163.423           0.000       0.000              26               0
  188         -57.623     818.141           0.000       0.000             188               0
  147         483.996     521.000           0.000       0.000             147               0
  150         156.783      84.979           0.000       0.000             150               0
   30        -665.744      73.650           0.000       0.000              30               0
  227        -132.786    -448.926           0.000       0.000             227               0
  248        -227.877    -115.396           0.000       0.000             248               0
  123        -205.616     -19.640           0.000       0.000             123               0
  117         658.227      56.721           0.000       0.000             117               0
  110         125.452     299.066           0.000       0.000             110               0
  113        -395.000      -0.008           0.000       0.000             113               0
   99         125.462    -299.069           0.000       0.000              99               0
  167         658.226     -56.710           0.000       0.000             167               0
   83        -205.622      19.634           0.000       0.000              83               0
   81        -227.881     115.389           0.000       0.000              81               0
  249        -132.796     448.916           0.000       0.000             249               0
   38        -665.737     -73.674           0.000       0.000              38               0
  159         156.795     -84.986           0.000       0.000             159               0
   82         484.011    -520.999           0.000       0.000              82               0
  146         -57.604    -818.143           0.000       0.000             146               0
   19          43.351    -163.419           0.000       0.000              19               0
  252          61.799    -250.007           0.000       0.000             252               0
  111        -232.113    -136.609           0.000       0.000             111               0
    2         211.974     -59.648           0.000       0.000               2               0
  220          -7.814    -238.479           0.000       0.000             220               0
  234         -79.949     107.414           0.000       0.000             234               0
