SINAL     NFT                         FFT                         NFT INVERSA     FFT INVERSA
-----     -----------------------     -----------------------     -----------     -----------
  224        3954.000       0.000           0.000       0.000             224               0
  190         493.608    -608.232           0.000       0.000             190               0
  253        -233.607    -483.226           0.000       0.000             253               0
  218          12.355    -190.365           0.000       0.000             218               0
   41         231.524      -4.621           0.000       0.000              41               0
  248          42.729    -340.168           0.000       0.000             248               0
  189         133.103    -822.923           0.000       0.000             189               0
  234         -67.954     257.296           0.000       0.000             234               0
  230        -239.999    -212.002           0.000       0.000             230               0
  125         -54.645    -163.983           0.000       0.000             125               0
   21         219.319    -383.946           0.000       0.000              21               0
  220         457.998     670.836           0.000       0.000             220               0
    9         644.472     239.382           0.000       0.000               9               0
  198        -126.911    -103.419           0.000       0.000             198               0
   68         105.189      67.747           0.000       0.000              68               0
    6         218.817    -433.558           0.000       0.000               6               0
  102        -458.000      -0.004           0.000       0.000             102               0
  171         218.811     433.559           0.000       0.000             171               0
   71         105.192     -67.752           0.000       0.000              71               0
   31        -126.908     103.410           0.000       0.000              31               0
   52         644.481    -239.376           0.000       0.000              52               0
  108         458.010    -670.825           0.000       0.000             108               0
  159         219.307     383.954           0.000       0.000             159               0
  202         -54.652     163.980           0.000       0.000             202               0
   40        -240.003     211.994           0.000       0.000              40               0
    4         -67.944    -257.296           0.000       0.000               4               0
  213         133.091     822.925           0.000       0.000             213               0
   61          42.728     340.160           0.000       0.000              61               0
   56         231.530       4.618           0.000       0.000              56               0
  165          12.358     190.361           0.000       0.000             165               0
   20        -233.601     483.214           0.000       0.000              20               0
   25         493.624     608.228           0.000       0.000              25               0
