SINAL     NFT                         FFT                         NFT INVERSA     FFT INVERSA
-----     -----------------------     -----------------------     -----------     -----------
  157        4091.000       0.000           0.000       0.000             157               0
   69         -65.733     -27.547           0.000       0.000              69               0
    8        -122.199     317.861           0.000       0.000               8               0
  100          79.586     157.474           0.000       0.000             100               0
  180        -607.195      32.124           0.000       0.000             180               0
  242          63.732     359.677           0.000       0.000             242               0
   22          81.473       6.980           0.000       0.000              22               0
   70         363.210     412.728           0.000       0.000              70               0
  183         358.001    -411.000           0.000       0.000             183               0
   81         211.567     -10.181           0.000       0.000              81               0
  167        -156.427    -141.691           0.000       0.000             167               0
  179        -373.022     332.408           0.000       0.000             179               0
  171        -110.801    -225.878           0.000       0.000             171               0
  255         727.044    -716.544           0.000       0.000             255               0
   92         197.146     373.194           0.000       0.000              92               0
   35        -198.386     -73.219           0.000       0.000              35               0
   56          37.000      -0.001           0.000       0.000              56               0
  166        -198.385      73.212           0.000       0.000             166               0
  178         197.159    -373.189           0.000       0.000             178               0
   34         727.027     716.559           0.000       0.000              34               0
  238        -110.812     225.867           0.000       0.000             238               0
   46        -373.015    -332.421           0.000       0.000              46               0
  202        -156.425     141.685           0.000       0.000             202               0
   79         211.573      10.182           0.000       0.000              79               0
   30         357.996     411.000           0.000       0.000              30               0
  240         363.218    -412.728           0.000       0.000             240               0
    9          81.472      -6.983           0.000       0.000               9               0
  213          63.737    -359.680           0.000       0.000             213               0
  196        -607.190     -32.139           0.000       0.000             196               0
  120          79.600    -157.476           0.000       0.000             120               0
  175        -122.180    -317.863           0.000       0.000             175               0
   98         -65.706      27.547           0.000       0.000              98               0
