SINAL     NFT                         FFT                         NFT INVERSA     FFT INVERSA
-----     -----------------------     -----------------------     -----------     -----------
  106        4164.000       0.000           0.000       0.000             106               0
  213         228.709     -11.990           0.000       0.000             213               0
   87         151.548      84.337           0.000       0.000              87               0
  230        -695.913      56.309           0.000       0.000             230               0
   71          18.972    -145.803           0.000       0.000              71               0
  170        -160.188    -475.788           0.000       0.000             170               0
  154         257.816    -176.488           0.000       0.000             154               0
  158         -16.341    -131.199           0.000       0.000             158               0
  182        -481.000      12.997           0.000       0.000             182               0
   20         865.809    -261.353           0.000       0.000              20               0
  136        -323.700      86.254           0.000       0.000             136               0
  148         156.227     -10.309           0.000       0.000             148               0
   26         323.026     -33.801           0.000       0.000              26               0
    3        -130.263    -312.252           0.000       0.000               3               0
  253         -81.667    -268.918           0.000       0.000             253               0
  189        -528.042     -32.192           0.000       0.000             189               0
  141          58.000       0.002           0.000       0.000             141               0
  105        -528.041      32.184           0.000       0.000             105               0
  255         -81.668     268.918           0.000       0.000             255               0
   32        -130.263     312.248           0.000       0.000              32               0
   13         323.031      33.805           0.000       0.000              13               0
  169         156.228      10.310           0.000       0.000             169               0
  136        -323.693     -86.261           0.000       0.000             136               0
   22         865.805     261.370           0.000       0.000              22               0
   64        -481.001     -13.009           0.000       0.000              64               0
  150         -16.338     131.198           0.000       0.000             150               0
  198         257.815     176.493           0.000       0.000             198               0
  192        -160.195     475.781           0.000       0.000             192               0
  212          18.972     145.796           0.000       0.000             212               0
  190        -695.902     -56.330           0.000       0.000             190               0
   77         151.570     -84.338           0.000       0.000              77               0
   62         228.737      11.991           0.000       0.000              62               0
