SINAL     NFT                         FFT                         NFT INVERSA     FFT INVERSA
-----     -----------------------     -----------------------     -----------     -----------
  147        3880.000       0.000           0.000       0.000             147               0
   24        -250.641     325.217           0.000       0.000              24               0
   53        -193.730     -32.381           0.000       0.000              53               0
    8         -42.425     257.626           0.000       0.000               8               0
  116         143.978    -168.272           0.000       0.000             116               0
  196         426.255     531.692           0.000       0.000             196               0
   72         260.966     244.913           0.000       0.000              72               0
  116         388.031     169.678           0.000       0.000             116               0
  124         109.997     184.000           0.000       0.000             124               0
   78        -172.162     262.746           0.000       0.000              78               0
  159          49.550    -335.521           0.000       0.000             159               0
  175        -312.310     756.898           0.000       0.000             175               0
   13        -169.979     193.723           0.000       0.000              13               0
  193         180.673    -237.512           0.000       0.000             193               0
   55          43.211     183.184           0.000       0.000              55               0
   75         326.561     193.941           0.000       0.000              75               0
   79        -752.000      -0.012           0.000       0.000              79               0
  254         326.569    -193.942           0.000       0.000             254               0
  101          43.215    -183.188           0.000       0.000             101               0
  217         180.667     237.509           0.000       0.000             217               0
  196        -169.976    -193.737           0.000       0.000             196               0
   59        -312.291    -756.907           0.000       0.000              59               0
   73          49.547     335.520           0.000       0.000              73               0
  247        -172.151    -262.755           0.000       0.000             247               0
   62         110.009    -184.001           0.000       0.000              62               0
  228         388.041    -169.674           0.000       0.000             228               0
  141         260.976    -244.911           0.000       0.000             141               0
  165         426.268    -531.682           0.000       0.000             165               0
  100         143.975     168.276           0.000       0.000             100               0
   34         -42.417    -257.627           0.000       0.000              34               0
   73        -193.722      32.377           0.000       0.000              73               0
  247        -250.609    -325.221           0.000       0.000             247               0
