SINAL     NFT                         FFT                         NFT INVERSA     FFT INVERSA
-----     -----------------------     -----------------------     -----------     -----------
   40        3185.000       0.000           0.000       0.000              40               0
   12        -310.358    -359.631           0.000       0.000              12               0
  242          56.455      63.767           0.000       0.000             242               0
   71        -348.790    -377.877           0.000       0.000              71               0
   66         -47.229    -187.474           0.000       0.000              66               0
  215          90.363     130.255           0.000       0.000             215               0
   84          37.583     139.829           0.000       0.000              84               0
  122        -236.578     -98.443           0.000       0.000             122               0
   56        -418.000    -147.002           0.000       0.000              56               0
   27        -434.207     213.035           0.000       0.000              27               0
  253         204.542    -161.965           0.000       0.000             253               0
   44        -375.177     295.319           0.000       0.000              44               0
  127         217.227     590.526           0.000       0.000             127               0
  197         359.473     215.572           0.000       0.000             197               0
  132          41.423    -350.030           0.000       0.000             132               0
  109         175.267     236.230           0.000       0.000             109               0
  175          71.000      -0.002           0.000       0.000             175               0
  152         175.272    -236.228           0.000       0.000             152               0
   35          41.416     350.027           0.000       0.000              35               0
  145         359.476    -215.573           0.000       0.000             145               0
   50         217.233    -590.524           0.000       0.000              50               0
   69        -375.174    -295.323           0.000       0.000              69               0
   24         204.535     161.971           0.000       0.000              24               0
   89        -434.206    -213.042           0.000       0.000              89               0
   74        -418.001     146.995           0.000       0.000              74               0
  117        -236.575      98.437           0.000       0.000             117               0
  176          37.592    -139.829           0.000       0.000             176               0
   68          90.369    -130.250           0.000       0.000              68               0
   17         -47.231     187.476           0.000       0.000              17               0
   63        -348.792     377.868           0.000       0.000              63               0
   77          56.466     -63.768           0.000       0.000              77               0
   57        -310.345     359.622           0.000       0.000              57               0
