SINAL     NFT                         FFT                         NFT INVERSA     FFT INVERSA
-----     -----------------------     -----------------------     -----------     -----------
   23        3826.000       0.000           0.000       0.000              23               0
   65        -521.160     470.345           0.000       0.000              65               0
   82        -544.631     217.933           0.000       0.000              82               0
    5         289.591     156.356           0.000       0.000               5               0
   60        -462.303    -327.016           0.000       0.000              60               0
   90         151.634    -118.208           0.000       0.000              90               0
  150         576.883     199.060           0.000       0.000             150               0
    2         -11.676      60.977           0.000       0.000               2               0
   33          17.999    -178.000           0.000       0.000              33               0
  250        -659.183     196.195           0.000       0.000             250               0
  162         149.728     354.188           0.000       0.000             162               0
  139        -107.680     -79.484           0.000       0.000             139               0
  230         -43.695    -233.014           0.000       0.000             230               0
  104        -297.270     404.654           0.000       0.000             104               0
   81         154.016       9.064           0.000       0.000              81               0
   15        -180.269     311.136           0.000       0.000              15               0
  190        -114.000      -0.004           0.000       0.000             190               0
   81        -180.261    -311.143           0.000       0.000              81               0
   56         154.016      -9.063           0.000       0.000              56               0
  223        -297.262    -404.659           0.000       0.000             223               0
  192         -43.698     233.014           0.000       0.000             192               0
  249        -107.680      79.479           0.000       0.000             249               0
  162         149.734    -354.187           0.000       0.000             162               0
  121        -659.176    -196.206           0.000       0.000             121               0
   96          18.003     178.001           0.000       0.000              96               0
  166         -11.667     -60.978           0.000       0.000             166               0
  183         576.891    -199.047           0.000       0.000             183               0
  254         151.629     118.214           0.000       0.000             254               0
  113        -462.308     327.004           0.000       0.000             113               0
   69         289.598    -156.354           0.000       0.000              69               0
   43        -544.620    -217.946           0.000       0.000              43               0
  137        -521.124    -470.352           0.000       0.000             137               0
