SINAL     NFT                         FFT                         NFT INVERSA     FFT INVERSA
-----     -----------------------     -----------------------     -----------     -----------
  100        3591.000       0.000           0.000       0.000             100               0
   18          98.787    -320.802           0.000       0.000              18               0
   84           0.631     203.123           0.000       0.000              84               0
  230          66.441       5.347           0.000       0.000             230               0
   48        -456.831     340.020           0.000       0.000              48               0
  148          -0.042     -91.803           0.000       0.000             148               0
  254         146.451     454.914           0.000       0.000             254               0
   17           6.478    -124.457           0.000       0.000              17               0
   68         -94.003     379.000           0.000       0.000              68               0
  188        -691.470     558.374           0.000       0.000             188               0
  118         186.200      96.437           0.000       0.000             118               0
  155         438.245      -1.575           0.000       0.000             155               0
  106         364.830    -315.979           0.000       0.000             106               0
  174        -145.586    -248.525           0.000       0.000             174               0
  153         122.713     148.648           0.000       0.000             153               0
  110        -140.859      49.933           0.000       0.000             110               0
  146        -195.000      -0.004           0.000       0.000             146               0
    0        -140.855     -49.940           0.000       0.000              -0               0
    3         122.719    -148.647           0.000       0.000               3               0
  109        -145.587     248.521           0.000       0.000             109               0
  202         364.827     315.980           0.000       0.000             202               0
  103         438.243       1.575           0.000       0.000             103               0
   34         186.195     -96.442           0.000       0.000              34               0
  132        -691.460    -558.394           0.000       0.000             132               0
   64         -93.990    -379.001           0.000       0.000              64               0
   23           6.480     124.456           0.000       0.000              23               0
   79         146.464    -454.912           0.000       0.000              79               0
  215          -0.043      91.803           0.000       0.000             215               0
   68        -456.818    -340.029           0.000       0.000              68               0
  103          66.452      -5.344           0.000       0.000             103               0
  171           0.649    -203.120           0.000       0.000             171               0
  168          98.805     320.806           0.000       0.000             168               0
