SINAL     NFT                         FFT                         NFT INVERSA     FFT INVERSA
-----     -----------------------     -----------------------     -----------     -----------
  145        4608.000       0.000           0.000       0.000             145               0
  239         165.679    -211.320           0.000       0.000             239               0
  167         228.460      -7.680           0.000       0.000             167               0
  235         148.154    -442.866           0.000       0.000             235               0
   97         204.472     -68.681           0.000       0.000              97               0
  189         -14.581     103.545           0.000       0.000             189               0
  173         -98.206    -111.466           0.000       0.000             173               0
   16         271.506     513.157           0.000       0.000              16               0
  135        -207.999    -604.002           0.000       0.000             135               0
  237        -582.668     468.278           0.000       0.000             237               0
  132        -319.482      12.405           0.000       0.000             132               0
   22         428.996    -543.569           0.000       0.000              22               0
  220         269.526    -106.679           0.000       0.000             220               0
  243         -23.961     -25.905           0.000       0.000             243               0
  161        -190.771    -275.807           0.000       0.000             161               0
   76        -153.135     127.881           0.000       0.000              76               0
  115        -220.000      -0.003           0.000       0.000             115               0
  232        -153.131    -127.884           0.000       0.000             232               0
  156        -190.774     275.803           0.000       0.000             156               0
   35         -23.956      25.903           0.000       0.000              35               0
   43         269.528     106.685           0.000       0.000              43               0
  212         428.982     543.573           0.000       0.000             212               0
   79        -319.486     -12.421           0.000       0.000              79               0
  155        -582.654    -468.292           0.000       0.000             155               0
  220        -208.002     603.994           0.000       0.000             220               0
   66         271.524    -513.156           0.000       0.000              66               0
  136         -98.202     111.462           0.000       0.000             136               0
  203         -14.569    -103.547           0.000       0.000             203               0
   18         204.481      68.685           0.000       0.000              18               0
   91         148.157     442.866           0.000       0.000              91               0
  197         228.476       7.679           0.000       0.000             197               0
  163         165.705     211.318           0.000       0.000             163               0
