SINAL     NFT                         FFT                         NFT INVERSA     FFT INVERSA
-----     -----------------------     -----------------------     -----------     -----------
   64        5356.000       0.000           0.000       0.000              64               0
  188         405.540      -8.341           0.000       0.000             188               0
   73        -134.244     252.043           0.000       0.000              73               0
  241        -353.097     202.911           0.000       0.000             241               0
  166          95.170      47.373           0.000       0.000             166               0
  222         -56.926     262.123           0.000       0.000             222               0
  140        -404.101     498.249           0.000       0.000             140               0
  203        -118.692    -311.336           0.000       0.000             203               0
  216          81.998     258.000           0.000       0.000             216               0
  152         -55.949     110.788           0.000       0.000             152               0
  160        -126.918    -649.366           0.000       0.000             160               0
  241          43.073     496.646           0.000       0.000             241               0
   18         100.827     -92.629           0.000       0.000              18               0
  122        -479.298    -188.340           0.000       0.000             122               0
  249         -34.738    -195.574           0.000       0.000             249               0
   99        -392.662    -187.987           0.000       0.000              99               0
  190        -448.000      -0.003           0.000       0.000             190               0
  136        -392.662     187.980           0.000       0.000             136               0
   97         -34.739     195.572           0.000       0.000              97               0
  172        -479.297     188.327           0.000       0.000             172               0
  214         100.831      92.625           0.000       0.000             214               0
   64          43.087    -496.645           0.000       0.000              64               0
    1        -126.928     649.362           0.000       0.000               1               0
  227         -55.942    -110.797           0.000       0.000             227               0
  213          82.007    -258.001           0.000       0.000             213               0
  192        -118.696     311.329           0.000       0.000             192               0
  228        -404.085    -498.263           0.000       0.000             228               0
  145         -56.910    -262.124           0.000       0.000             145               0
  187          95.180     -47.371           0.000       0.000             187               0
  246        -353.080    -202.919           0.000       0.000             246               0
  238        -134.215    -252.044           0.000       0.000             238               0
  252         405.578       8.352           0.000       0.000             252               0
