SINAL     NFT                         FFT                         NFT INVERSA     FFT INVERSA
-----     -----------------------     -----------------------     -----------     -----------
  125        4732.000       0.000           0.000       0.000             125               0
  203         129.838       0.342           0.000       0.000             203               0
  148         424.349     -58.856           0.000       0.000             148               0
  125        -218.604     567.024           0.000       0.000             125               0
  127         265.881     -89.103           0.000       0.000             127               0
  152         -67.639      -3.277           0.000       0.000             152               0
  165        -274.797     261.892           0.000       0.000             165               0
  103          73.940    -116.425           0.000       0.000             103               0
  189        -268.000    -284.002           0.000       0.000             189               0
  212         -76.711     -50.401           0.000       0.000             212               0
  143        -448.312      31.297           0.000       0.000             143               0
   38         157.420    -335.587           0.000       0.000              38               0
  126         130.120    -369.101           0.000       0.000             126               0
    6          93.270     242.813           0.000       0.000               6               0
  250         266.755    -105.446           0.000       0.000             250               0
  131        -411.529     714.458           0.000       0.000             131               0
  165        -284.000      -0.008           0.000       0.000             165               0
  199        -411.510    -714.469           0.000       0.000             199               0
  229         266.758     105.453           0.000       0.000             229               0
  202          93.276    -242.809           0.000       0.000             202               0
   91         130.113     369.106           0.000       0.000              91               0
  190         157.411     335.587           0.000       0.000             190               0
   32        -448.312     -31.311           0.000       0.000              32               0
   94         -76.708      50.397           0.000       0.000              94               0
  109        -268.001     283.993           0.000       0.000             109               0
  189          73.943     116.419           0.000       0.000             189               0
   33        -274.785    -261.903           0.000       0.000              33               0
  248         -67.628       3.272           0.000       0.000             248               0
   46         265.889      89.102           0.000       0.000              46               0
  245        -218.579    -567.031           0.000       0.000             245               0
  246         424.367      58.866           0.000       0.000             246               0
  171         129.868      -0.341           0.000       0.000             171               0
