SINAL     NFT                         FFT                         NFT INVERSA     FFT INVERSA
-----     -----------------------     -----------------------     -----------     -----------
    6        4271.000       0.000           0.000       0.000               6               0
   25        -211.604     133.960           0.000       0.000              25               0
   77        -790.158    -162.736           0.000       0.000              77               0
   71        -433.967     182.281           0.000       0.000              71               0
  218        -497.155     293.080           0.000       0.000             218               0
  146         244.392    -200.484           0.000       0.000             146               0
  183          -4.823     113.119           0.000       0.000             183               0
  251        -468.268      93.531           0.000       0.000             251               0
  237          54.001      47.000           0.000       0.000             237               0
    2         240.648    -109.015           0.000       0.000               2               0
  123        -106.341    -682.527           0.000       0.000             123               0
  185         -95.426     182.839           0.000       0.000             185               0
   75         429.154     141.087           0.000       0.000              75               0
  147         -62.720     402.053           0.000       0.000             147               0
  157        -282.678     225.615           0.000       0.000             157               0
   69          34.936     343.860           0.000       0.000              69               0
  100        -179.000      -0.006           0.000       0.000             100               0
  136          34.943    -343.864           0.000       0.000             136               0
   32        -282.672    -225.623           0.000       0.000              32               0
  186         -62.707    -402.054           0.000       0.000             186               0
  201         429.157    -141.074           0.000       0.000             201               0
  248         -95.425    -182.834           0.000       0.000             248               0
  134        -106.355     682.528           0.000       0.000             134               0
  106         240.646     109.016           0.000       0.000             106               0
  165          53.998     -47.001           0.000       0.000             165               0
  141        -468.267     -93.542           0.000       0.000             141               0
  228          -4.817    -113.119           0.000       0.000             228               0
  213         244.386     200.488           0.000       0.000             213               0
   48        -497.151    -293.092           0.000       0.000              48               0
  244        -433.959    -182.287           0.000       0.000             244               0
   62        -790.147     162.721           0.000       0.000              62               0
   55        -211.569    -133.964           0.000       0.000              55               0
