SINAL     NFT                         FFT                         NFT INVERSA     FFT INVERSA
-----     -----------------------     -----------------------     -----------     -----------
   75        3600.000       0.000           0.000       0.000              75               0
  109        -186.192     150.165           0.000       0.000             109               0
  142          87.394    -226.328           0.000       0.000             142               0
  172        -539.478     161.091           0.000       0.000             172               0
   42          99.433    -458.744           0.000       0.000              42               0
   60          80.621    -122.096           0.000       0.000              60               0
  189        -140.933    -331.890           0.000       0.000             189               0
  177          80.406    -395.358           0.000       0.000             177               0
   41        -133.001     179.001           0.000       0.000              41               0
   65         153.083     685.678           0.000       0.000              65               0
  199         288.171      24.486           0.000       0.000             199               0
    6          62.762      81.531           0.000       0.000               6               0
   52        -603.434     211.249           0.000       0.000              52               0
  104         230.674    -428.543           0.000       0.000             104               0
   82        -146.630    -149.954           0.000       0.000              82               0
  168          70.121      21.940           0.000       0.000             168               0
   81          -6.000      -0.000           0.000       0.000              81               0
  238          70.121     -21.938           0.000       0.000             238               0
  203        -146.633     149.952           0.000       0.000             203               0
  125         230.664     428.543           0.000       0.000             125               0
  194        -603.429    -211.268           0.000       0.000             194               0
   27          62.770     -81.533           0.000       0.000              27               0
   25         288.174     -24.485           0.000       0.000              25               0
  158         153.097    -685.675           0.000       0.000             158               0
   93        -132.997    -178.997           0.000       0.000              93               0
  162          80.399     395.364           0.000       0.000             162               0
  106        -140.938     331.886           0.000       0.000             106               0
  112          80.622     122.097           0.000       0.000             112               0
  254          99.425     458.742           0.000       0.000             254               0
   47        -539.468    -161.107           0.000       0.000              47               0
   19          87.402     226.326           0.000       0.000              19               0
   73        -186.165    -150.174           0.000       0.000              73               0
