SINAL     NFT                         FFT                         NFT INVERSA     FFT INVERSA
-----     -----------------------     -----------------------     -----------     -----------
   96        4121.000       0.000           0.000       0.000              96               0
  176         311.486     120.248           0.000       0.000             176               0
  226         -96.383    -190.319           0.000       0.000             226               0
  178         135.412    -440.800           0.000       0.000             178               0
   48         272.073      86.384           0.000       0.000              48               0
  188         170.042     -48.794           0.000       0.000             188               0
  151          67.678     174.333           0.000       0.000             151               0
   70        -782.413     387.016           0.000       0.000              70               0
  180         -63.998    -553.001           0.000       0.000             180               0
   96        -663.040     -29.654           0.000       0.000              96               0
   85         220.610     172.091           0.000       0.000              85               0
   41        -109.357     206.545           0.000       0.000              41               0
  158         117.923     288.381           0.000       0.000             158               0
  211        -180.670    -547.203           0.000       0.000             211               0
   14          48.093    -196.560           0.000       0.000              14               0
   63         -89.462     -42.163           0.000       0.000              63               0
  247         235.000       0.003           0.000       0.000             247               0
   71         -89.464      42.162           0.000       0.000              71               0
   49          48.089     196.562           0.000       0.000              49               0
   21        -180.681     547.194           0.000       0.000              21               0
  167         117.929    -288.386           0.000       0.000             167               0
  194        -109.353    -206.550           0.000       0.000             194               0
  133         220.611    -172.086           0.000       0.000             133               0
  153        -663.042      29.642           0.000       0.000             153               0
  103         -64.006     552.996           0.000       0.000             103               0
  242        -782.397    -387.038           0.000       0.000             242               0
  251          67.695    -174.331           0.000       0.000             251               0
   14         170.052      48.798           0.000       0.000              14               0
   58         272.084     -86.377           0.000       0.000              58               0
   70         135.412     440.803           0.000       0.000              70               0
  212         -96.372     190.311           0.000       0.000             212               0
  155         311.517    -120.247           0.000       0.000             155               0
