SINAL     NFT                         FFT                         NFT INVERSA     FFT INVERSA
-----     -----------------------     -----------------------     -----------     -----------
   55        4077.000       0.000           0.000       0.000              55               0
   24         -47.710     -19.595           0.000       0.000              24               0
   27          19.176    -143.247           0.000       0.000              27               0
  216        -573.363      11.937           0.000       0.000             216               0
  253        -298.861     247.336           0.000       0.000             253               0
   72         242.860     365.833           0.000       0.000              72               0
  223        -276.658     162.102           0.000       0.000             223               0
  193        -134.579     193.825           0.000       0.000             193               0
  101         320.997     586.001           0.000       0.000             101               0
   39          94.210     335.706           0.000       0.000              39               0
   50         292.496     -14.175           0.000       0.000              50               0
  123        -446.398    -106.225           0.000       0.000             123               0
  131         150.863    -538.663           0.000       0.000             131               0
  148        -273.948     210.845           0.000       0.000             148               0
  183         -91.020     256.474           0.000       0.000             183               0
   40        -397.079    -118.758           0.000       0.000              40               0
  247         521.000       0.004           0.000       0.000             247               0
   74        -397.085     118.745           0.000       0.000              74               0
  134         -91.014    -256.479           0.000       0.000             134               0
  210        -273.940    -210.849           0.000       0.000             210               0
  165         150.854     538.665           0.000       0.000             165               0
   14        -446.397     106.208           0.000       0.000              14               0
  150         292.502      14.172           0.000       0.000             150               0
   29          94.219    -335.712           0.000       0.000              29               0
  215         321.009    -585.997           0.000       0.000             215               0
  133        -134.577    -193.826           0.000       0.000             133               0
   87        -276.652    -162.108           0.000       0.000              87               0
  173         242.870    -365.827           0.000       0.000             173               0
  143        -298.854    -247.338           0.000       0.000             143               0
   92        -573.353     -11.944           0.000       0.000              92               0
  135          19.190     143.250           0.000       0.000             135               0
  198         -47.682      19.595           0.000       0.000             198               0
