SINAL     NFT                         FFT                         NFT INVERSA     FFT INVERSA
-----     -----------------------     -----------------------     -----------     -----------
  113        4203.000       0.000           0.000       0.000             113               0
   27        -268.336    -191.190           0.000       0.000              27               0
    7        -599.813    -588.354           0.000       0.000               7               0
  235         107.423     177.203           0.000       0.000             235               0
  198        -594.484     463.282           0.000       0.000             198               0
  178        -169.976    -320.419           0.000       0.000             178               0
  225         -83.423     291.183           0.000       0.000             225               0
  118         348.313       9.942           0.000       0.000             118               0
  174         551.000     -11.997           0.000       0.000             174               0
  237        -143.963     446.242           0.000       0.000             237               0
  138         207.977     251.674           0.000       0.000             138               0
   31         156.330    -358.361           0.000       0.000              31               0
  157          98.485    -406.716           0.000       0.000             157               0
  171         232.164      74.644           0.000       0.000             171               0
   90        -460.740    -251.866           0.000       0.000              90               0
  149         322.044    -131.501           0.000       0.000             149               0
   40           7.000       0.001           0.000       0.000              40               0
  118         322.039     131.508           0.000       0.000             118               0
    0        -460.745     251.855           0.000       0.000              -0               0
  232         232.169     -74.641           0.000       0.000             232               0
  243          98.478     406.716           0.000       0.000             243               0
  248         156.324     358.356           0.000       0.000             248               0
  209         207.982    -251.679           0.000       0.000             209               0
   94        -143.951    -446.248           0.000       0.000              94               0
  213         551.001      12.008           0.000       0.000             213               0
   13         348.309      -9.938           0.000       0.000              13               0
   26         -83.423    -291.185           0.000       0.000              26               0
  136        -169.986     320.413           0.000       0.000             136               0
  190        -594.471    -463.297           0.000       0.000             190               0
   63         107.433    -177.196           0.000       0.000              63               0
   82        -599.815     588.342           0.000       0.000              82               0
   48        -268.310     191.178           0.000       0.000              48               0
