SINAL     NFT                         FFT                         NFT INVERSA     FFT INVERSA
-----     -----------------------     -----------------------     -----------     -----------
  183        4254.000       0.000           0.000       0.000             183               0
   96          84.963      75.293           0.000       0.000              96               0
   40         120.764     184.239           0.000       0.000              40               0
  115        -206.626      -5.035           0.000       0.000             115               0
  241         333.767     172.564           0.000       0.000             241               0
  152        -481.098     256.767           0.000       0.000             152               0
   83          43.074     407.219           0.000       0.000              83               0
    0         218.600     305.627           0.000       0.000              -0               0
  204         765.000    -292.998           0.000       0.000             204               0
  230        -404.548    -174.156           0.000       0.000             230               0
   82         207.355     374.491           0.000       0.000              82               0
   48        -501.052     -90.429           0.000       0.000              48               0
  142         -77.761    -677.440           0.000       0.000             142               0
  172         373.031    -219.487           0.000       0.000             172               0
   22        -235.200     191.508           0.000       0.000              22               0
  199         348.730    -231.750           0.000       0.000             199               0
  254         424.000       0.005           0.000       0.000             254               0
  186         348.720     231.755           0.000       0.000             186               0
   16        -235.198    -191.515           0.000       0.000              16               0
  126         373.025     219.495           0.000       0.000             126               0
  120         -77.780     677.433           0.000       0.000             120               0
    1        -501.052      90.408           0.000       0.000               1               0
  250         207.367    -374.493           0.000       0.000             250               0
   53        -404.544     174.144           0.000       0.000              53               0
  199         765.000     293.005           0.000       0.000             199               0
  202         218.605    -305.633           0.000       0.000             202               0
   43          43.081    -407.223           0.000       0.000              43               0
  133        -481.087    -256.780           0.000       0.000             133               0
  209         333.778    -172.558           0.000       0.000             209               0
   65        -206.617       5.029           0.000       0.000              65               0
  251         120.784    -184.238           0.000       0.000             251               0
  137          84.993     -75.292           0.000       0.000             137               0
