SINAL     NFT                         FFT                         NFT INVERSA     FFT INVERSA
-----     -----------------------     -----------------------     -----------     -----------
   59        3437.000       0.000           0.000       0.000              59               0
  114        -114.318     739.355           0.000       0.000             114               0
  177         386.074      44.019           0.000       0.000             177               0
   26         -11.901      -0.756           0.000       0.000              26               0
   36         672.631    -160.228           0.000       0.000              36               0
   42         -40.956     357.562           0.000       0.000              42               0
   35        -105.190     147.992           0.000       0.000              35               0
   24        -462.313     149.092           0.000       0.000              24               0
  107        -147.000     -78.001           0.000       0.000             107               0
   50         -39.491    -196.222           0.000       0.000              50               0
   65        -510.581     780.623           0.000       0.000              65               0
   21        -367.588    -267.772           0.000       0.000              21               0
  147        -328.632     233.765           0.000       0.000             147               0
   17         -72.323    -261.602           0.000       0.000              17               0
   16         -54.308    -263.347           0.000       0.000              16               0
  227         196.889      46.526           0.000       0.000             227               0
  173         449.000       0.004           0.000       0.000             173               0
  138         196.886     -46.521           0.000       0.000             138               0
  246         -54.319     263.346           0.000       0.000             246               0
  100         -72.333     261.596           0.000       0.000             100               0
   28        -328.631    -233.777           0.000       0.000              28               0
  168        -367.594     267.759           0.000       0.000             168               0
  122        -510.560    -780.636           0.000       0.000             122               0
   81         -39.490     196.223           0.000       0.000              81               0
  196        -146.999      77.996           0.000       0.000             196               0
  255        -462.303    -149.105           0.000       0.000             255               0
  133        -105.176    -147.996           0.000       0.000             133               0
   17         -40.936    -357.562           0.000       0.000              17               0
  152         672.637     160.244           0.000       0.000             152               0
    2         -11.893       0.754           0.000       0.000               2               0
  251         386.085     -44.014           0.000       0.000             251               0
  212        -114.282    -739.355           0.000       0.000             212               0
