SINAL     NFT                         FFT                         NFT INVERSA     FFT INVERSA
-----     -----------------------     -----------------------     -----------     -----------
  219        3485.000       0.000           0.000       0.000             219               0
  194         313.966    -287.705           0.000       0.000             194               0
   21        -162.868     324.346           0.000       0.000              21               0
   60          86.385      47.010           0.000       0.000              60               0
   42         421.032     185.391           0.000       0.000              42               0
  222         -38.071     440.875           0.000       0.000             222               0
  108         277.113    -260.706           0.000       0.000             108               0
  219         118.760    -471.081           0.000       0.000             219               0
   36        -104.000    -223.002           0.000       0.000              36               0
  116          -5.444    -276.345           0.000       0.000             116               0
  249         453.638    -295.002           0.000       0.000             249               0
  102         -73.850    -485.262           0.000       0.000             102               0
  109         314.963     469.393           0.000       0.000             109               0
  137         249.049     -76.252           0.000       0.000             137               0
   17          28.118    -257.954           0.000       0.000              17               0
  113        -186.789    -562.094           0.000       0.000             113               0
  161         139.000       0.005           0.000       0.000             161               0
   25        -186.800     562.091           0.000       0.000              25               0
  123          28.117     257.950           0.000       0.000             123               0
   31         249.051      76.250           0.000       0.000              31               0
   11         314.974    -469.387           0.000       0.000              11               0
   18         -73.858     485.262           0.000       0.000              18               0
  118         453.633     295.008           0.000       0.000             118               0
  121          -5.451     276.341           0.000       0.000             121               0
  195        -104.001     222.994           0.000       0.000             195               0
   42         118.755     471.075           0.000       0.000              42               0
  157         277.111     260.699           0.000       0.000             157               0
   35         -38.056    -440.887           0.000       0.000              35               0
   81         421.041    -185.388           0.000       0.000              81               0
  194          86.391     -47.014           0.000       0.000             194               0
  165        -162.850    -324.352           0.000       0.000             165               0
   44         313.984     287.709           0.000       0.000              44               0
