SINAL     NFT                         FFT                         NFT INVERSA     FFT INVERSA
-----     -----------------------     -----------------------     -----------     -----------
  244        3962.000       0.000           0.000       0.000             244               0
  145         255.612     314.819           0.000       0.000             145               0
  179         228.146    -170.570           0.000       0.000             179               0
  115        -217.520    -371.306           0.000       0.000             115               0
   98         447.901     102.616           0.000       0.000              98               0
  144        -188.645    -184.316           0.000       0.000             144               0
  197         643.994    -183.708           0.000       0.000             197               0
   44         258.313    -171.318           0.000       0.000              44               0
   44         105.997     148.000           0.000       0.000              44               0
  141        -115.981     189.053           0.000       0.000             141               0
   28        -195.302     356.603           0.000       0.000              28               0
   87         496.021     -18.905           0.000       0.000              87               0
   94         -49.902    -139.387           0.000       0.000              94               0
    7         -26.609     300.527           0.000       0.000               7               0
  117         -36.838    -210.257           0.000       0.000             117               0
  254         530.798     253.621           0.000       0.000             254               0
  120        -426.000      -0.009           0.000       0.000             120               0
  227         530.805    -253.616           0.000       0.000             227               0
   20         -36.844     210.250           0.000       0.000              20               0
  105         -26.602    -300.534           0.000       0.000             105               0
   14         -49.901     139.381           0.000       0.000              14               0
  201         496.022      18.907           0.000       0.000             201               0
  108        -195.295    -356.613           0.000       0.000             108               0
  217        -115.972    -189.058           0.000       0.000             217               0
  160         106.008    -147.999           0.000       0.000             160               0
   93         258.317     171.322           0.000       0.000              93               0
  128         643.993     183.718           0.000       0.000             128               0
  197        -188.646     184.306           0.000       0.000             197               0
  163         447.908    -102.611           0.000       0.000             163               0
   65        -217.520     371.296           0.000       0.000              65               0
   54         228.158     170.565           0.000       0.000              54               0
  152         255.644    -314.822           0.000       0.000             152               0
