SINAL     NFT                         FFT                         NFT INVERSA     FFT INVERSA
-----     -----------------------     -----------------------     -----------     -----------
  201        4674.000       0.000           0.000       0.000             201               0
  230         691.896    -135.715           0.000       0.000             230               0
  166         174.415    -262.128           0.000       0.000             166               0
  246          93.703    -156.070           0.000       0.000             246               0
  217         -53.632    -449.355           0.000       0.000             217               0
  250         215.402     180.928           0.000       0.000             250               0
  109         310.617     726.289           0.000       0.000             109               0
   82        -125.459     154.986           0.000       0.000              82               0
  113         -16.001    -100.002           0.000       0.000             113               0
  156        -107.174    -194.832           0.000       0.000             156               0
  218        -318.600     290.412           0.000       0.000             218               0
   29         345.773    -673.085           0.000       0.000              29               0
  243        -206.371     378.642           0.000       0.000             243               0
   19         428.617      -4.666           0.000       0.000              19               0
   22        -346.439    -358.005           0.000       0.000              22               0
  240        -150.762     143.879           0.000       0.000             240               0
   27        -114.000      -0.003           0.000       0.000              27               0
  104        -150.758    -143.884           0.000       0.000             104               0
  163        -346.441     357.994           0.000       0.000             163               0
  106         428.621       4.668           0.000       0.000             106               0
  141        -206.361    -378.648           0.000       0.000             141               0
  210         345.760     673.089           0.000       0.000             210               0
   42        -318.593    -290.426           0.000       0.000              42               0
   34        -107.173     194.825           0.000       0.000              34               0
  160         -15.997      99.994           0.000       0.000             160               0
  173        -125.447    -154.998           0.000       0.000             173               0
  234         310.642    -726.286           0.000       0.000             234               0
  178         215.413    -180.919           0.000       0.000             178               0
   30         -53.632     449.355           0.000       0.000              30               0
  105          93.714     156.068           0.000       0.000             105               0
  194         174.430     262.127           0.000       0.000             194               0
  232         691.925     135.722           0.000       0.000             232               0
