SINAL     NFT                         FFT                         NFT INVERSA     FFT INVERSA
-----     -----------------------     -----------------------     -----------     -----------
  189        4570.000       0.000           0.000       0.000             189               0
  183         284.848     132.824           0.000       0.000             183               0
  198         262.298    -129.164           0.000       0.000             198               0
  114         -44.101    -356.123           0.000       0.000             114               0
  169        -178.509     278.546           0.000       0.000             169               0
  221         152.866     117.115           0.000       0.000             221               0
  184         132.599    -147.095           0.000       0.000             184               0
   97         206.635    -252.419           0.000       0.000              97               0
   47        -216.001    -100.002           0.000       0.000              47               0
   95         156.750      50.030           0.000       0.000              95               0
   21        -448.134    -293.541           0.000       0.000              21               0
  218         681.587     500.123           0.000       0.000             218               0
   95        -475.496     148.540           0.000       0.000              95               0
  113        -315.859    -188.101           0.000       0.000             113               0
  254         245.239      48.393           0.000       0.000             254               0
  151         205.274    -339.701           0.000       0.000             151               0
   23         178.000       0.002           0.000       0.000              23               0
  177         205.265     339.702           0.000       0.000             177               0
  185         245.236     -48.393           0.000       0.000             185               0
    6        -315.867     188.088           0.000       0.000               6               0
  223        -475.487    -148.557           0.000       0.000             223               0
  132         681.600    -500.110           0.000       0.000             132               0
   86        -448.140     293.531           0.000       0.000              86               0
  254         156.755     -50.030           0.000       0.000             254               0
  117        -215.998      99.995           0.000       0.000             117               0
   96         206.636     252.419           0.000       0.000              96               0
  211         132.601     147.091           0.000       0.000             211               0
   58         152.873    -117.119           0.000       0.000              58               0
  216        -178.496    -278.551           0.000       0.000             216               0
  131         -44.095     356.120           0.000       0.000             131               0
  156         262.313     129.162           0.000       0.000             156               0
  150         284.881    -132.824           0.000       0.000             150               0
