SINAL     NFT                         FFT                         NFT INVERSA     FFT INVERSA
-----     -----------------------     -----------------------     -----------     -----------
   14        4062.000       0.000           0.000       0.000              14               0
  229         137.315     278.832           0.000       0.000             229               0
   21          47.621     653.637           0.000       0.000              21               0
  116        -469.865    -210.937           0.000       0.000             116               0
  107        -300.400    -269.727           0.000       0.000             107               0
  221         226.753       3.308           0.000       0.000             221               0
   30         187.354     288.780           0.000       0.000              30               0
   68          47.156     -17.017           0.000       0.000              68               0
   68         145.000    -437.000           0.000       0.000              68               0
  100        -360.452      25.503           0.000       0.000             100               0
  141         298.092    -538.123           0.000       0.000             141               0
  135        -429.317     544.207           0.000       0.000             135               0
   89         -41.600     -93.728           0.000       0.000              89               0
  235        -215.981    -173.211           0.000       0.000             235               0
  190          -9.072      26.732           0.000       0.000             190               0
    3        -791.622    -125.831           0.000       0.000               3               0
  246        -556.000      -0.005           0.000       0.000             246               0
  121        -791.619     125.815           0.000       0.000             121               0
   34          -9.064     -26.731           0.000       0.000              34               0
   98        -215.979     173.207           0.000       0.000              98               0
  198         -41.598      93.724           0.000       0.000             198               0
    7        -429.299    -544.213           0.000       0.000               7               0
   60         298.086     538.133           0.000       0.000              60               0
  106        -360.446     -25.510           0.000       0.000             106               0
   61         144.999     437.001           0.000       0.000              61               0
  255          47.161      17.012           0.000       0.000             255               0
  250         187.365    -288.778           0.000       0.000             250               0
  229         226.755      -3.302           0.000       0.000             229               0
  166        -300.403     269.720           0.000       0.000             166               0
  205        -469.859     210.920           0.000       0.000             205               0
   78          47.652    -653.640           0.000       0.000              78               0
  181         137.349    -278.825           0.000       0.000             181               0
