SINAL     NFT                         FFT                         NFT INVERSA     FFT INVERSA
-----     -----------------------     -----------------------     -----------     -----------
  117        4909.000       0.000           0.000       0.000             117               0
  163        -301.325     255.261           0.000       0.000             163               0
  159         195.119     -99.641           0.000       0.000             159               0
  115         -43.268    -262.869           0.000       0.000             115               0
  236         234.005    -194.285           0.000       0.000             236               0
  127        -248.521     321.202           0.000       0.000             127               0
   53        -194.376     145.445           0.000       0.000              53               0
   81         -98.569     -49.843           0.000       0.000              81               0
  166         496.001    -226.998           0.000       0.000             166               0
  103         -67.500    -198.410           0.000       0.000             103               0
  205          85.243      -5.717           0.000       0.000             205               0
   42          28.645     -82.028           0.000       0.000              42               0
  252        -384.010     475.711           0.000       0.000             252               0
  132         413.426      98.818           0.000       0.000             132               0
   83        -357.995     337.190           0.000       0.000              83               0
  243        -394.900     399.601           0.000       0.000             243               0
  206         111.000      -0.004           0.000       0.000             206               0
  218        -394.892    -399.617           0.000       0.000             218               0
  197        -357.982    -337.201           0.000       0.000             197               0
  115         413.431     -98.812           0.000       0.000             115               0
  232        -383.998    -475.719           0.000       0.000             232               0
   92          28.649      82.031           0.000       0.000              92               0
  145          85.247       5.720           0.000       0.000             145               0
  192         -67.498     198.409           0.000       0.000             192               0
  225         495.998     227.005           0.000       0.000             225               0
  232         -98.570      49.836           0.000       0.000             232               0
  110        -194.369    -145.453           0.000       0.000             110               0
  112        -248.506    -321.207           0.000       0.000             112               0
   69         234.010     194.291           0.000       0.000              69               0
  246         -43.263     262.865           0.000       0.000             246               0
   55         195.130      99.639           0.000       0.000              55               0
  186        -301.289    -255.270           0.000       0.000             186               0
