SINAL     NFT                         FFT                         NFT INVERSA     FFT INVERSA
-----     -----------------------     -----------------------     -----------     -----------
  104        4928.000       0.000           0.000       0.000             104               0
   33        -182.789     316.760           0.000       0.000              33               0
  227         312.079     396.336           0.000       0.000             227               0
   54          -1.472    -149.595           0.000       0.000              54               0
  165        -205.906     533.042           0.000       0.000             165               0
  153        -335.514      -9.154           0.000       0.000             153               0
   85         129.053     179.164           0.000       0.000              85               0
  102        -100.624      -4.255           0.000       0.000             102               0
  104         -69.004     482.999           0.000       0.000             104               0
   61        -748.477    -213.410           0.000       0.000              61               0
  180         247.156    -246.748           0.000       0.000             180               0
  125        -228.332     387.237           0.000       0.000             125               0
  196         -46.098     331.041           0.000       0.000             196               0
  197         341.006     360.738           0.000       0.000             197               0
  175        -176.291     242.417           0.000       0.000             175               0
  251          72.194      61.547           0.000       0.000             251               0
  252         386.000      -0.000           0.000       0.000             252               0
  128          72.192     -61.555           0.000       0.000             128               0
   16        -176.286    -242.429           0.000       0.000              16               0
  188         341.012    -360.736           0.000       0.000             188               0
  224         -46.095    -331.044           0.000       0.000             224               0
   47        -228.325    -387.241           0.000       0.000              47               0
  251         247.148     246.755           0.000       0.000             251               0
  231        -748.482     213.389           0.000       0.000             231               0
  124         -68.988    -483.004           0.000       0.000             124               0
   44        -100.619       4.251           0.000       0.000              44               0
  208         129.061    -179.163           0.000       0.000             208               0
  197        -335.509       9.144           0.000       0.000             197               0
  125        -205.884    -533.046           0.000       0.000             125               0
  231          -1.460     149.595           0.000       0.000             231               0
  221         312.104    -396.330           0.000       0.000             221               0
  229        -182.751    -316.759           0.000       0.000             229               0
