SINAL     NFT                         FFT                         NFT INVERSA     FFT INVERSA
-----     -----------------------     -----------------------     -----------     -----------
  116        8970.000       0.000           0.000       0.000             116               0
  172        -279.507     407.669           0.000       0.000             172               0
  239         485.635    -354.311           0.000       0.000             239               0
  153        -631.090     220.298           0.000       0.000             153               0
  214         691.655    -216.646           0.000       0.000             214               0
   18          -8.221     195.969           0.000       0.000              18               0
  178        -441.316    -679.790           0.000       0.000             178               0
   65        -256.297      92.733           0.000       0.000              65               0
   69          -2.948    -502.709           0.000       0.000              69               0
  243         135.747   -1236.273           0.000       0.000             243               0
   86         -65.373    -152.252           0.000       0.000              86               0
  216        -536.859     599.456           0.000       0.000             216               0
    4        -194.880      91.373           0.000       0.000               4               0
  103         203.244    -532.398           0.000       0.000             103               0
  188        -325.365    -694.090           0.000       0.000             188               0
  178         376.026     150.787           0.000       0.000             178               0
  241         520.998    -170.992           0.000       0.000             241               0
  179        -662.492     766.306           0.000       0.000             179               0
   23        -302.534     233.485           0.000       0.000              23               0
   14          52.210    -517.804           0.000       0.000              14               0
   91        -159.731    -110.061           0.000       0.000              91               0
  145         366.072    -374.947           0.000       0.000             145               0
   96         113.744    -142.413           0.000       0.000              96               0
   32         719.804     122.086           0.000       0.000              32               0
  144           6.953    -652.702           0.000       0.000             144               0
  229        -316.633     483.131           0.000       0.000             229               0
   49        -596.670     -85.149           0.000       0.000              49               0
   41         -52.220     979.831           0.000       0.000              41               0
  231          70.946     773.912           0.000       0.000             231               0
   44        -291.651     132.975           0.000       0.000              44               0
  253         747.888    -169.919           0.000       0.000             253               0
   92        -434.165    -188.942           0.000       0.000              92               0
  217         588.000       0.009           0.000       0.000             217               0
  236        -434.172     188.915           0.000       0.000             236               0
  245         747.879     169.932           0.000       0.000             245               0
  175        -291.656    -133.011           0.000       0.000             175               0
  255          70.975    -773.926           0.000       0.000             255               0
  167         -52.187    -979.826           0.000       0.000             167               0
  240        -596.674      85.136           0.000       0.000             240               0
   68        -316.599    -483.130           0.000       0.000              68               0
  154           6.945     652.713           0.000       0.000             154               0
   71         719.817    -122.056           0.000       0.000              71               0
   29         113.736     142.423           0.000       0.000              29               0
  159         366.051     374.963           0.000       0.000             159               0
  175        -159.743     110.050           0.000       0.000             175               0
  217          52.184     517.795           0.000       0.000             217               0
   82        -302.528    -233.516           0.000       0.000              82               0
  160        -662.446    -766.332           0.000       0.000             160               0
  140         521.007     171.024           0.000       0.000             140               0
  105         376.030    -150.760           0.000       0.000             105               0
  175        -325.394     694.083           0.000       0.000             175               0
  232         203.224     532.395           0.000       0.000             232               0
  251        -194.878     -91.396           0.000       0.000             251               0
   15        -536.825    -599.475           0.000       0.000              15               0
    8         -65.361     152.270           0.000       0.000               8               0
  140         135.709    1236.281           0.000       0.000             140               0
  245          -2.960     502.688           0.000       0.000             245               0
   58        -256.280     -92.757           0.000       0.000              58               0
  181        -441.318     679.755           0.000       0.000             181               0
  221          -8.176    -195.989           0.000       0.000             221               0
  103         691.673     216.660           0.000       0.000             103               0
  179        -631.043    -220.338           0.000       0.000             179               0
   57         485.681     354.316           0.000       0.000              57               0
   64        -279.375    -407.695           0.000       0.000              64               0
