SINAL     NFT                         FFT                         NFT INVERSA     FFT INVERSA
-----     -----------------------     -----------------------     -----------     -----------
   58        8218.000       0.000           0.000       0.000              58               0
   34          18.476    -263.234           0.000       0.000              34               0
  175        -193.220      94.959           0.000       0.000             175               0
  213          32.045     -83.725           0.000       0.000             213               0
  254         139.763    -377.821           0.000       0.000             254               0
   91        -352.817    -219.983           0.000       0.000              91               0
  186        -696.755    -177.680           0.000       0.000             186               0
  133        -504.494    -257.620           0.000       0.000             133               0
  123        -123.889     141.521           0.000       0.000             123               0
   67        -940.602     -38.419           0.000       0.000              67               0
   99          -1.394    -199.176           0.000       0.000              99               0
   68         400.595    -355.204           0.000       0.000              68               0
  126        -824.346    -110.244           0.000       0.000             126               0
  232         341.528      29.975           0.000       0.000             232               0
   59         391.245     772.764           0.000       0.000              59               0
  194        -374.857     290.655           0.000       0.000             194               0
  101        -314.007     723.993           0.000       0.000             101               0
  156        -219.992    -444.491           0.000       0.000             156               0
  197         188.521      24.930           0.000       0.000             197               0
  248         -68.699     358.135           0.000       0.000             248               0
   72          84.612     -64.854           0.000       0.000              72               0
  126          15.075    -668.074           0.000       0.000             126               0
   33         757.543    -323.022           0.000       0.000              33               0
  226         -35.310     111.741           0.000       0.000             226               0
  207        -186.135    1275.515           0.000       0.000             207               0
   40         -51.340    -509.561           0.000       0.000              40               0
  224        -504.689     182.847           0.000       0.000             224               0
   16        -277.541    -230.887           0.000       0.000              16               0
  135         -96.009    -584.429           0.000       0.000             135               0
  130         227.139     686.263           0.000       0.000             130               0
  103         938.741     135.539           0.000       0.000             103               0
  194          94.798     179.379           0.000       0.000             194               0
  164        -234.000      -0.011           0.000       0.000             164               0
   22          94.816    -179.384           0.000       0.000              22               0
  152         938.744    -135.508           0.000       0.000             152               0
  163         227.149    -686.247           0.000       0.000             163               0
  114         -96.050     584.433           0.000       0.000             114               0
   83        -277.562     230.866           0.000       0.000              83               0
   41        -504.682    -182.875           0.000       0.000              41               0
  238         -51.355     509.542           0.000       0.000             238               0
  150        -186.075   -1275.530           0.000       0.000             150               0
  140         -35.291    -111.724           0.000       0.000             140               0
   50         757.532     323.065           0.000       0.000              50               0
   21          15.039     668.070           0.000       0.000              21               0
  117          84.604      64.841           0.000       0.000             117               0
  110         -68.688    -358.147           0.000       0.000             110               0
  215         188.515     -24.923           0.000       0.000             215               0
  218        -220.019     444.467           0.000       0.000             218               0
   11        -313.979    -724.021           0.000       0.000              11               0
  156        -374.835    -290.674           0.000       0.000             156               0
  211         391.285    -772.740           0.000       0.000             211               0
   83         341.519     -29.943           0.000       0.000              83               0
   27        -824.352     110.223           0.000       0.000              27               0
  244         400.585     355.227           0.000       0.000             244               0
   53          -1.414     199.175           0.000       0.000              53               0
  235        -940.604      38.377           0.000       0.000             235               0
   28        -123.873    -141.523           0.000       0.000              28               0
   21        -504.496     257.604           0.000       0.000              21               0
  252        -696.740     177.651           0.000       0.000             252               0
  164        -352.790     219.967           0.000       0.000             164               0
  152         139.785     377.820           0.000       0.000             152               0
   99          32.079      83.715           0.000       0.000              99               0
  103        -193.159     -94.973           0.000       0.000             103               0
   61          18.578     263.227           0.000       0.000              61               0
