SINAL     NFT                         FFT                         NFT INVERSA     FFT INVERSA
-----     -----------------------     -----------------------     -----------     -----------
  241        8219.000       0.000           0.000       0.000             241               0
  252        -770.003     -87.764           0.000       0.000             252               0
    0         -33.762      -3.137           0.000       0.000               0               0
   15         913.111     596.386           0.000       0.000              15               0
   31        -289.181     401.298           0.000       0.000              31               0
   84        -202.820     710.041           0.000       0.000              84               0
   33         591.627     299.598           0.000       0.000              33               0
   54        -218.128    -183.127           0.000       0.000              54               0
  237         515.645    -356.465           0.000       0.000             237               0
  112         978.314    -354.979           0.000       0.000             112               0
  171        -409.161    -476.986           0.000       0.000             171               0
   61         432.003     -76.982           0.000       0.000              61               0
  183         341.139     245.256           0.000       0.000             183               0
   15         491.847    -381.853           0.000       0.000              15               0
   77          98.848    -328.979           0.000       0.000              77               0
  164           4.172    -169.054           0.000       0.000             164               0
  254        1271.997      63.009           0.000       0.000             254               0
   24         154.872    -695.952           0.000       0.000              24               0
   55         243.296    -762.946           0.000       0.000              55               0
  160         -60.586     511.628           0.000       0.000             160               0
  244         136.252     115.132           0.000       0.000             244               0
  211        -657.893    -364.026           0.000       0.000             211               0
  188         840.988    -340.511           0.000       0.000             188               0
  245        -281.669     175.324           0.000       0.000             245               0
  205         248.349     363.534           0.000       0.000             205               0
   40         -49.577    -627.369           0.000       0.000              40               0
  148         540.955     -44.169           0.000       0.000             148               0
   68          73.361     169.393           0.000       0.000              68               0
   92        -308.225    -288.829           0.000       0.000              92               0
  226        -335.938      86.042           0.000       0.000             226               0
   75        -576.796     314.642           0.000       0.000              75               0
   77        -183.103     556.578           0.000       0.000              77               0
  223         205.000      -0.008           0.000       0.000             223               0
   76        -183.087    -556.600           0.000       0.000              76               0
   92        -576.781    -314.667           0.000       0.000              92               0
  254        -335.923     -86.053           0.000       0.000             254               0
  160        -308.219     288.814           0.000       0.000             160               0
  126          73.391    -169.394           0.000       0.000             126               0
   52         540.964      44.193           0.000       0.000              52               0
  141         -49.597     627.357           0.000       0.000             141               0
  238         248.370    -363.537           0.000       0.000             238               0
  224        -281.649    -175.335           0.000       0.000             224               0
  203         840.978     340.547           0.000       0.000             203               0
  166        -657.905     363.988           0.000       0.000             166               0
  240         136.274    -115.139           0.000       0.000             240               0
   24         -60.546    -511.626           0.000       0.000              24               0
   74         243.285     762.963           0.000       0.000              74               0
  238         154.868     695.944           0.000       0.000             238               0
   48        1272.009     -62.973           0.000       0.000              48               0
  129           4.162     169.045           0.000       0.000             129               0
  143          98.845     328.972           0.000       0.000             143               0
   37         491.842     381.854           0.000       0.000              37               0
   85         341.156    -245.258           0.000       0.000              85               0
   76         432.001      76.993           0.000       0.000              76               0
   27        -409.166     476.957           0.000       0.000              27               0
   34         978.315     355.000           0.000       0.000              34               0
  116         515.628     356.461           0.000       0.000             116               0
  175        -218.129     183.084           0.000       0.000             175               0
  103         591.648    -299.608           0.000       0.000             103               0
  208        -202.782    -710.072           0.000       0.000             208               0
  145        -289.134    -401.321           0.000       0.000             145               0
  178         913.166    -596.350           0.000       0.000             178               0
   29         -33.732       3.139           0.000       0.000              29               0
  113        -769.906      87.729           0.000       0.000             113               0
