SINAL     NFT                         FFT                         NFT INVERSA     FFT INVERSA
-----     -----------------------     -----------------------     -----------     -----------
  219        8500.000       0.000           0.000       0.000             219               0
  115        1031.240    -148.233           0.000       0.000             115               0
  214         765.397     817.039           0.000       0.000             214               0
  177         298.334    -499.142           0.000       0.000             177               0
  229        -299.823     265.356           0.000       0.000             229               0
  146        1045.718    -113.707           0.000       0.000             146               0
  249         -62.849     -95.734           0.000       0.000             249               0
    0         -64.751    -245.197           0.000       0.000               0               0
   89        -625.599     639.621           0.000       0.000              89               0
   78        -160.722     172.240           0.000       0.000              78               0
  221         248.162    -236.864           0.000       0.000             221               0
   76          13.498     729.564           0.000       0.000              76               0
  186         -56.865     677.377           0.000       0.000             186               0
   87         126.365     -19.424           0.000       0.000              87               0
  201         -98.305      55.748           0.000       0.000             201               0
  168        -204.276    -500.224           0.000       0.000             168               0
    6        -614.002      97.992           0.000       0.000               6               0
   32        -448.883    -284.233           0.000       0.000              32               0
   54        1129.941    -415.052           0.000       0.000              54               0
   85         -53.259     651.713           0.000       0.000              85               0
  110         129.333     506.342           0.000       0.000             110               0
  129         309.786      71.941           0.000       0.000             129               0
  242         -40.354     337.188           0.000       0.000             242               0
  103         205.402    -349.144           0.000       0.000             103               0
  100        -348.410      81.616           0.000       0.000             100               0
  221         133.342    -108.584           0.000       0.000             221               0
  214         340.527     622.494           0.000       0.000             214               0
  184        -298.862    -347.913           0.000       0.000             184               0
  184        -320.665     190.313           0.000       0.000             184               0
  212        -201.039     332.353           0.000       0.000             212               0
   48        -338.543     394.368           0.000       0.000              48               0
  148         636.102     -97.300           0.000       0.000             148               0
   71        1164.000       0.015           0.000       0.000              71               0
    7         636.074      97.304           0.000       0.000               7               0
   70        -338.547    -394.403           0.000       0.000              70               0
   45        -201.034    -332.373           0.000       0.000              45               0
  153        -320.658    -190.332           0.000       0.000             153               0
   64        -298.868     347.886           0.000       0.000              64               0
   45         340.561    -622.492           0.000       0.000              45               0
  242         133.335     108.585           0.000       0.000             242               0
  142        -348.402     -81.639           0.000       0.000             142               0
   11         205.396     349.137           0.000       0.000              11               0
   62         -40.332    -337.209           0.000       0.000              62               0
   73         309.796     -71.943           0.000       0.000              73               0
   98         129.357    -506.349           0.000       0.000              98               0
    8         -53.222    -651.710           0.000       0.000               8               0
  241        1129.918     415.106           0.000       0.000             241               0
  105        -448.914     284.205           0.000       0.000             105               0
   41        -613.995     -98.025           0.000       0.000              41               0
   39        -204.284     500.202           0.000       0.000              39               0
  190         -98.287     -55.774           0.000       0.000             190               0
  151         126.377      19.405           0.000       0.000             151               0
  169         -56.825    -677.399           0.000       0.000             169               0
  177          13.544    -729.563           0.000       0.000             177               0
  254         248.163     236.874           0.000       0.000             254               0
   13        -160.707    -172.257           0.000       0.000              13               0
  143        -625.549    -639.646           0.000       0.000             143               0
  213         -64.724     245.199           0.000       0.000             213               0
  197         -62.808      95.728           0.000       0.000             197               0
   72        1045.749     113.743           0.000       0.000              72               0
  169        -299.777    -265.373           0.000       0.000             169               0
  246         298.373     499.143           0.000       0.000             246               0
  221         765.505    -817.015           0.000       0.000             221               0
  241        1031.346     148.280           0.000       0.000             241               0
