SINAL     NFT                         FFT                         NFT INVERSA     FFT INVERSA
-----     -----------------------     -----------------------     -----------     -----------
  246        9495.000       0.000           0.000       0.000             246               0
   52         -13.672       4.803           0.000       0.000              52               0
  144         499.234     552.909           0.000       0.000             144               0
  226        -445.941    -352.397           0.000       0.000             226               0
   33        -467.427    -473.143           0.000       0.000              33               0
  247         389.140     209.649           0.000       0.000             247               0
  204        -312.900     -10.048           0.000       0.000             204               0
  146         -70.423    -439.133           0.000       0.000             146               0
  173        -129.656      85.530           0.000       0.000             173               0
   86         319.358     211.322           0.000       0.000              86               0
  119         857.468      33.393           0.000       0.000             119               0
  139         204.884     294.812           0.000       0.000             139               0
  164        -218.944    -284.176           0.000       0.000             164               0
  172         358.799    -150.231           0.000       0.000             172               0
  167         167.723     380.945           0.000       0.000             167               0
    3         123.950     595.194           0.000       0.000               3               0
  122        -439.999    -291.007           0.000       0.000             122               0
   66          30.940     355.859           0.000       0.000              66               0
  128         308.842     -14.163           0.000       0.000             128               0
  105        -182.861     940.916           0.000       0.000             105               0
  224         195.391     125.668           0.000       0.000             224               0
   82        -113.114     -80.819           0.000       0.000              82               0
  248          23.821     662.481           0.000       0.000             248               0
  157        1079.481    -100.541           0.000       0.000             157               0
   80         219.651     119.527           0.000       0.000              80               0
  254         821.598     265.744           0.000       0.000             254               0
  255        -369.350    -132.425           0.000       0.000             255               0
   89         373.981    -282.221           0.000       0.000              89               0
  197        -481.026     160.684           0.000       0.000             197               0
  248         329.668   -1161.204           0.000       0.000             248               0
  100          49.142     -97.655           0.000       0.000             100               0
  187          26.182     710.483           0.000       0.000             187               0
   44         -19.000      -0.011           0.000       0.000              44               0
  245          26.214    -710.488           0.000       0.000             245               0
  158          49.142      97.667           0.000       0.000             158               0
   78         329.618    1161.206           0.000       0.000              78               0
  236        -481.015    -160.728           0.000       0.000             236               0
  106         373.978     282.217           0.000       0.000             106               0
  224        -369.341     132.383           0.000       0.000             224               0
  153         821.624    -265.733           0.000       0.000             153               0
  193         219.663    -119.536           0.000       0.000             193               0
   87        1079.472     100.563           0.000       0.000              87               0
   37          23.832    -662.498           0.000       0.000              37               0
  101        -113.122      80.802           0.000       0.000             101               0
    4         195.395    -125.683           0.000       0.000               4               0
  205        -182.821    -940.934           0.000       0.000             205               0
  105         308.844      14.174           0.000       0.000             105               0
  127          30.951    -355.862           0.000       0.000             127               0
   15        -440.004     290.979           0.000       0.000              15               0
  234         123.990    -595.201           0.000       0.000             234               0
  232         167.751    -380.935           0.000       0.000             232               0
  239         358.799     150.249           0.000       0.000             239               0
   61        -218.946     284.158           0.000       0.000              61               0
  225         204.917    -294.813           0.000       0.000             225               0
  141         857.478     -33.363           0.000       0.000             141               0
  141         319.362    -211.312           0.000       0.000             141               0
  224        -129.652     -85.533           0.000       0.000             224               0
  140         -70.434     439.126           0.000       0.000             140               0
  230        -312.882      10.024           0.000       0.000             230               0
  165         389.167    -209.636           0.000       0.000             165               0
  133        -467.424     473.119           0.000       0.000             133               0
   75        -445.904     352.357           0.000       0.000              75               0
   97         499.327    -552.903           0.000       0.000              97               0
  177         -13.548      -4.808           0.000       0.000             177               0
