SINAL     NFT                         FFT                         NFT INVERSA     FFT INVERSA
-----     -----------------------     -----------------------     -----------     -----------
   46        8573.000       0.000           0.000       0.000              46               0
  122        -156.131     -34.906           0.000       0.000             122               0
   43         -94.496     -66.743           0.000       0.000              43               0
  132        -232.819      23.069           0.000       0.000             132               0
  128        -163.524    -678.170           0.000       0.000             128               0
  180         287.064     445.170           0.000       0.000             180               0
  245          41.347     110.354           0.000       0.000             245               0
  189        -788.757     579.490           0.000       0.000             189               0
   37        -317.142     516.090           0.000       0.000              37               0
  131         -40.210     261.584           0.000       0.000             131               0
   67         332.991     455.939           0.000       0.000              67               0
  214        -960.346     186.423           0.000       0.000             214               0
  122         632.837    -478.276           0.000       0.000             122               0
   94          70.493    -288.990           0.000       0.000              94               0
  200        -349.857    -494.276           0.000       0.000             200               0
  129         254.925      79.303           0.000       0.000             129               0
  178        -680.002     162.993           0.000       0.000             178               0
   63         249.198     151.293           0.000       0.000              63               0
   74         -27.444    -517.797           0.000       0.000              74               0
  140         412.797     319.234           0.000       0.000             140               0
  116          83.975      35.141           0.000       0.000             116               0
  232         261.017     153.787           0.000       0.000             232               0
  139        -265.049     740.413           0.000       0.000             139               0
  237        -452.444    -471.849           0.000       0.000             237               0
   28        -428.854    -477.919           0.000       0.000              28               0
  181        -125.682    -651.304           0.000       0.000             181               0
  221        -491.449    -261.015           0.000       0.000             221               0
   74         120.503     322.318           0.000       0.000              74               0
   65         758.716    -232.738           0.000       0.000              65               0
   36        -297.044    -179.822           0.000       0.000              36               0
  147         117.940     197.890           0.000       0.000             147               0
  112        -410.581    -237.198           0.000       0.000             112               0
  159        -313.000      -0.003           0.000       0.000             159               0
  191        -410.583     237.183           0.000       0.000             191               0
  244         117.956    -197.882           0.000       0.000             244               0
   32        -297.040     179.815           0.000       0.000              32               0
  115         758.710     232.768           0.000       0.000             115               0
  234         120.502    -322.309           0.000       0.000             234               0
  221        -491.468     261.006           0.000       0.000             221               0
  153        -125.711     651.300           0.000       0.000             153               0
  109        -428.874     477.890           0.000       0.000             109               0
   33        -452.454     471.806           0.000       0.000              33               0
  111        -265.000    -740.441           0.000       0.000             111               0
  232         261.038    -153.777           0.000       0.000             232               0
  127          83.986     -35.139           0.000       0.000             127               0
   55         412.814    -319.212           0.000       0.000              55               0
  105         -27.467     517.795           0.000       0.000             105               0
   50         249.199    -151.290           0.000       0.000              50               0
  119        -679.993    -163.022           0.000       0.000             119               0
  180         254.936     -79.286           0.000       0.000             180               0
  190        -349.871     494.263           0.000       0.000             190               0
  235          70.494     288.985           0.000       0.000             235               0
  157         632.813     478.285           0.000       0.000             157               0
   74        -960.337    -186.487           0.000       0.000              74               0
  216         333.023    -455.940           0.000       0.000             216               0
  185         -40.197    -261.595           0.000       0.000             185               0
    0        -317.117    -516.108           0.000       0.000               0               0
  182        -788.713    -579.517           0.000       0.000             182               0
    4          41.383    -110.343           0.000       0.000               4               0
   66         287.105    -445.142           0.000       0.000              66               0
  219        -163.530     678.173           0.000       0.000             219               0
  152        -232.781     -23.081           0.000       0.000             152               0
  178         -94.441      66.739           0.000       0.000             178               0
  123        -156.017      34.899           0.000       0.000             123               0
