SINAL     NFT                         FFT                         NFT INVERSA     FFT INVERSA
-----     -----------------------     -----------------------     -----------     -----------
  235        8065.000       0.000           0.000       0.000             235               0
  191        -100.439     433.880           0.000       0.000             191               0
  129         718.243     129.942           0.000       0.000             129               0
   37        -899.776   -1182.271           0.000       0.000              37               0
  172         150.139     245.962           0.000       0.000             172               0
  157         671.170    -631.543           0.000       0.000             157               0
  100          99.949     -84.179           0.000       0.000             100               0
  182         364.171     593.334           0.000       0.000             182               0
  182         616.659      20.659           0.000       0.000             182               0
   57         602.431    -210.729           0.000       0.000              57               0
  249        -266.898    -145.010           0.000       0.000             249               0
   78         441.643     -94.731           0.000       0.000              78               0
   25         475.077     479.704           0.000       0.000              25               0
   49         804.877     124.783           0.000       0.000              49               0
  155         159.925    -342.315           0.000       0.000             155               0
  153         -10.638     222.374           0.000       0.000             153               0
  166         235.988     628.998           0.000       0.000             166               0
   29        -465.841    -409.422           0.000       0.000              29               0
    3         605.650     110.606           0.000       0.000               3               0
    2         364.978     -72.069           0.000       0.000               2               0
   33        -673.581    -105.171           0.000       0.000              33               0
   49        -151.049    -216.699           0.000       0.000              49               0
    0       -1004.377    -148.480           0.000       0.000              -0               0
   78         127.271    -288.889           0.000       0.000              78               0
  228         465.327     806.663           0.000       0.000             228               0
  197        -225.502     -92.149           0.000       0.000             197               0
   82         425.325     174.307           0.000       0.000              82               0
  250           1.039    -111.549           0.000       0.000             250               0
  230         -51.658     381.095           0.000       0.000             230               0
  228        -458.897    -453.830           0.000       0.000             228               0
  165          78.168     388.798           0.000       0.000             165               0
  209          86.559      54.119           0.000       0.000             209               0
  163         603.000       0.005           0.000       0.000             163               0
   38          86.552     -54.132           0.000       0.000              38               0
  246          78.175    -388.803           0.000       0.000             246               0
   79        -458.918     453.799           0.000       0.000              79               0
  196         -51.635    -381.111           0.000       0.000             196               0
   91           1.043     111.539           0.000       0.000              91               0
    6         425.333    -174.301           0.000       0.000               6               0
  123        -225.504      92.125           0.000       0.000             123               0
  149         465.360    -806.648           0.000       0.000             149               0
    0         127.243     288.899           0.000       0.000              -0               0
  201       -1004.385     148.433           0.000       0.000             201               0
  174        -151.044     216.683           0.000       0.000             174               0
   49        -673.562     105.130           0.000       0.000              49               0
  101         365.004      72.070           0.000       0.000             101               0
   72         605.664    -110.592           0.000       0.000              72               0
  216        -465.847     409.384           0.000       0.000             216               0
  130         236.035    -629.005           0.000       0.000             130               0
   75         -10.608    -222.376           0.000       0.000              75               0
  219         159.937     342.314           0.000       0.000             219               0
  163         804.902    -124.765           0.000       0.000             163               0
  125         475.106    -479.690           0.000       0.000             125               0
  219         441.644      94.750           0.000       0.000             219               0
  242        -266.890     144.994           0.000       0.000             242               0
   97         602.444     210.743           0.000       0.000              97               0
  160         616.671     -20.649           0.000       0.000             160               0
   69         364.202    -593.322           0.000       0.000              69               0
   92          99.959      84.191           0.000       0.000              92               0
  134         671.155     631.566           0.000       0.000             134               0
   42         150.155    -245.960           0.000       0.000              42               0
    1        -899.790    1182.219           0.000       0.000               1               0
   88         718.308    -129.944           0.000       0.000              88               0
  205        -100.320    -433.900           0.000       0.000             205               0
