SINAL     NFT                         FFT                         NFT INVERSA     FFT INVERSA
-----     -----------------------     -----------------------     -----------     -----------
  198        8172.000       0.000           0.000       0.000             198               0
   59         160.809      24.313           0.000       0.000              59               0
  207         234.004    -178.042           0.000       0.000             207               0
   65         299.431    -106.441           0.000       0.000              65               0
   94         321.365     441.057           0.000       0.000              94               0
  184         598.200      -5.461           0.000       0.000             184               0
  181          56.929     795.444           0.000       0.000             181               0
  101         -59.704    -164.261           0.000       0.000             101               0
   27        -475.775     146.330           0.000       0.000              27               0
   83          16.152     672.747           0.000       0.000              83               0
  239        -215.082     -60.691           0.000       0.000             239               0
  116         487.525     219.544           0.000       0.000             116               0
  160         202.957     -30.021           0.000       0.000             160               0
  127         256.297      55.067           0.000       0.000             127               0
  212        -346.767    -158.270           0.000       0.000             212               0
   34         -41.692     -68.346           0.000       0.000              34               0
   43        -625.990   -1044.006           0.000       0.000              43               0
  221         153.975     165.504           0.000       0.000             221               0
  106         102.941    1255.809           0.000       0.000             106               0
   47         481.809      -7.547           0.000       0.000              47               0
  150        -271.783      34.010           0.000       0.000             150               0
  223        -668.540     739.169           0.000       0.000             223               0
   50         524.261    -583.709           0.000       0.000              50               0
   24         -80.842     619.337           0.000       0.000              24               0
  178          75.768     238.328           0.000       0.000             178               0
   37        -390.625     187.808           0.000       0.000              37               0
  123         294.971      99.749           0.000       0.000             123               0
  220         893.755    -189.837           0.000       0.000             220               0
  106          11.444     145.087           0.000       0.000             106               0
  249         228.056     118.046           0.000       0.000             249               0
  183         -19.278     639.356           0.000       0.000             183               0
   49           1.341     294.752           0.000       0.000              49               0
   52          88.000      -0.014           0.000       0.000              52               0
  134           1.355    -294.781           0.000       0.000             134               0
  114         -19.247    -639.372           0.000       0.000             114               0
  147         228.067    -118.044           0.000       0.000             147               0
   63          11.459    -145.095           0.000       0.000              63               0
   40         893.748     189.862           0.000       0.000              40               0
  249         294.958     -99.755           0.000       0.000             249               0
   90        -390.625    -187.840           0.000       0.000              90               0
  124          75.778    -238.341           0.000       0.000             124               0
  232         -80.814    -619.344           0.000       0.000             232               0
  206         524.229     583.720           0.000       0.000             206               0
   29        -668.515    -739.212           0.000       0.000              29               0
  103        -271.767     -34.026           0.000       0.000             103               0
  163         481.817       7.550           0.000       0.000             163               0
   63         102.992   -1255.806           0.000       0.000              63               0
  147         153.976    -165.473           0.000       0.000             147               0
  128        -626.031    1043.983           0.000       0.000             128               0
  169         -41.683      68.330           0.000       0.000             169               0
  194        -346.757     158.242           0.000       0.000             194               0
   23         256.319     -55.070           0.000       0.000              23               0
  136         202.970      30.015           0.000       0.000             136               0
  244         487.539    -219.537           0.000       0.000             244               0
   47        -215.081      60.666           0.000       0.000              47               0
   58          16.189    -672.757           0.000       0.000              58               0
   26        -475.751    -146.351           0.000       0.000              26               0
  171         -59.681     164.247           0.000       0.000             171               0
   23          56.997    -795.447           0.000       0.000              23               0
  132         598.232       5.489           0.000       0.000             132               0
  164         321.412    -441.040           0.000       0.000             164               0
  207         299.462     106.461           0.000       0.000             207               0
  181         234.048     178.051           0.000       0.000             181               0
  217         160.915     -24.309           0.000       0.000             217               0
