SINAL     NFT                         FFT                         NFT INVERSA     FFT INVERSA
-----     -----------------------     -----------------------     -----------     -----------
  236        7658.000       0.000           0.000       0.000             236               0
  196          35.115    -415.872           0.000       0.000             196               0
  255         898.067    -650.028           0.000       0.000             255               0
   35        -311.027     -50.956           0.000       0.000              35               0
  220        -424.961    -553.676           0.000       0.000             220               0
   80         695.617     -66.496           0.000       0.000              80               0
  227         -36.861     230.029           0.000       0.000             227               0
  104        -109.352    -470.423           0.000       0.000             104               0
  248         360.602    -301.511           0.000       0.000             248               0
   59         -23.465    -510.824           0.000       0.000              59               0
  243         567.136    -248.515           0.000       0.000             243               0
  112         917.087    -333.797           0.000       0.000             112               0
   97        -325.972      16.869           0.000       0.000              97               0
  153         273.265     388.525           0.000       0.000             153               0
  172         321.698    -316.172           0.000       0.000             172               0
   22        -239.133       8.198           0.000       0.000              22               0
   76        -225.003     -29.005           0.000       0.000              76               0
   57        -487.362    -248.474           0.000       0.000              57               0
  168         183.046    -275.424           0.000       0.000             168               0
   88         670.604      29.480           0.000       0.000              88               0
   90        -717.749    -510.605           0.000       0.000              90               0
   69         161.133      47.676           0.000       0.000              69               0
   13        -733.984    -241.732           0.000       0.000              13               0
  166         440.607    -254.162           0.000       0.000             166               0
  242         141.393     458.491           0.000       0.000             242               0
   94         516.700    -277.556           0.000       0.000              94               0
   82        -403.657      28.046           0.000       0.000              82               0
   77         141.918     -58.767           0.000       0.000              77               0
  177         280.679     318.868           0.000       0.000             177               0
  105         102.756     622.458           0.000       0.000             105               0
  172         252.550     877.941           0.000       0.000             172               0
  157         255.525     685.869           0.000       0.000             157               0
   46        1092.000       0.001           0.000       0.000              46               0
  172         255.542    -685.893           0.000       0.000             172               0
  192         252.578    -877.946           0.000       0.000             192               0
   10         102.775    -622.454           0.000       0.000              10               0
  252         280.685    -318.850           0.000       0.000             252               0
  164         141.905      58.778           0.000       0.000             164               0
  115        -403.656     -28.062           0.000       0.000             115               0
  245         516.691     277.573           0.000       0.000             245               0
  223         141.407    -458.486           0.000       0.000             223               0
  103         440.582     254.185           0.000       0.000             103               0
  101        -734.002     241.698           0.000       0.000             101               0
   65         161.136     -47.670           0.000       0.000              65               0
    0        -717.760     510.570           0.000       0.000              -0               0
   17         670.617     -29.461           0.000       0.000              17               0
   88         183.028     275.425           0.000       0.000              88               0
   77        -487.373     248.442           0.000       0.000              77               0
   75        -224.992      28.984           0.000       0.000              75               0
    0        -239.113      -8.216           0.000       0.000              -0               0
  165         321.705     316.172           0.000       0.000             165               0
  165         273.292    -388.524           0.000       0.000             165               0
   69        -325.949     -16.881           0.000       0.000              69               0
  178         917.095     333.835           0.000       0.000             178               0
   76         567.127     248.535           0.000       0.000              76               0
   56         -23.481     510.814           0.000       0.000              56               0
   17         360.597     301.512           0.000       0.000              17               0
  158        -109.363     470.398           0.000       0.000             158               0
  134         -36.830    -230.049           0.000       0.000             134               0
  195         695.629      66.518           0.000       0.000             195               0
    7        -424.967     553.645           0.000       0.000               7               0
   51        -310.982      50.927           0.000       0.000              51               0
   97         898.096     650.046           0.000       0.000              97               0
   53          35.192     415.839           0.000       0.000              53               0
