SINAL     NFT                         FFT                         NFT INVERSA     FFT INVERSA
-----     -----------------------     -----------------------     -----------     -----------
   85        8519.000       0.000           0.000       0.000              85               0
  136        -171.210     217.223           0.000       0.000             136               0
   74          58.762    -225.877           0.000       0.000              74               0
  236        -481.135     428.006           0.000       0.000             236               0
   53         213.804      82.591           0.000       0.000              53               0
  121         414.774     195.420           0.000       0.000             121               0
  138          -5.074    -956.873           0.000       0.000             138               0
    9         446.270      49.783           0.000       0.000               9               0
  159        -207.149     326.286           0.000       0.000             159               0
   79        -550.747     399.993           0.000       0.000              79               0
  138         423.457    -106.124           0.000       0.000             138               0
  125          48.335     208.182           0.000       0.000             125               0
  225        -520.950    -171.478           0.000       0.000             225               0
  231        -487.798      68.757           0.000       0.000             231               0
  231         701.741     526.755           0.000       0.000             231               0
   61        -104.705    -649.800           0.000       0.000              61               0
  102         -87.010     783.999           0.000       0.000             102               0
  108          12.066    -375.810           0.000       0.000             108               0
  139        -372.216     355.474           0.000       0.000             139               0
  170          55.363     146.498           0.000       0.000             170               0
   45          75.939     -91.031           0.000       0.000              45               0
   43         321.416    -186.939           0.000       0.000              43               0
   68         524.341     643.050           0.000       0.000              68               0
  243         348.166     -36.428           0.000       0.000             243               0
   87         299.134     208.287           0.000       0.000              87               0
   36         289.277      -8.469           0.000       0.000              36               0
  202        -874.908     -50.488           0.000       0.000             202               0
  191         125.368    -223.500           0.000       0.000             191               0
  155        -576.801     -28.978           0.000       0.000             155               0
    6        -873.274    -361.169           0.000       0.000               6               0
   33        -128.136     328.085           0.000       0.000              33               0
  241        -320.194     298.273           0.000       0.000             241               0
  143        -273.000      -0.013           0.000       0.000             143               0
  107        -320.181    -298.296           0.000       0.000             107               0
  222        -128.125    -328.087           0.000       0.000             222               0
  196        -873.287     361.133           0.000       0.000             196               0
  229        -576.783      28.948           0.000       0.000             229               0
  105         125.373     223.498           0.000       0.000             105               0
  206        -874.889      50.440           0.000       0.000             206               0
  133         289.307       8.469           0.000       0.000             133               0
  185         299.162    -208.285           0.000       0.000             185               0
   88         348.179      36.431           0.000       0.000              88               0
    2         524.374    -643.032           0.000       0.000               2               0
  155         321.406     186.955           0.000       0.000             155               0
   64          75.932      91.027           0.000       0.000              64               0
  233          55.364    -146.504           0.000       0.000             233               0
  216        -372.199    -355.490           0.000       0.000             216               0
  167          12.058     375.804           0.000       0.000             167               0
   85         -86.970    -784.003           0.000       0.000              85               0
   99        -104.719     649.795           0.000       0.000              99               0
   81         701.763    -526.734           0.000       0.000              81               0
  131        -487.800     -68.774           0.000       0.000             131               0
  142        -520.944     171.454           0.000       0.000             142               0
  149          48.364    -208.184           0.000       0.000             149               0
  119         423.460     106.136           0.000       0.000             119               0
  230        -550.720    -400.020           0.000       0.000             230               0
  186        -207.109    -326.288           0.000       0.000             186               0
   66         446.296     -49.749           0.000       0.000              66               0
  165          -5.093     956.871           0.000       0.000             165               0
   86         414.803    -195.418           0.000       0.000              86               0
   73         213.823     -82.590           0.000       0.000              73               0
  199        -481.086    -428.026           0.000       0.000             199               0
   71          58.809     225.881           0.000       0.000              71               0
  216        -171.088    -217.231           0.000       0.000             216               0
