SINAL     NFT                         FFT                         NFT INVERSA     FFT INVERSA
-----     -----------------------     -----------------------     -----------     -----------
    8        7343.000       0.000           0.000       0.000               8               0
  189        -477.869     388.861           0.000       0.000             189               0
   10        -169.041     242.092           0.000       0.000              10               0
   33        -219.653      47.758           0.000       0.000              33               0
   96         201.682     303.183           0.000       0.000              96               0
    4          83.578     671.628           0.000       0.000               4               0
   57        -424.375    -212.084           0.000       0.000              57               0
  127          27.928     700.817           0.000       0.000             127               0
  141         702.281     111.392           0.000       0.000             141               0
  200        -114.046    -548.390           0.000       0.000             200               0
   86         215.655      50.023           0.000       0.000              86               0
    5        -912.888    -606.449           0.000       0.000               5               0
   69         319.158      62.546           0.000       0.000              69               0
   93         434.501     698.441           0.000       0.000              93               0
  136         -70.238     376.055           0.000       0.000             136               0
  209        -672.455      -8.619           0.000       0.000             209               0
  160         -23.994    -535.003           0.000       0.000             160               0
   27         352.597     -40.773           0.000       0.000              27               0
  134        -176.684    -167.887           0.000       0.000             134               0
   90        -598.008     226.643           0.000       0.000              90               0
   75        -286.022    -429.831           0.000       0.000              75               0
   31          39.727     -41.386           0.000       0.000              31               0
  116        -606.013    -982.621           0.000       0.000             116               0
   84        -557.067    -588.112           0.000       0.000              84               0
  243         307.729    -610.597           0.000       0.000             243               0
  161        -142.055     314.908           0.000       0.000             161               0
  187        -378.575     -91.234           0.000       0.000             187               0
  112        -209.430    -189.807           0.000       0.000             112               0
   49        -114.810     -33.182           0.000       0.000              49               0
   34           4.892    -252.734           0.000       0.000              34               0
  180         201.272    -284.357           0.000       0.000             180               0
   58        -495.764     200.277           0.000       0.000              58               0
  224         685.000       0.018           0.000       0.000             224               0
  191        -495.761    -200.285           0.000       0.000             191               0
   91         201.261     284.379           0.000       0.000              91               0
   64           4.875     252.741           0.000       0.000              64               0
  195        -114.818      33.183           0.000       0.000             195               0
  148        -209.443     189.805           0.000       0.000             148               0
  192        -378.579      91.222           0.000       0.000             192               0
   80        -142.037    -314.899           0.000       0.000              80               0
   93         307.698     610.628           0.000       0.000              93               0
   22        -557.101     588.097           0.000       0.000              22               0
   85        -606.048     982.588           0.000       0.000              85               0
  162          39.732      41.374           0.000       0.000             162               0
  116        -286.039     429.806           0.000       0.000             116               0
  221        -597.988    -226.679           0.000       0.000             221               0
  116        -176.671     167.876           0.000       0.000             116               0
   21         352.607      40.784           0.000       0.000              21               0
  248         -24.017     534.991           0.000       0.000             248               0
  250        -672.445       8.570           0.000       0.000             250               0
  111         -70.199    -376.074           0.000       0.000             111               0
   68         434.544    -698.422           0.000       0.000              68               0
   26         319.157     -62.519           0.000       0.000              26               0
  227        -912.905     606.413           0.000       0.000             227               0
  152         215.679     -50.019           0.000       0.000             152               0
   13        -114.049     548.374           0.000       0.000              13               0
  133         702.298    -111.385           0.000       0.000             133               0
   84          27.958    -700.824           0.000       0.000              84               0
  125        -424.372     212.061           0.000       0.000             125               0
  183          83.627    -671.630           0.000       0.000             183               0
  119         201.712    -303.168           0.000       0.000             119               0
   50        -219.628     -47.763           0.000       0.000              50               0
  241        -168.989    -242.095           0.000       0.000             241               0
   88        -477.757    -388.870           0.000       0.000              88               0
