SINAL     NFT                         FFT                         NFT INVERSA     FFT INVERSA
-----     -----------------------     -----------------------     -----------     -----------
  122        9019.000       0.000           0.000       0.000             122               0
  255         697.229    -660.248           0.000       0.000             255               0
  224         835.961     500.169           0.000       0.000             224               0
  236          72.919     115.566           0.000       0.000             236               0
   82         854.236     742.875           0.000       0.000              82               0
   10        -252.631    -438.276           0.000       0.000              10               0
  218         171.441     402.129           0.000       0.000             218               0
  233         -91.773     435.953           0.000       0.000             233               0
  150        -488.553    -161.307           0.000       0.000             150               0
   13         521.947    -487.318           0.000       0.000              13               0
  254         253.703      24.537           0.000       0.000             254               0
   11        -396.739    -364.978           0.000       0.000              11               0
  124        -653.430    -888.572           0.000       0.000             124               0
  213        -401.309      80.664           0.000       0.000             213               0
  230         223.565    -145.990           0.000       0.000             230               0
  135        -504.846     -93.685           0.000       0.000             135               0
  114        -545.007     525.995           0.000       0.000             114               0
  185        -863.476     494.089           0.000       0.000             185               0
  218         359.909    -393.446           0.000       0.000             218               0
  142         568.793     686.833           0.000       0.000             142               0
  173         406.126    -705.133           0.000       0.000             173               0
   15        -464.142      55.774           0.000       0.000              15               0
  121        -384.649    -850.190           0.000       0.000             121               0
  202         595.051    -169.861           0.000       0.000             202               0
   37        -259.455     220.698           0.000       0.000              37               0
  117         317.844     572.420           0.000       0.000             117               0
  110          92.361    -156.229           0.000       0.000             110               0
  190        -795.773    -201.579           0.000       0.000             190               0
  216        -402.926    -229.702           0.000       0.000             216               0
  213        -676.992    -416.362           0.000       0.000             213               0
  251        -104.280      89.081           0.000       0.000             251               0
   82         217.873     -23.480           0.000       0.000              82               0
  213         983.000       0.021           0.000       0.000             213               0
  220         217.853      23.490           0.000       0.000             220               0
   62        -104.297     -89.080           0.000       0.000              62               0
   39        -677.020     416.336           0.000       0.000              39               0
  230        -402.935     229.680           0.000       0.000             230               0
   25        -795.768     201.537           0.000       0.000              25               0
   16          92.376     156.218           0.000       0.000              16               0
  125         317.876    -572.414           0.000       0.000             125               0
   39        -259.438    -220.700           0.000       0.000              39               0
   14         595.046     169.898           0.000       0.000              14               0
  136        -384.689     850.170           0.000       0.000             136               0
  163        -464.125     -55.804           0.000       0.000             163               0
  228         406.113     705.132           0.000       0.000             228               0
  110         568.822    -686.825           0.000       0.000             110               0
   42         359.874     393.451           0.000       0.000              42               0
   87        -863.468    -494.139           0.000       0.000              87               0
   40        -544.978    -526.014           0.000       0.000              40               0
    5        -504.833      93.673           0.000       0.000               5               0
  229         223.572     146.002           0.000       0.000             229               0
  213        -401.299     -80.672           0.000       0.000             213               0
   21        -653.448     888.545           0.000       0.000              21               0
   94        -396.720     364.946           0.000       0.000              94               0
  159         253.738     -24.538           0.000       0.000             159               0
   58         521.944     487.326           0.000       0.000              58               0
  212        -488.540     161.262           0.000       0.000             212               0
   13         -91.720    -435.977           0.000       0.000              13               0
  249         171.493    -402.126           0.000       0.000             249               0
  172        -252.603     438.253           0.000       0.000             172               0
  227         854.316    -742.851           0.000       0.000             227               0
  244          72.977    -115.564           0.000       0.000             244               0
  254         836.054    -500.127           0.000       0.000             254               0
  184         697.317     660.279           0.000       0.000             184               0
