SINAL     NFT                         FFT                         NFT INVERSA     FFT INVERSA
-----     -----------------------     -----------------------     -----------     -----------
   40        7714.000       0.000           0.000       0.000              40               0
   79        -605.772     105.230           0.000       0.000              79               0
   29        -316.253     604.543           0.000       0.000              29               0
  236          95.850    -416.264           0.000       0.000             236               0
  170         112.424    -331.942           0.000       0.000             170               0
   36        -512.451     134.146           0.000       0.000              36               0
  104         544.809     413.497           0.000       0.000             104               0
   64        -446.855    -745.481           0.000       0.000              64               0
   36        -423.070    -273.211           0.000       0.000              36               0
   49        -702.663    -132.380           0.000       0.000              49               0
  238        -107.133     605.089           0.000       0.000             238               0
   86         -29.340    -272.567           0.000       0.000              86               0
  150        -466.459     215.546           0.000       0.000             150               0
   54         725.149     187.714           0.000       0.000              54               0
   46        -391.730    -171.022           0.000       0.000              46               0
   25        -415.621      41.768           0.000       0.000              25               0
  130         547.003      53.007           0.000       0.000             130               0
   10         593.639     165.998           0.000       0.000              10               0
  189        -203.247     946.285           0.000       0.000             189               0
  255         358.305    -829.303           0.000       0.000             255               0
  229         931.292     560.130           0.000       0.000             229               0
  175         491.500    -171.955           0.000       0.000             175               0
   96        -398.707    -126.507           0.000       0.000              96               0
  133         -34.587      70.188           0.000       0.000             133               0
  244         -70.942     370.787           0.000       0.000             244               0
  188        -246.896     -10.542           0.000       0.000             188               0
   12        -264.545     -46.534           0.000       0.000              12               0
   30        -595.974      10.485           0.000       0.000              30               0
  189        -213.257    -563.381           0.000       0.000             189               0
  100        -419.831    -462.927           0.000       0.000             100               0
  236          40.769     409.428           0.000       0.000             236               0
  230        -494.455     404.422           0.000       0.000             230               0
  180         684.000       0.008           0.000       0.000             180               0
   10        -494.446    -404.448           0.000       0.000              10               0
  210          40.784    -409.415           0.000       0.000             210               0
   94        -419.854     462.921           0.000       0.000              94               0
   47        -213.281     563.366           0.000       0.000              47               0
   59        -595.968     -10.522           0.000       0.000              59               0
  158        -264.534      46.514           0.000       0.000             158               0
   83        -246.882      10.521           0.000       0.000              83               0
  108         -70.911    -370.796           0.000       0.000             108               0
  141         -34.571     -70.187           0.000       0.000             141               0
  170        -398.689     126.489           0.000       0.000             170               0
    3         491.520     171.966           0.000       0.000               3               0
  196         931.324    -560.091           0.000       0.000             196               0
  217         358.263     829.308           0.000       0.000             217               0
   28        -203.206    -946.306           0.000       0.000              28               0
   70         593.650    -165.967           0.000       0.000              70               0
  227         546.991     -52.980           0.000       0.000             227               0
  218        -415.633     -41.782           0.000       0.000             218               0
   69        -391.731     171.004           0.000       0.000              69               0
  201         725.154    -187.687           0.000       0.000             201               0
  137        -466.460    -215.562           0.000       0.000             137               0
  166         -29.353     272.565           0.000       0.000             166               0
   78        -107.114    -605.090           0.000       0.000              78               0
  126        -702.667     132.365           0.000       0.000             126               0
   98        -423.067     273.202           0.000       0.000              98               0
   91        -446.861     745.454           0.000       0.000              91               0
  157         544.844    -413.485           0.000       0.000             157               0
   32        -512.430    -134.164           0.000       0.000              32               0
  192         112.437     331.949           0.000       0.000             192               0
  138          95.857     416.255           0.000       0.000             138               0
    6        -316.188    -604.566           0.000       0.000               6               0
  116        -605.666    -105.252           0.000       0.000             116               0
