SINAL     NFT                         FFT                         NFT INVERSA     FFT INVERSA
-----     -----------------------     -----------------------     -----------     -----------
   17        8690.000       0.000           0.000       0.000              17               0
  229        -479.046      97.736           0.000       0.000             229               0
  105           5.032    -307.933           0.000       0.000             105               0
   79        -217.952     752.277           0.000       0.000              79               0
   40        -420.415    -201.670           0.000       0.000              40               0
  216        -313.121    -120.932           0.000       0.000             216               0
   44        -516.776    -400.326           0.000       0.000              44               0
  248         141.084     211.303           0.000       0.000             248               0
  175         145.103     193.995           0.000       0.000             175               0
  102         171.592    -823.816           0.000       0.000             102               0
   24        -115.804     200.505           0.000       0.000              24               0
  169         728.018   -1016.995           0.000       0.000             169               0
  132          38.435    -219.837           0.000       0.000             132               0
  125         250.397       6.863           0.000       0.000             125               0
  155        -616.060     -44.090           0.000       0.000             155               0
   96        -142.783     195.793           0.000       0.000              96               0
  241         669.003    -454.994           0.000       0.000             241               0
  236          52.357    -165.959           0.000       0.000             236               0
   54        -254.284       4.291           0.000       0.000              54               0
  187        -228.084    -636.479           0.000       0.000             187               0
   85         375.523      36.352           0.000       0.000              85               0
  110        -719.807     213.672           0.000       0.000             110               0
   60        -324.713     658.132           0.000       0.000              60               0
  180        -319.345     457.151           0.000       0.000             180               0
  176          24.900    -334.007           0.000       0.000             176               0
  246        -480.772     -55.784           0.000       0.000             246               0
    3          23.909      80.735           0.000       0.000               3               0
   57         208.148    -235.222           0.000       0.000              57               0
   78         602.432     294.522           0.000       0.000              78               0
  215       -1185.426    -400.687           0.000       0.000             215               0
  169        -113.317    -396.123           0.000       0.000             169               0
   96        -217.273    -384.703           0.000       0.000              96               0
  189       -1144.000      -0.015           0.000       0.000             189               0
   19        -217.276     384.706           0.000       0.000              19               0
  175        -113.332     396.121           0.000       0.000             175               0
  230       -1185.424     400.630           0.000       0.000             230               0
  235         602.468    -294.502           0.000       0.000             235               0
  219         208.140     235.230           0.000       0.000             219               0
  223          23.908     -80.737           0.000       0.000             223               0
  155        -480.773      55.764           0.000       0.000             155               0
   66          24.890     333.998           0.000       0.000              66               0
  247        -319.325    -457.176           0.000       0.000             247               0
   68        -324.682    -658.141           0.000       0.000              68               0
  199        -719.780    -213.686           0.000       0.000             199               0
  117         375.541     -36.317           0.000       0.000             117               0
  223        -228.102     636.478           0.000       0.000             223               0
   39        -254.268      -4.300           0.000       0.000              39               0
  102          52.371     165.967           0.000       0.000             102               0
  204         668.991     455.019           0.000       0.000             204               0
   93        -142.778    -195.801           0.000       0.000              93               0
   34        -616.048      44.069           0.000       0.000              34               0
   34         250.418      -6.844           0.000       0.000              34               0
  204          38.444     219.851           0.000       0.000             204               0
   94         727.983    1017.022           0.000       0.000              94               0
  214        -115.794    -200.518           0.000       0.000             214               0
  124         171.564     823.813           0.000       0.000             124               0
   85         145.114    -194.006           0.000       0.000              85               0
  217         141.092    -211.300           0.000       0.000             217               0
  181        -516.788     400.301           0.000       0.000             181               0
  164        -313.109     120.908           0.000       0.000             164               0
  177        -420.396     201.635           0.000       0.000             177               0
   95        -217.880    -752.292           0.000       0.000              95               0
    4           5.074     307.934           0.000       0.000               4               0
  111        -478.928     -97.761           0.000       0.000             111               0
