SINAL     NFT                         FFT                         NFT INVERSA     FFT INVERSA
-----     -----------------------     -----------------------     -----------     -----------
  152        7953.000       0.000           0.000       0.000             152               0
  158         360.872    -204.095           0.000       0.000             158               0
  131         192.094     430.120           0.000       0.000             131               0
  109         290.134     -56.406           0.000       0.000             109               0
   13         -30.533     304.000           0.000       0.000              13               0
  244         590.598    -409.846           0.000       0.000             244               0
  113         378.242     668.051           0.000       0.000             113               0
  107         -56.340     527.819           0.000       0.000             107               0
   59        -109.897      49.361           0.000       0.000              59               0
  214         283.309     642.625           0.000       0.000             214               0
   18        -615.608     395.774           0.000       0.000              18               0
  177        -160.173    -326.446           0.000       0.000             177               0
   73         221.267    -520.430           0.000       0.000              73               0
  230         195.420     145.636           0.000       0.000             230               0
   28        -175.655    -309.778           0.000       0.000              28               0
  156         412.217      -9.239           0.000       0.000             156               0
  121        -459.000    -342.007           0.000       0.000             121               0
  180         189.004    -328.812           0.000       0.000             180               0
   48        -791.741     170.518           0.000       0.000              48               0
  210        -358.681    -207.266           0.000       0.000             210               0
   90         320.351     699.660           0.000       0.000              90               0
   68         -78.262    -516.062           0.000       0.000              68               0
  204         -26.866     163.033           0.000       0.000             204               0
   94        1022.628     297.339           0.000       0.000              94               0
   89         107.882     301.361           0.000       0.000              89               0
  199        -319.397     204.742           0.000       0.000             199               0
  124         -59.932      22.679           0.000       0.000             124               0
  138        -174.610    -440.753           0.000       0.000             138               0
  214         328.905     136.092           0.000       0.000             214               0
  143         198.511     317.244           0.000       0.000             143               0
  151          83.448    -470.200           0.000       0.000             151               0
  111        -699.236   -1261.614           0.000       0.000             111               0
   46        -343.000       0.008           0.000       0.000              46               0
   26        -699.277    1261.591           0.000       0.000              26               0
  221          83.447     470.181           0.000       0.000             221               0
   59         198.535    -317.254           0.000       0.000              59               0
   14         328.912    -136.082           0.000       0.000              14               0
   78        -174.629     440.736           0.000       0.000              78               0
  166         -59.927     -22.699           0.000       0.000             166               0
   74        -319.378    -204.770           0.000       0.000              74               0
   37         107.915    -301.366           0.000       0.000              37               0
  185        1022.643    -297.299           0.000       0.000             185               0
  251         -26.870    -163.031           0.000       0.000             251               0
  110         -78.285     516.050           0.000       0.000             110               0
  160         320.374    -699.653           0.000       0.000             160               0
   24        -358.700     207.254           0.000       0.000              24               0
   10        -791.725    -170.549           0.000       0.000              10               0
   25         189.003     328.822           0.000       0.000              25               0
  204        -459.000     341.980           0.000       0.000             204               0
   59         412.231       9.247           0.000       0.000              59               0
  236        -175.658     309.760           0.000       0.000             236               0
   38         195.439    -145.636           0.000       0.000              38               0
  128         221.251     520.428           0.000       0.000             128               0
  185        -160.183     326.413           0.000       0.000             185               0
  133        -615.572    -395.827           0.000       0.000             133               0
  217         283.361    -642.625           0.000       0.000             217               0
  128        -109.874     -49.374           0.000       0.000             128               0
    1         -56.288    -527.831           0.000       0.000               1               0
  100         378.302    -668.028           0.000       0.000             100               0
   87         590.604     409.875           0.000       0.000              87               0
  145         -30.494    -304.005           0.000       0.000             145               0
  251         290.171      56.416           0.000       0.000             251               0
  198         192.167    -430.110           0.000       0.000             198               0
  191         360.968     204.115           0.000       0.000             191               0
