SINAL     NFT                         FFT                         NFT INVERSA     FFT INVERSA
-----     -----------------------     -----------------------     -----------     -----------
  223        7693.000       0.000           0.000       0.000             223               0
   34         226.828     295.410           0.000       0.000              34               0
   64         -13.532     123.600           0.000       0.000              64               0
  220         217.227    -642.507           0.000       0.000             220               0
  198        -318.784    -450.465           0.000       0.000             198               0
  180        -470.115    -281.553           0.000       0.000             180               0
  210         351.013    -187.844           0.000       0.000             210               0
  166        -206.204     122.041           0.000       0.000             166               0
   27        -840.574     527.732           0.000       0.000              27               0
   55         347.850      27.878           0.000       0.000              55               0
  231        -254.993    -121.447           0.000       0.000             231               0
   28          89.215     562.168           0.000       0.000              28               0
   73        -138.816      10.967           0.000       0.000              73               0
   64         796.288    -197.079           0.000       0.000              64               0
  105         319.116    -479.000           0.000       0.000             105               0
  148         457.051      93.380           0.000       0.000             148               0
   64        -173.011     865.998           0.000       0.000              64               0
   15         -18.047     693.483           0.000       0.000              15               0
   57         -81.171     -24.024           0.000       0.000              57               0
  133         -21.487      65.223           0.000       0.000             133               0
  194        1233.519    -383.313           0.000       0.000             194               0
  133        -259.523    -248.336           0.000       0.000             133               0
  189         607.111    -518.887           0.000       0.000             189               0
  212         252.489     -27.483           0.000       0.000             212               0
   36        -249.433     255.731           0.000       0.000              36               0
   68         516.142     -17.047           0.000       0.000              68               0
  151         622.167    -428.079           0.000       0.000             151               0
   43         926.347     359.852           0.000       0.000              43               0
  119        -475.926     283.229           0.000       0.000             119               0
  248           1.537     -65.480           0.000       0.000             248               0
   97        -109.698     183.789           0.000       0.000              97               0
   86         280.360     602.630           0.000       0.000              86               0
   27        -647.000      -0.028           0.000       0.000              27               0
  162         280.392    -602.637           0.000       0.000             162               0
   51        -109.687    -183.800           0.000       0.000              51               0
  226           1.540      65.470           0.000       0.000             226               0
   86        -475.894    -283.259           0.000       0.000              86               0
    5         926.383    -359.813           0.000       0.000               5               0
  137         622.151     428.103           0.000       0.000             137               0
  113         516.133      17.056           0.000       0.000             113               0
   61        -249.424    -255.747           0.000       0.000              61               0
  113         252.497      27.495           0.000       0.000             113               0
  141         607.089     518.907           0.000       0.000             141               0
  134        -259.527     248.311           0.000       0.000             134               0
  177        1233.501     383.343           0.000       0.000             177               0
  247         -21.501     -65.249           0.000       0.000             247               0
   26         -81.178      23.993           0.000       0.000              26               0
  241         -18.018    -693.507           0.000       0.000             241               0
    6        -172.967    -866.006           0.000       0.000               6               0
   84         457.064     -93.350           0.000       0.000              84               0
  119         319.100     479.013           0.000       0.000             119               0
  201         796.272     197.098           0.000       0.000             201               0
  218        -138.828     -10.991           0.000       0.000             218               0
   52          89.232    -562.173           0.000       0.000              52               0
  157        -254.999     121.433           0.000       0.000             157               0
  254         347.846     -27.874           0.000       0.000             254               0
  121        -840.550    -527.771           0.000       0.000             121               0
   52        -206.179    -122.043           0.000       0.000              52               0
   42         351.019     187.864           0.000       0.000              42               0
  240        -470.112     281.534           0.000       0.000             240               0
   45        -318.769     450.446           0.000       0.000              45               0
  140         217.242     642.496           0.000       0.000             140               0
   71         -13.472    -123.625           0.000       0.000              71               0
   73         226.945    -295.414           0.000       0.000              73               0
