SINAL     NFT                         FFT                         NFT INVERSA     FFT INVERSA
-----     -----------------------     -----------------------     -----------     -----------
  189        7882.000       0.000           0.000       0.000             189               0
  227         648.752    -140.805           0.000       0.000             227               0
  238         333.709     593.125           0.000       0.000             238               0
    7         319.163    -500.611           0.000       0.000               7               0
  155        -315.965    -296.175           0.000       0.000             155               0
  236         659.299    -281.518           0.000       0.000             236               0
  215         457.759     -30.630           0.000       0.000             215               0
   76        -633.051    -214.037           0.000       0.000              76               0
  121         -24.370     405.379           0.000       0.000             121               0
   28         254.177     -26.354           0.000       0.000              28               0
   15         415.936     -28.757           0.000       0.000              15               0
  223         654.723     167.545           0.000       0.000             223               0
  197         517.508    -611.699           0.000       0.000             197               0
   19         446.057    -180.346           0.000       0.000              19               0
  160         -12.961    -458.589           0.000       0.000             160               0
   99        -404.527      69.218           0.000       0.000              99               0
  127         285.999    -137.998           0.000       0.000             127               0
   17         434.648    -347.152           0.000       0.000              17               0
   64          68.430     136.975           0.000       0.000              64               0
  109        -725.091     -30.524           0.000       0.000             109               0
   85        -625.962     170.180           0.000       0.000              85               0
  209        -391.271     932.933           0.000       0.000             209               0
  140        -340.686    -247.651           0.000       0.000             140               0
  212         150.195     131.729           0.000       0.000             212               0
  232         128.370    -170.621           0.000       0.000             232               0
  111          35.773    -424.833           0.000       0.000             111               0
   63           9.655     754.185           0.000       0.000              63               0
  162        -163.077     460.899           0.000       0.000             162               0
  135         456.414      13.717           0.000       0.000             135               0
  151          84.530     390.827           0.000       0.000             151               0
  121        -219.893     920.369           0.000       0.000             121               0
   68        -314.360     334.483           0.000       0.000              68               0
  123        -166.000      -0.022           0.000       0.000             123               0
  104        -314.342    -334.531           0.000       0.000             104               0
   76        -219.844    -920.397           0.000       0.000              76               0
   23          84.559    -390.828           0.000       0.000              23               0
   84         456.416     -13.707           0.000       0.000              84               0
   35        -163.060    -460.917           0.000       0.000              35               0
  100           9.690    -754.179           0.000       0.000             100               0
  206          35.758     424.842           0.000       0.000             206               0
   63         128.363     170.618           0.000       0.000              63               0
  115         150.194    -131.732           0.000       0.000             115               0
  174        -340.703     247.620           0.000       0.000             174               0
    5        -391.233    -932.958           0.000       0.000               5               0
  134        -625.947    -170.198           0.000       0.000             134               0
   78        -725.067      30.497           0.000       0.000              78               0
  104          68.469    -136.966           0.000       0.000             104               0
    6         434.656     347.174           0.000       0.000               6               0
   96         286.003     138.006           0.000       0.000              96               0
  168        -404.509     -69.235           0.000       0.000             168               0
  115         -12.951     458.588           0.000       0.000             115               0
  182         446.077     180.359           0.000       0.000             182               0
  122         517.503     611.707           0.000       0.000             122               0
  255         654.742    -167.536           0.000       0.000             255               0
  138         415.940      28.763           0.000       0.000             138               0
   98         254.178      26.351           0.000       0.000              98               0
  111         -24.349    -405.386           0.000       0.000             111               0
  202        -633.037     214.010           0.000       0.000             202               0
    4         457.793      30.645           0.000       0.000               4               0
  246         659.308     281.541           0.000       0.000             246               0
   98        -315.950     296.152           0.000       0.000              98               0
  126         319.188     500.602           0.000       0.000             126               0
   59         333.794    -593.129           0.000       0.000              59               0
  221         648.851     140.824           0.000       0.000             221               0
