SINAL     NFT                         FFT                         NFT INVERSA     FFT INVERSA
-----     -----------------------     -----------------------     -----------     -----------
   19        8075.000       0.000           0.000       0.000              19               0
   17         140.803    -455.873           0.000       0.000              17               0
  245        -599.338      10.921           0.000       0.000             245               0
  255       -1197.792    -134.402           0.000       0.000             255               0
  107         994.766    -472.027           0.000       0.000             107               0
   97        -590.473    -428.012           0.000       0.000              97               0
  115        -286.569     244.728           0.000       0.000             115               0
   89        -712.245      -8.042           0.000       0.000              89               0
  243        -178.533    -828.887           0.000       0.000             243               0
  245         391.228    -333.933           0.000       0.000             245               0
   69        -451.386    -862.536           0.000       0.000              69               0
   61        -618.968    -533.233           0.000       0.000              61               0
   94        -481.662     438.300           0.000       0.000              94               0
  183         237.286     720.470           0.000       0.000             183               0
  247        -604.887     455.264           0.000       0.000             247               0
  238        -366.272     105.417           0.000       0.000             238               0
  190        -211.993    -421.003           0.000       0.000             190               0
  166         137.948    -386.197           0.000       0.000             166               0
  139        -126.552     641.428           0.000       0.000             139               0
  187         -27.834      -2.839           0.000       0.000             187               0
  165         -55.385     634.573           0.000       0.000             165               0
  179         -36.169     556.990           0.000       0.000             179               0
   17         182.643     129.284           0.000       0.000              17               0
    9        -310.140      82.185           0.000       0.000               9               0
  121         306.551    -600.884           0.000       0.000             121               0
   37         253.345    -128.238           0.000       0.000              37               0
   93        -252.952    -162.526           0.000       0.000              93               0
   80         446.191     -92.172           0.000       0.000              80               0
  156         346.276    -215.744           0.000       0.000             156               0
  125         230.055     687.232           0.000       0.000             125               0
  199          19.032     -49.998           0.000       0.000             199               0
  175          39.025      63.493           0.000       0.000             175               0
  143         -91.000      -0.005           0.000       0.000             143               0
  189          39.031     -63.496           0.000       0.000             189               0
  174          19.035      49.991           0.000       0.000             174               0
  250         230.089    -687.221           0.000       0.000             250               0
   30         346.267     215.769           0.000       0.000              30               0
   34         446.178      92.194           0.000       0.000              34               0
   83        -252.966     162.516           0.000       0.000              83               0
   18         253.338     128.250           0.000       0.000              18               0
   23         306.515     600.887           0.000       0.000              23               0
  152        -310.145     -82.216           0.000       0.000             152               0
   79         182.644    -129.293           0.000       0.000              79               0
  117         -36.154    -557.002           0.000       0.000             117               0
   80         -55.365    -634.572           0.000       0.000              80               0
   70         -27.840       2.843           0.000       0.000              70               0
   99        -126.531    -641.421           0.000       0.000              99               0
   15         137.924     386.218           0.000       0.000              15               0
  237        -212.022     420.991           0.000       0.000             237               0
  238        -366.276    -105.442           0.000       0.000             238               0
  202        -604.865    -455.294           0.000       0.000             202               0
  146         237.316    -720.449           0.000       0.000             146               0
  162        -481.649    -438.291           0.000       0.000             162               0
  220        -618.985     533.237           0.000       0.000             220               0
  156        -451.404     862.528           0.000       0.000             156               0
   27         391.224     333.952           0.000       0.000              27               0
    1        -178.570     828.872           0.000       0.000               1               0
  249        -712.236       7.997           0.000       0.000             249               0
  107        -286.540    -244.740           0.000       0.000             107               0
  158        -590.459     427.990           0.000       0.000             158               0
  119         994.765     472.060           0.000       0.000             119               0
   51       -1197.777     134.339           0.000       0.000              51               0
   78        -599.271     -10.954           0.000       0.000              78               0
    6         140.902     455.866           0.000       0.000               6               0
