SINAL     NFT                         FFT                         NFT INVERSA     FFT INVERSA
-----     -----------------------     -----------------------     -----------     -----------
  196        8409.000       0.000           0.000       0.000             196               0
  103         -97.941       4.438           0.000       0.000             103               0
   19         349.256    -261.157           0.000       0.000              19               0
  227         179.390    -410.960           0.000       0.000             227               0
  102         -23.694     515.622           0.000       0.000             102               0
  243        -259.254     242.218           0.000       0.000             243               0
   27        -218.228    -230.360           0.000       0.000              27               0
  157         729.936    -707.988           0.000       0.000             157               0
  142         690.727      67.298           0.000       0.000             142               0
  167        -143.936     588.657           0.000       0.000             167               0
  130         301.437     522.681           0.000       0.000             130               0
  235        -240.221     822.012           0.000       0.000             235               0
  126         371.491     198.274           0.000       0.000             126               0
   58        -161.764     237.381           0.000       0.000              58               0
  139         205.547     681.850           0.000       0.000             139               0
   40        -134.440     -68.052           0.000       0.000              40               0
   84         299.001    -135.999           0.000       0.000              84               0
  175         497.848     494.865           0.000       0.000             175               0
   80         361.523    -209.949           0.000       0.000              80               0
  139         -98.575     592.226           0.000       0.000             139               0
  115        -332.332    -376.451           0.000       0.000             115               0
   42        -245.203     413.441           0.000       0.000              42               0
  252        -258.047    -118.986           0.000       0.000             252               0
   47         707.241     500.262           0.000       0.000              47               0
   97         187.279    -884.711           0.000       0.000              97               0
  142        -271.069     402.194           0.000       0.000             142               0
  169         401.003    -229.225           0.000       0.000             169               0
  249         486.867    -204.570           0.000       0.000             249               0
  121        -327.478      -7.107           0.000       0.000             121               0
   87          84.575    -814.162           0.000       0.000              87               0
  220          73.494    -206.168           0.000       0.000             220               0
   61        -953.516     -25.903           0.000       0.000              61               0
  191        -187.000      -0.003           0.000       0.000             191               0
  239        -953.506      25.866           0.000       0.000             239               0
   32          73.505     206.175           0.000       0.000              32               0
   37          84.551     814.157           0.000       0.000              37               0
  226        -327.462       7.076           0.000       0.000             226               0
   60         486.875     204.577           0.000       0.000              60               0
  195         400.995     229.223           0.000       0.000             195               0
  113        -271.048    -402.215           0.000       0.000             113               0
  227         187.255     884.702           0.000       0.000             227               0
   69         707.260    -500.257           0.000       0.000              69               0
   93        -258.060     118.958           0.000       0.000              93               0
   98        -245.183    -413.465           0.000       0.000              98               0
  128        -332.336     376.420           0.000       0.000             128               0
  232         -98.530    -592.247           0.000       0.000             232               0
  138         361.534     209.951           0.000       0.000             138               0
  212         497.877    -494.857           0.000       0.000             212               0
  151         298.996     136.002           0.000       0.000             151               0
  219        -134.438      68.024           0.000       0.000             219               0
   95         205.583    -681.859           0.000       0.000              95               0
   11        -161.743    -237.397           0.000       0.000              11               0
    5         371.510    -198.273           0.000       0.000               5               0
   92        -240.174    -822.031           0.000       0.000              92               0
   59         301.475    -522.665           0.000       0.000              59               0
  103        -143.890    -588.650           0.000       0.000             103               0
  234         690.751     -67.249           0.000       0.000             234               0
  228         729.910     708.025           0.000       0.000             228               0
   97        -218.236     230.339           0.000       0.000              97               0
  100        -259.224    -242.240           0.000       0.000             100               0
   60         -23.640    -515.618           0.000       0.000              60               0
   61         179.414     410.974           0.000       0.000              61               0
  161         349.298     261.166           0.000       0.000             161               0
  252         -97.834      -4.450           0.000       0.000             252               0
