SINAL     NFT                         FFT                         NFT INVERSA     FFT INVERSA
-----     -----------------------     -----------------------     -----------     -----------
  241        8021.000       0.000           0.000       0.000             241               0
   76        -181.814      -3.366           0.000       0.000              76               0
  152         486.137    -271.406           0.000       0.000             152               0
  180          64.388      18.437           0.000       0.000             180               0
  225          44.890     -87.102           0.000       0.000             225               0
   89         855.386     301.892           0.000       0.000              89               0
    5         184.350    -788.085           0.000       0.000               5               0
   63         367.254     -60.745           0.000       0.000              63               0
  112         566.634    -376.345           0.000       0.000             112               0
   90        -673.608     511.058           0.000       0.000              90               0
  225        -221.870     144.377           0.000       0.000             225               0
  228        -308.432     337.088           0.000       0.000             228               0
   56         265.613     152.311           0.000       0.000              56               0
   85         134.157     852.737           0.000       0.000              85               0
  249         597.246     -80.623           0.000       0.000             249               0
   49         -18.458     599.081           0.000       0.000              49               0
   80        -894.001     164.985           0.000       0.000              80               0
  105         469.839     129.246           0.000       0.000             105               0
  117         393.620    -191.846           0.000       0.000             117               0
  106         584.566    -432.660           0.000       0.000             106               0
   77         434.858    -120.625           0.000       0.000              77               0
   14        -827.281     155.472           0.000       0.000              14               0
  119          29.634     274.267           0.000       0.000             119               0
  210         232.183      60.708           0.000       0.000             210               0
   99         579.366    -230.343           0.000       0.000              99               0
  244        -169.761     392.422           0.000       0.000             244               0
  137         263.586     -20.709           0.000       0.000             137               0
  218           6.783       4.142           0.000       0.000             218               0
   38         918.616     595.972           0.000       0.000              38               0
  123        -402.216     285.592           0.000       0.000             123               0
   50        -604.705     150.836           0.000       0.000              50               0
   24         522.962    -140.962           0.000       0.000              24               0
  200           3.000      -0.009           0.000       0.000             200               0
  203         522.949     140.962           0.000       0.000             203               0
  204        -604.705    -150.885           0.000       0.000             204               0
  169        -402.185    -285.631           0.000       0.000             169               0
   37         918.651    -595.944           0.000       0.000              37               0
  209           6.782      -4.147           0.000       0.000             209               0
  232         263.585      20.707           0.000       0.000             232               0
  149        -169.739    -392.437           0.000       0.000             149               0
   44         579.361     230.359           0.000       0.000              44               0
  202         232.179     -60.713           0.000       0.000             202               0
  121          29.636    -274.276           0.000       0.000             121               0
  101        -827.264    -155.510           0.000       0.000             101               0
   32         434.875     120.640           0.000       0.000              32               0
  115         584.555     432.673           0.000       0.000             115               0
  150         393.611     191.840           0.000       0.000             150               0
  112         469.831    -129.250           0.000       0.000             112               0
  220        -893.996    -165.045           0.000       0.000             220               0
   12         -18.413    -599.096           0.000       0.000              12               0
  218         597.254      80.633           0.000       0.000             218               0
   42         134.195    -852.742           0.000       0.000              42               0
   27         265.619    -152.301           0.000       0.000              27               0
   81        -308.416    -337.103           0.000       0.000              81               0
  252        -221.854    -144.387           0.000       0.000             252               0
  126        -673.559    -511.079           0.000       0.000             126               0
   70         566.652     376.377           0.000       0.000              70               0
  134         367.274      60.763           0.000       0.000             134               0
   89         184.343     788.083           0.000       0.000              89               0
  109         855.419    -301.871           0.000       0.000             109               0
    1          44.903      87.097           0.000       0.000               1               0
  140          64.424     -18.440           0.000       0.000             140               0
  133         486.173     271.417           0.000       0.000             133               0
  201        -181.715       3.345           0.000       0.000             201               0
