SINAL     NFT                         FFT                         NFT INVERSA     FFT INVERSA
-----     -----------------------     -----------------------     -----------     -----------
   96        8618.000       0.000           0.000       0.000              96               0
  217         361.566    -971.249           0.000       0.000             217               0
  221         285.322     159.909           0.000       0.000             221               0
  188        1111.056     147.820           0.000       0.000             188               0
  188         320.935    -581.976           0.000       0.000             188               0
  215        -501.412    -106.311           0.000       0.000             215               0
  252        -781.148    -946.292           0.000       0.000             252               0
  212         278.921     520.906           0.000       0.000             212               0
   11        -372.966     634.695           0.000       0.000              11               0
   94         278.529    -297.958           0.000       0.000              94               0
   82        -494.304    -176.955           0.000       0.000              82               0
   37         515.503     160.565           0.000       0.000              37               0
   44         561.315    -860.972           0.000       0.000              44               0
  220          16.363     587.005           0.000       0.000             220               0
   79        -308.586      59.664           0.000       0.000              79               0
  212           2.910     -89.697           0.000       0.000             212               0
  218        -424.008     203.995           0.000       0.000             218               0
  254        -638.331     130.291           0.000       0.000             254               0
  230        -986.666     616.509           0.000       0.000             230               0
   72         473.764    -627.979           0.000       0.000              72               0
  133        -226.310     161.816           0.000       0.000             133               0
  241         149.309    -270.676           0.000       0.000             241               0
  193         -45.846    -655.783           0.000       0.000             193               0
  234        -361.151      53.786           0.000       0.000             234               0
  234          56.950     578.698           0.000       0.000             234               0
   63        -602.878     224.266           0.000       0.000              63               0
   42        -150.458    -670.418           0.000       0.000              42               0
  213        -363.036     -93.929           0.000       0.000             213               0
  188         212.073    -411.173           0.000       0.000             188               0
   68         682.089      88.933           0.000       0.000              68               0
  120         369.687     103.484           0.000       0.000             120               0
   28        -347.231      48.834           0.000       0.000              28               0
   30        -618.000      -0.014           0.000       0.000              30               0
   85        -347.213     -48.850           0.000       0.000              85               0
  217         369.707    -103.468           0.000       0.000             217               0
  219         682.090     -88.898           0.000       0.000             219               0
   45         212.039     411.185           0.000       0.000              45               0
  214        -363.052      93.913           0.000       0.000             214               0
  175        -150.493     670.401           0.000       0.000             175               0
   56        -602.867    -224.310           0.000       0.000              56               0
   53          56.979    -578.697           0.000       0.000              53               0
    1        -361.144     -53.789           0.000       0.000               1               0
   94         -45.865     655.783           0.000       0.000              94               0
   98         149.300     270.670           0.000       0.000              98               0
  222        -226.301    -161.832           0.000       0.000             222               0
  173         473.729     627.983           0.000       0.000             173               0
   54        -986.649    -616.567           0.000       0.000              54               0
  185        -638.312    -130.321           0.000       0.000             185               0
  172        -423.977    -204.014           0.000       0.000             172               0
   29           2.927      89.696           0.000       0.000              29               0
    1        -308.561     -59.682           0.000       0.000               1               0
   50          16.417    -586.996           0.000       0.000              50               0
   14         561.300     860.999           0.000       0.000              14               0
  194         515.513    -160.552           0.000       0.000             194               0
   28        -494.304     176.931           0.000       0.000              28               0
  248         278.531     297.956           0.000       0.000             248               0
    1        -372.924    -634.719           0.000       0.000               1               0
   70         278.957    -520.878           0.000       0.000              70               0
  205        -781.166     946.268           0.000       0.000             205               0
  190        -501.367     106.284           0.000       0.000             190               0
  139         320.971     581.979           0.000       0.000             139               0
   69        1111.112    -147.788           0.000       0.000              69               0
  219         285.383    -159.897           0.000       0.000             219               0
  169         361.637     971.251           0.000       0.000             169               0
