SINAL     NFT                         FFT                         NFT INVERSA     FFT INVERSA
-----     -----------------------     -----------------------     -----------     -----------
  116        8469.000       0.000           0.000       0.000             116               0
  234         355.149     144.109           0.000       0.000             234               0
  127         205.351     -79.073           0.000       0.000             127               0
  134         661.208     438.944           0.000       0.000             134               0
  229         214.135     404.943           0.000       0.000             229               0
   69         132.413     -92.422           0.000       0.000              69               0
   68         234.547    -757.091           0.000       0.000              68               0
  175         430.078     337.385           0.000       0.000             175               0
   25        -108.331     486.883           0.000       0.000              25               0
   56        -641.822     178.327           0.000       0.000              56               0
  187        -243.295      72.662           0.000       0.000             187               0
   83          -7.268    -199.665           0.000       0.000              83               0
  174         333.769    -353.930           0.000       0.000             174               0
  192        -288.743     663.787           0.000       0.000             192               0
   74         -58.239    -635.342           0.000       0.000              74               0
  210         132.570     681.772           0.000       0.000             210               0
   67        -400.996    -496.007           0.000       0.000              67               0
  210         468.650     249.890           0.000       0.000             210               0
   98         -19.837    -170.717           0.000       0.000              98               0
  132         267.958    -130.010           0.000       0.000             132               0
  126         250.891      29.321           0.000       0.000             126               0
   28        -139.512    -887.956           0.000       0.000              28               0
  161        -533.948      56.397           0.000       0.000             161               0
  178         -76.765    -640.873           0.000       0.000             178               0
   59        -481.680     126.886           0.000       0.000              59               0
  246         123.384    1304.961           0.000       0.000             246               0
   93         -79.719    -100.879           0.000       0.000              93               0
   31        -304.311    -101.723           0.000       0.000              31               0
  190        -398.809     112.189           0.000       0.000             190               0
   96        -540.131     246.339           0.000       0.000              96               0
   89         127.142    -269.964           0.000       0.000              89               0
   51          99.090    -210.774           0.000       0.000              51               0
   74        -471.000      -0.009           0.000       0.000              74               0
  217          99.086     210.776           0.000       0.000             217               0
  185         127.124     269.958           0.000       0.000             185               0
   48        -540.127    -246.373           0.000       0.000              48               0
   30        -398.800    -112.210           0.000       0.000              30               0
  254        -304.305     101.703           0.000       0.000             254               0
  224         -79.713     100.856           0.000       0.000             224               0
   56         123.441   -1304.958           0.000       0.000              56               0
   55        -481.670    -126.882           0.000       0.000              55               0
  155         -76.784     640.880           0.000       0.000             155               0
  140        -533.933     -56.414           0.000       0.000             140               0
  229        -139.527     887.946           0.000       0.000             229               0
   92         250.911     -29.324           0.000       0.000              92               0
  214         267.963     130.013           0.000       0.000             214               0
  183         -19.834     170.704           0.000       0.000             183               0
  159         468.664    -249.878           0.000       0.000             159               0
  169        -401.013     495.978           0.000       0.000             169               0
   26         132.609    -681.774           0.000       0.000              26               0
   35         -58.259     635.333           0.000       0.000              35               0
   40        -288.700    -663.807           0.000       0.000              40               0
   54         333.768     353.945           0.000       0.000              54               0
  196          -7.271     199.653           0.000       0.000             196               0
  218        -243.284     -72.687           0.000       0.000             218               0
  113        -641.791    -178.366           0.000       0.000             113               0
  187        -108.273    -486.892           0.000       0.000             187               0
   55         430.125    -337.357           0.000       0.000              55               0
  145         234.543     757.101           0.000       0.000             145               0
  122         132.441      92.409           0.000       0.000             122               0
  152         214.193    -404.947           0.000       0.000             152               0
  235         661.269    -438.916           0.000       0.000             235               0
  173         205.403      79.084           0.000       0.000             173               0
  226         355.265    -144.093           0.000       0.000             226               0
