SINAL     NFT                         FFT                         NFT INVERSA     FFT INVERSA
-----     -----------------------     -----------------------     -----------     -----------
  221        7314.000       0.000           0.000       0.000             221               0
  189         215.580     -64.859           0.000       0.000             189               0
  118        -241.039    -784.968           0.000       0.000             118               0
  148        -309.319    -330.546           0.000       0.000             148               0
  155         390.853   -1017.785           0.000       0.000             155               0
   74        -904.029     176.451           0.000       0.000              74               0
  228         355.387    -265.788           0.000       0.000             228               0
  250         214.050     361.860           0.000       0.000             250               0
   46         749.864    -585.396           0.000       0.000              46               0
  238        -205.979   -1006.374           0.000       0.000             238               0
  214         107.523     408.576           0.000       0.000             214               0
   97         399.907    -163.510           0.000       0.000              97               0
   73         707.116    -103.399           0.000       0.000              73               0
   46         -31.985    -595.222           0.000       0.000              46               0
   13         342.609     115.758           0.000       0.000              13               0
   44        -131.434     360.495           0.000       0.000              44               0
  245          57.998     -80.003           0.000       0.000             245               0
  224        -837.816    -221.662           0.000       0.000             224               0
  190         332.876     463.083           0.000       0.000             190               0
   44         481.779    -304.838           0.000       0.000              44               0
   65         333.198    -420.584           0.000       0.000              65               0
  198         968.605    -707.985           0.000       0.000             198               0
   13         642.018    -205.762           0.000       0.000              13               0
  127        -252.753      30.309           0.000       0.000             127               0
  160        -177.874     466.599           0.000       0.000             160               0
   94        -168.934      63.893           0.000       0.000              94               0
    0        -931.293     156.050           0.000       0.000              -0               0
    1          94.312    -230.974           0.000       0.000               1               0
   24         428.850    -298.963           0.000       0.000              24               0
   29         465.112    -582.490           0.000       0.000              29               0
   19         287.896     398.579           0.000       0.000              19               0
  246          34.927     -69.057           0.000       0.000             246               0
  219          -6.000      -0.001           0.000       0.000             219               0
  138          34.929      69.053           0.000       0.000             138               0
  138         287.918    -398.563           0.000       0.000             138               0
  118         465.086     582.514           0.000       0.000             118               0
  213         428.825     298.972           0.000       0.000             213               0
  110          94.281     230.964           0.000       0.000             110               0
  113        -931.291    -156.102           0.000       0.000             113               0
    3        -168.919     -63.910           0.000       0.000               3               0
   93        -177.841    -466.609           0.000       0.000              93               0
   71        -252.727     -30.311           0.000       0.000              71               0
  100         642.035     205.798           0.000       0.000             100               0
  167         968.581     708.024           0.000       0.000             167               0
  117         333.176     420.584           0.000       0.000             117               0
  114         481.759     304.837           0.000       0.000             114               0
  212         332.878    -463.083           0.000       0.000             212               0
  107        -837.830     221.620           0.000       0.000             107               0
   83          58.006      79.992           0.000       0.000              83               0
  146        -131.406    -360.508           0.000       0.000             146               0
  151         342.626    -115.739           0.000       0.000             151               0
  148         -31.995     595.218           0.000       0.000             148               0
   89         707.124     103.418           0.000       0.000              89               0
  165         399.900     163.516           0.000       0.000             165               0
   19         107.539    -408.569           0.000       0.000              19               0
  249        -206.010    1006.366           0.000       0.000             249               0
    4         749.849     585.403           0.000       0.000               4               0
   20         214.065    -361.869           0.000       0.000              20               0
  251         355.370     265.794           0.000       0.000             251               0
   29        -904.011    -176.491           0.000       0.000              29               0
   49         390.835    1017.793           0.000       0.000              49               0
   14        -309.307     330.511           0.000       0.000              14               0
   19        -241.018     784.928           0.000       0.000              19               0
   12         215.678      64.830           0.000       0.000              12               0
