SINAL     NFT                         FFT                         NFT INVERSA     FFT INVERSA
-----     -----------------------     -----------------------     -----------     -----------
  168        8177.000       0.000           0.000       0.000             168               0
  165         464.897     -83.843           0.000       0.000             165               0
   10         833.711     376.622           0.000       0.000              10               0
  175         -96.226     -96.303           0.000       0.000             175               0
  229        -576.629     -53.866           0.000       0.000             229               0
  224         655.141     760.228           0.000       0.000             224               0
    0        -406.429    -384.878           0.000       0.000               0               0
  174         627.109     259.232           0.000       0.000             174               0
   94        -908.605     -30.657           0.000       0.000              94               0
  122        -508.405     145.470           0.000       0.000             122               0
  210        -484.192     451.230           0.000       0.000             210               0
  204         470.563    -622.507           0.000       0.000             204               0
   64        -150.898     422.971           0.000       0.000              64               0
  214         806.135    -101.969           0.000       0.000             214               0
   37         215.776      36.495           0.000       0.000              37               0
   49         907.111      38.997           0.000       0.000              49               0
    8         378.997     -53.998           0.000       0.000               8               0
  114         525.856     -72.915           0.000       0.000             114               0
  124         428.767     361.458           0.000       0.000             124               0
   37        1058.712      20.596           0.000       0.000              37               0
  193        -281.280    -127.920           0.000       0.000             193               0
   78        -370.433     184.851           0.000       0.000              78               0
   35        -410.647      71.915           0.000       0.000              35               0
  149        -586.840      96.861           0.000       0.000             149               0
  217         126.607    -178.651           0.000       0.000             217               0
  253         586.614     581.418           0.000       0.000             253               0
  160         251.220    -159.635           0.000       0.000             160               0
  180        -477.299     -21.332           0.000       0.000             180               0
  102         336.776     559.250           0.000       0.000             102               0
   92        -498.017     321.233           0.000       0.000              92               0
  247        -452.233    -349.884           0.000       0.000             247               0
   15        -908.979    -453.081           0.000       0.000              15               0
    2        -539.000      -0.011           0.000       0.000               2               0
    2        -908.990     453.036           0.000       0.000               2               0
  191        -452.230     349.843           0.000       0.000             191               0
  231        -497.979    -321.278           0.000       0.000             231               0
  227         336.817    -559.246           0.000       0.000             227               0
  192        -477.283      21.309           0.000       0.000             192               0
  150         251.236     159.632           0.000       0.000             150               0
   65         586.646    -581.401           0.000       0.000              65               0
   58         126.594     178.653           0.000       0.000              58               0
  105        -586.834     -96.894           0.000       0.000             105               0
   14        -410.628     -71.940           0.000       0.000              14               0
  122        -370.400    -184.872           0.000       0.000             122               0
   63        -281.246     127.903           0.000       0.000              63               0
   51        1058.744     -20.563           0.000       0.000              51               0
  172         428.796    -361.446           0.000       0.000             172               0
   72         525.865      72.935           0.000       0.000              72               0
  165         379.008      54.007           0.000       0.000             165               0
   40         907.117     -38.966           0.000       0.000              40               0
  109         215.776     -36.492           0.000       0.000             109               0
  102         806.124     101.993           0.000       0.000             102               0
  119        -150.890    -422.980           0.000       0.000             119               0
  145         470.527     622.518           0.000       0.000             145               0
  252        -484.184    -451.266           0.000       0.000             252               0
   81        -508.396    -145.495           0.000       0.000              81               0
  142        -908.580      30.613           0.000       0.000             142               0
  156         627.148    -259.210           0.000       0.000             156               0
    5        -406.420     384.850           0.000       0.000               5               0
  245         655.197    -760.208           0.000       0.000             245               0
  248        -576.602      53.845           0.000       0.000             248               0
  253         -96.172      96.294           0.000       0.000             253               0
    4         833.795    -376.588           0.000       0.000               4               0
  251         464.998      83.865           0.000       0.000             251               0
