SINAL     NFT                         FFT                         NFT INVERSA     FFT INVERSA
-----     -----------------------     -----------------------     -----------     -----------
   86        8014.000       0.000           0.000       0.000              86               0
   40        -178.662    -501.737           0.000       0.000              40               0
  108        -354.335     -36.071           0.000       0.000             108               0
  149        -550.240    -345.779           0.000       0.000             149               0
   80        -115.749    -139.167           0.000       0.000              80               0
  101        -520.916     316.194           0.000       0.000             101               0
  240        -286.147     229.435           0.000       0.000             240               0
  205        -158.010     401.425           0.000       0.000             205               0
   78         -66.337    -551.381           0.000       0.000              78               0
  191        -445.144    -391.131           0.000       0.000             191               0
  234         316.129    -139.731           0.000       0.000             234               0
  182        -253.441     -30.887           0.000       0.000             182               0
   98         449.377      61.067           0.000       0.000              98               0
   41         729.300    -190.761           0.000       0.000              41               0
   73        -346.566    -310.202           0.000       0.000              73               0
  227        -599.425     274.045           0.000       0.000             227               0
  211        -459.006     658.994           0.000       0.000             211               0
   11        -199.916      22.588           0.000       0.000              11               0
  250         -26.507     118.181           0.000       0.000             250               0
   92         102.770    -272.870           0.000       0.000              92               0
  255         356.153     642.082           0.000       0.000             255               0
   42         188.276    -285.848           0.000       0.000              42               0
  151         324.371    -598.339           0.000       0.000             151               0
   26         -33.450      87.271           0.000       0.000              26               0
  213        -217.659     -21.383           0.000       0.000             213               0
  174         235.542     111.572           0.000       0.000             174               0
  158         -92.520    -383.396           0.000       0.000             158               0
  122         -32.314    -230.488           0.000       0.000             122               0
  125          98.211     317.851           0.000       0.000             125               0
   83         742.030     -79.209           0.000       0.000              83               0
   84        -566.393    -929.915           0.000       0.000              84               0
  212         381.605     462.958           0.000       0.000             212               0
  123         648.000       0.013           0.000       0.000             123               0
  192         381.611    -462.931           0.000       0.000             192               0
  105        -566.432     929.897           0.000       0.000             105               0
  204         742.029      79.227           0.000       0.000             204               0
   38          98.213    -317.848           0.000       0.000              38               0
   89         -32.331     230.491           0.000       0.000              89               0
  153         -92.538     383.386           0.000       0.000             153               0
  116         235.544    -111.571           0.000       0.000             116               0
   24        -217.663      21.371           0.000       0.000              24               0
  131         -33.441     -87.270           0.000       0.000             131               0
   42         324.349     598.349           0.000       0.000              42               0
  123         188.263     285.835           0.000       0.000             123               0
  173         356.173    -642.077           0.000       0.000             173               0
  116         102.747     272.870           0.000       0.000             116               0
   94         -26.515    -118.192           0.000       0.000              94               0
  129        -199.926     -22.608           0.000       0.000             129               0
  127        -458.983    -659.017           0.000       0.000             127               0
   89        -599.406    -274.059           0.000       0.000              89               0
  221        -346.556     310.195           0.000       0.000             221               0
  127         729.307     190.789           0.000       0.000             127               0
  131         449.374     -61.050           0.000       0.000             131               0
  116        -253.446      30.878           0.000       0.000             116               0
  153         316.119     139.747           0.000       0.000             153               0
   89        -445.164     391.110           0.000       0.000              89               0
   35         -66.356     551.361           0.000       0.000              35               0
   56        -157.990    -401.449           0.000       0.000              56               0
  212        -286.132    -229.453           0.000       0.000             212               0
  161        -520.887    -316.213           0.000       0.000             161               0
  139        -115.733     139.168           0.000       0.000             139               0
   40        -550.223     345.753           0.000       0.000              40               0
  117        -354.279      36.052           0.000       0.000             117               0
    7        -178.572     501.718           0.000       0.000               7               0
