SINAL     NFT                         FFT                         NFT INVERSA     FFT INVERSA
-----     -----------------------     -----------------------     -----------     -----------
  161        7554.000       0.000           0.000       0.000             161               0
   29        -226.027     -41.426           0.000       0.000              29               0
   21         198.950    -468.067           0.000       0.000              21               0
   87        -622.621    -409.817           0.000       0.000              87               0
  254        -251.142     328.838           0.000       0.000             254               0
  161         248.431     533.868           0.000       0.000             161               0
   76         562.415    -238.187           0.000       0.000              76               0
   51       -1202.755      31.789           0.000       0.000              51               0
  255        -379.439     482.528           0.000       0.000             255               0
  124         194.692    -400.435           0.000       0.000             124               0
  143         190.446     626.515           0.000       0.000             143               0
  119        -259.877    -280.746           0.000       0.000             119               0
  183           5.881     423.905           0.000       0.000             183               0
  239        -278.167     916.220           0.000       0.000             239               0
  237         366.996      32.674           0.000       0.000             237               0
   49         850.130    -158.802           0.000       0.000              49               0
   10         149.002    -317.003           0.000       0.000              10               0
   15         218.164    -258.625           0.000       0.000              15               0
   58         396.221    -195.101           0.000       0.000              58               0
   15         197.188    -839.698           0.000       0.000              15               0
   41         613.112     619.135           0.000       0.000              41               0
  119        -649.078     -40.438           0.000       0.000             119               0
  157          71.856     549.353           0.000       0.000             157               0
  228        -268.314    -141.408           0.000       0.000             228               0
   95         125.444    -277.471           0.000       0.000              95               0
  216         231.784     -64.396           0.000       0.000             216               0
   57         108.619    -661.506           0.000       0.000              57               0
   20         487.338     238.313           0.000       0.000              20               0
   94         112.119     456.060           0.000       0.000              94               0
  170        -207.870      91.989           0.000       0.000             170               0
   98        -215.505     413.982           0.000       0.000              98               0
  255         678.979     217.156           0.000       0.000             255               0
  199        -144.000      -0.013           0.000       0.000             199               0
  119         678.984    -217.145           0.000       0.000             119               0
   86        -215.497    -414.001           0.000       0.000              86               0
  197        -207.863     -92.004           0.000       0.000             197               0
   24         112.147    -456.057           0.000       0.000              24               0
  162         487.350    -238.282           0.000       0.000             162               0
  249         108.588     661.513           0.000       0.000             249               0
   24         231.777      64.397           0.000       0.000              24               0
   31         125.425     277.466           0.000       0.000              31               0
  136        -268.323     141.378           0.000       0.000             136               0
  143          71.879    -549.361           0.000       0.000             143               0
  214        -649.067      40.407           0.000       0.000             214               0
  120         613.155    -619.102           0.000       0.000             120               0
  124         197.159     839.712           0.000       0.000             124               0
    7         396.217     195.107           0.000       0.000               7               0
  130         218.155     258.623           0.000       0.000             130               0
  140         148.995     316.992           0.000       0.000             140               0
   66         850.122     158.814           0.000       0.000              66               0
  146         366.980     -32.687           0.000       0.000             146               0
  181        -278.141    -916.249           0.000       0.000             181               0
  186           5.895    -423.902           0.000       0.000             186               0
   48        -259.888     280.731           0.000       0.000              48               0
  153         190.475    -626.510           0.000       0.000             153               0
   25         194.668     400.439           0.000       0.000              25               0
    9        -379.427    -482.550           0.000       0.000               9               0
  211       -1202.734     -31.838           0.000       0.000             211               0
   45         562.434     238.203           0.000       0.000              45               0
  103         248.463    -533.864           0.000       0.000             103               0
  125        -251.116    -328.839           0.000       0.000             125               0
  144        -622.604     409.799           0.000       0.000             144               0
  102         198.985     468.069           0.000       0.000             102               0
   68        -225.929      41.404           0.000       0.000              68               0
