SINAL     NFT                         FFT                         NFT INVERSA     FFT INVERSA
-----     -----------------------     -----------------------     -----------     -----------
   65        8357.000       0.000           0.000       0.000              65               0
   37        -709.219     -41.246           0.000       0.000              37               0
  131          64.398    -176.969           0.000       0.000             131               0
  219          44.711    -125.149           0.000       0.000             219               0
   67        -338.455     253.302           0.000       0.000              67               0
  191         319.897    -117.188           0.000       0.000             191               0
   92        -342.838    -345.028           0.000       0.000              92               0
   82         262.479      43.547           0.000       0.000              82               0
   74        -534.885     199.984           0.000       0.000              74               0
  169        -651.205      87.074           0.000       0.000             169               0
  115          25.714      39.067           0.000       0.000             115               0
  163        -361.222    -477.351           0.000       0.000             163               0
   87         -22.750      89.015           0.000       0.000              87               0
  168         344.055    1064.275           0.000       0.000             168               0
  178        -155.297    -450.895           0.000       0.000             178               0
  167         -27.185    -183.606           0.000       0.000             167               0
   46        -376.005     396.997           0.000       0.000              46               0
    8        -145.298     326.586           0.000       0.000               8               0
  246          96.400    -109.043           0.000       0.000             246               0
  105        -141.049     828.424           0.000       0.000             105               0
  190        -923.690      90.783           0.000       0.000             190               0
   23         -56.390    -103.542           0.000       0.000              23               0
   74         209.930    -275.291           0.000       0.000              74               0
  182         370.184    -349.780           0.000       0.000             182               0
  149         -61.116      55.983           0.000       0.000             149               0
  238         728.641    -463.743           0.000       0.000             238               0
  152         678.026    -256.742           0.000       0.000             152               0
  222          39.527     271.461           0.000       0.000             222               0
   99          36.878     687.088           0.000       0.000              99               0
  239         473.576    -545.855           0.000       0.000             239               0
   87        -792.324    -192.511           0.000       0.000              87               0
  164         212.488    -137.176           0.000       0.000             164               0
   21        -733.000      -0.013           0.000       0.000              21               0
  219         212.486     137.188           0.000       0.000             219               0
  128        -792.321     192.478           0.000       0.000             128               0
   89         473.570     545.861           0.000       0.000              89               0
  154          36.914    -687.098           0.000       0.000             154               0
  220          39.552    -271.451           0.000       0.000             220               0
  172         678.025     256.779           0.000       0.000             172               0
  229         728.613     463.770           0.000       0.000             229               0
  134         -61.125     -55.991           0.000       0.000             134               0
   32         370.161     349.790           0.000       0.000              32               0
  136         209.901     275.287           0.000       0.000             136               0
  221         -56.416     103.521           0.000       0.000             221               0
  200        -923.693     -90.843           0.000       0.000             200               0
   59        -141.006    -828.438           0.000       0.000              59               0
  133          96.397     109.047           0.000       0.000             133               0
  247        -145.287    -326.597           0.000       0.000             247               0
   67        -375.985    -397.008           0.000       0.000              67               0
  124         -27.186     183.610           0.000       0.000             124               0
   96        -155.307     450.875           0.000       0.000              96               0
    2         344.104   -1064.266           0.000       0.000               2               0
  147         -22.751     -89.000           0.000       0.000             147               0
  171        -361.242     477.340           0.000       0.000             171               0
  185          25.717     -39.071           0.000       0.000             185               0
   40        -651.197     -87.104           0.000       0.000              40               0
  154        -534.854    -200.004           0.000       0.000             154               0
   81         262.502     -43.529           0.000       0.000              81               0
    7        -342.832     345.016           0.000       0.000               7               0
  253         319.913     117.195           0.000       0.000             253               0
   64        -338.421    -253.318           0.000       0.000              64               0
   95          44.741     125.153           0.000       0.000              95               0
  162          64.435     176.969           0.000       0.000             162               0
   86        -709.115      41.211           0.000       0.000              86               0
