SINAL     NFT                         FFT                         NFT INVERSA     FFT INVERSA
-----     -----------------------     -----------------------     -----------     -----------
  148        8307.000       0.000           0.000       0.000             148               0
  217         474.106      82.936           0.000       0.000             217               0
  211          46.916     139.185           0.000       0.000             211               0
  196         -95.533    -144.608           0.000       0.000             196               0
   20        -470.015     101.474           0.000       0.000              20               0
  114         408.611     459.644           0.000       0.000             114               0
   24         173.492     123.807           0.000       0.000              24               0
  129         180.999    -642.279           0.000       0.000             129               0
  255          87.107    -236.907           0.000       0.000             255               0
  194        -504.372    -376.380           0.000       0.000             194               0
  133        -232.674   -1398.049           0.000       0.000             133               0
  195        -160.766     -94.191           0.000       0.000             195               0
  156           2.776    -656.806           0.000       0.000             156               0
  162        -215.101    -362.914           0.000       0.000             162               0
   10         245.541    -425.255           0.000       0.000              10               0
  128         270.659     765.312           0.000       0.000             128               0
  124         607.994     207.003           0.000       0.000             124               0
   79        -573.876    -503.086           0.000       0.000              79               0
   73        -127.200    -164.968           0.000       0.000              73               0
    6          23.555     -16.619           0.000       0.000               6               0
  246        -207.070    -336.141           0.000       0.000             246               0
  152         284.400     484.684           0.000       0.000             152               0
  132         482.760     134.170           0.000       0.000             132               0
   88        -485.302     591.689           0.000       0.000              88               0
  243         164.900    -400.908           0.000       0.000             243               0
   34         639.775     175.935           0.000       0.000              34               0
  121        -154.219    -562.651           0.000       0.000             121               0
  180         585.291    -340.390           0.000       0.000             180               0
  172        -469.697     550.134           0.000       0.000             172               0
  128         459.431     127.399           0.000       0.000             128               0
   40        -642.602    -459.202           0.000       0.000              40               0
   65        -363.905    -286.697           0.000       0.000              65               0
   90         293.000       0.010           0.000       0.000              90               0
  252        -363.922     286.685           0.000       0.000             252               0
    5        -642.609     459.167           0.000       0.000               5               0
  111         459.448    -127.394           0.000       0.000             111               0
  110        -469.664    -550.152           0.000       0.000             110               0
   29         585.287     340.422           0.000       0.000              29               0
  240        -154.235     562.636           0.000       0.000             240               0
  110         639.787    -175.919           0.000       0.000             110               0
  224         164.875     400.901           0.000       0.000             224               0
  118        -485.273    -591.722           0.000       0.000             118               0
   50         482.774    -134.152           0.000       0.000              50               0
  124         284.415    -484.666           0.000       0.000             124               0
   24        -207.088     336.140           0.000       0.000              24               0
   60          23.555      16.622           0.000       0.000              60               0
  252        -127.206     164.966           0.000       0.000             252               0
  149        -573.882     503.054           0.000       0.000             149               0
  140         608.019    -206.991           0.000       0.000             140               0
   70         270.693    -765.292           0.000       0.000              70               0
  155         245.520     425.283           0.000       0.000             155               0
  130        -215.117     362.914           0.000       0.000             130               0
  222           2.752     656.807           0.000       0.000             222               0
   32        -160.767      94.188           0.000       0.000              32               0
  219        -232.725    1398.032           0.000       0.000             219               0
  210        -504.369     376.333           0.000       0.000             210               0
   66          87.123     236.891           0.000       0.000              66               0
   85         180.995     642.259           0.000       0.000              85               0
  134         173.518    -123.833           0.000       0.000             134               0
  238         408.646    -459.647           0.000       0.000             238               0
  214        -469.987    -101.503           0.000       0.000             214               0
  174         -95.494     144.591           0.000       0.000             174               0
   47          46.987    -139.198           0.000       0.000              47               0
   48         474.223     -82.927           0.000       0.000              48               0
