SINAL     NFT                         FFT                         NFT INVERSA     FFT INVERSA
-----     -----------------------     -----------------------     -----------     -----------
   45        8895.000       0.000           0.000       0.000              45               0
  194        -610.912    -324.283           0.000       0.000             194               0
   34         604.699    -475.683           0.000       0.000              34               0
   16       -1123.453     532.432           0.000       0.000              16               0
  255          70.323     -76.684           0.000       0.000             255               0
  229        -673.152     -35.498           0.000       0.000             229               0
  130        -714.610    -350.073           0.000       0.000             130               0
  226        -142.060     -67.844           0.000       0.000             226               0
   42         -70.720    -337.420           0.000       0.000              42               0
  223        -130.228     289.212           0.000       0.000             223               0
   69         822.027     352.321           0.000       0.000              69               0
  170          34.715     387.975           0.000       0.000             170               0
  199         276.968     -73.629           0.000       0.000             199               0
  208        -104.645     155.737           0.000       0.000             208               0
  127        -463.831     172.204           0.000       0.000             127               0
   95         202.238    -615.083           0.000       0.000              95               0
  171         170.004    -495.002           0.000       0.000             171               0
  223         -97.983   -1165.507           0.000       0.000             223               0
  107         178.148     135.817           0.000       0.000             107               0
  176         -72.202    -404.791           0.000       0.000             176               0
   60        -256.497    -451.628           0.000       0.000              60               0
  166         121.446    -477.092           0.000       0.000             166               0
   23        -121.297    -733.623           0.000       0.000              23               0
   39           5.608     347.990           0.000       0.000              39               0
  139        -663.274    -283.427           0.000       0.000             139               0
  120        -132.112    -469.322           0.000       0.000             120               0
  139         360.051     796.676           0.000       0.000             139               0
  199           2.020    1043.971           0.000       0.000             199               0
  182        -182.786    -374.690           0.000       0.000             182               0
   45          99.197    -105.406           0.000       0.000              45               0
  196         230.798     -63.407           0.000       0.000             196               0
  228        -482.475    -636.827           0.000       0.000             228               0
  239        -287.000       0.003           0.000       0.000             239               0
  230        -482.492     636.813           0.000       0.000             230               0
  244         230.805      63.413           0.000       0.000             244               0
  239          99.193     105.408           0.000       0.000             239               0
  203        -182.800     374.667           0.000       0.000             203               0
  119           2.069   -1043.980           0.000       0.000             119               0
  209         360.082    -796.638           0.000       0.000             209               0
  246        -132.142     469.341           0.000       0.000             246               0
   86        -663.284     283.408           0.000       0.000              86               0
   23           5.632    -347.973           0.000       0.000              23               0
  161        -121.321     733.636           0.000       0.000             161               0
   30         121.430     477.102           0.000       0.000              30               0
  231        -256.512     451.618           0.000       0.000             231               0
   33         -72.209     404.785           0.000       0.000              33               0
  125         178.160    -135.803           0.000       0.000             125               0
  146         -98.025    1165.505           0.000       0.000             146               0
    1         169.989     494.993           0.000       0.000               1               0
  233         202.211     615.067           0.000       0.000             233               0
   67        -463.821    -172.248           0.000       0.000              67               0
   61        -104.624    -155.757           0.000       0.000              61               0
  143         276.977      73.625           0.000       0.000             143               0
   91          34.743    -387.987           0.000       0.000              91               0
  100         822.042    -352.290           0.000       0.000             100               0
   26        -130.226    -289.211           0.000       0.000              26               0
  212         -70.738     337.421           0.000       0.000             212               0
  240        -142.068      67.836           0.000       0.000             240               0
  226        -714.620     350.038           0.000       0.000             226               0
  138        -673.130      35.459           0.000       0.000             138               0
   29          70.345      76.675           0.000       0.000              29               0
  166       -1123.385    -532.480           0.000       0.000             166               0
  110         604.744     475.711           0.000       0.000             110               0
   13        -610.811     324.246           0.000       0.000              13               0
