SINAL     NFT                         FFT                         NFT INVERSA     FFT INVERSA
-----     -----------------------     -----------------------     -----------     -----------
   87        7839.000       0.000           0.000       0.000              87               0
  166         124.098      35.337           0.000       0.000             166               0
  155         581.691      -1.091           0.000       0.000             155               0
  202        -123.985   -1345.106           0.000       0.000             202               0
  144          92.383    -117.687           0.000       0.000             144               0
  120         -94.046     303.755           0.000       0.000             120               0
   99         162.095     -51.459           0.000       0.000              99               0
  254         683.849     461.912           0.000       0.000             254               0
  154         187.904    -108.355           0.000       0.000             154               0
  211        -139.363    -154.290           0.000       0.000             211               0
  230         445.662    -429.193           0.000       0.000             230               0
   25        -421.360     361.882           0.000       0.000              25               0
   11        -317.716     606.377           0.000       0.000              11               0
   80        -648.917     747.465           0.000       0.000              80               0
   76         475.931    -526.366           0.000       0.000              76               0
  131        -886.062     -89.041           0.000       0.000             131               0
    5         150.999     136.001           0.000       0.000               5               0
   11        -361.767     160.794           0.000       0.000              11               0
  110         208.421    -117.594           0.000       0.000             110               0
  162         424.303    -139.919           0.000       0.000             162               0
   85         183.117     135.129           0.000       0.000              85               0
   71         236.328    -174.375           0.000       0.000              71               0
   92         178.112    -346.575           0.000       0.000              92               0
   85        -616.113     815.145           0.000       0.000              85               0
  254        -111.909      37.641           0.000       0.000             254               0
   96         -56.608     588.699           0.000       0.000              96               0
  151        -150.210      78.697           0.000       0.000             151               0
  217          45.186     -98.304           0.000       0.000             217               0
  248        -229.794    -412.945           0.000       0.000             248               0
   74         246.583     484.420           0.000       0.000              74               0
   84        -245.717     111.221           0.000       0.000              84               0
   80        -860.212     265.210           0.000       0.000              80               0
  240        -597.000      -0.021           0.000       0.000             240               0
  239        -860.189    -265.259           0.000       0.000             239               0
   27        -245.691    -111.241           0.000       0.000              27               0
  129         246.616    -484.410           0.000       0.000             129               0
  104        -229.805     412.935           0.000       0.000             104               0
  126          45.189      98.292           0.000       0.000             126               0
  127        -150.201     -78.720           0.000       0.000             127               0
    2         -56.577    -588.710           0.000       0.000               2               0
   82        -111.903     -37.651           0.000       0.000              82               0
  101        -616.065    -815.166           0.000       0.000             101               0
   28         178.119     346.593           0.000       0.000              28               0
   94         236.334     174.382           0.000       0.000              94               0
  181         183.132    -135.124           0.000       0.000             181               0
  104         424.300     139.935           0.000       0.000             104               0
  225         208.409     117.595           0.000       0.000             225               0
  186        -361.762    -160.816           0.000       0.000             186               0
  115         151.003    -135.997           0.000       0.000             115               0
   80        -886.057      89.003           0.000       0.000              80               0
   92         475.919     526.370           0.000       0.000              92               0
  201        -648.881    -747.510           0.000       0.000             201               0
  151        -317.672    -606.388           0.000       0.000             151               0
  184        -421.316    -361.885           0.000       0.000             184               0
   30         445.670     429.222           0.000       0.000              30               0
  150        -139.347     154.282           0.000       0.000             150               0
   25         187.928     108.356           0.000       0.000              25               0
  182         683.888    -461.885           0.000       0.000             182               0
  111         162.104      51.470           0.000       0.000             111               0
   18         -94.013    -303.751           0.000       0.000              18               0
    0          92.407     117.710           0.000       0.000               0               0
  196        -123.998    1345.098           0.000       0.000             196               0
   98         581.748       1.094           0.000       0.000              98               0
  241         124.200     -35.345           0.000       0.000             241               0
