SINAL     NFT                         FFT                         NFT INVERSA     FFT INVERSA
-----     -----------------------     -----------------------     -----------     -----------
   64        8220.000       0.000           0.000       0.000              64               0
  255        1052.980    -613.131           0.000       0.000             255               0
  255        -298.920     197.076           0.000       0.000             255               0
   44         111.241     319.933           0.000       0.000              44               0
  106         298.309     305.159           0.000       0.000             106               0
  224         144.162     -93.848           0.000       0.000             224               0
  198        -256.006    -890.206           0.000       0.000             198               0
   43          32.506     380.335           0.000       0.000              43               0
   56         -17.783    -261.065           0.000       0.000              56               0
  235         876.608      63.631           0.000       0.000             235               0
  145        -731.205     293.271           0.000       0.000             145               0
   60         525.837    -115.581           0.000       0.000              60               0
  184         -87.996     139.833           0.000       0.000             184               0
  250        -153.907     114.700           0.000       0.000             250               0
  188          78.941    -329.875           0.000       0.000             188               0
  199        -366.108    -640.928           0.000       0.000             199               0
  229          86.998    -504.999           0.000       0.000             229               0
  164       -1596.550    -616.860           0.000       0.000             164               0
  183        -234.240     122.363           0.000       0.000             183               0
   34        -721.474     -36.451           0.000       0.000              34               0
  134         -56.396     482.216           0.000       0.000             134               0
   68        -233.045    -259.937           0.000       0.000              68               0
  175         -99.436    -438.536           0.000       0.000             175               0
  102        -109.810     -56.353           0.000       0.000             102               0
  209        -200.209    -289.064           0.000       0.000             209               0
  150         320.736     258.066           0.000       0.000             150               0
   12          60.217     278.450           0.000       0.000              12               0
   86        -211.910     -57.757           0.000       0.000              86               0
  225         270.056     675.546           0.000       0.000             225               0
  110        -205.584     286.113           0.000       0.000             110               0
    8        -487.351    -442.239           0.000       0.000               8               0
   33        -185.694     -30.457           0.000       0.000              33               0
  109         666.000       0.014           0.000       0.000             109               0
    8        -185.708      30.450           0.000       0.000               8               0
   78        -487.370     442.209           0.000       0.000              78               0
  216        -205.563    -286.137           0.000       0.000             216               0
  232         270.088    -675.535           0.000       0.000             232               0
   20        -211.911      57.753           0.000       0.000              20               0
    3          60.233    -278.445           0.000       0.000               3               0
   32         320.742    -258.041           0.000       0.000              32               0
    0        -200.229     289.066           0.000       0.000              -0               0
  148        -109.816      56.355           0.000       0.000             148               0
   93         -99.459     438.534           0.000       0.000              93               0
  184        -233.060     259.918           0.000       0.000             184               0
  143         -56.384    -482.220           0.000       0.000             143               0
   25        -721.481      36.429           0.000       0.000              25               0
  128        -234.238    -122.360           0.000       0.000             128               0
  117       -1596.560     616.805           0.000       0.000             117               0
  190          87.007     505.003           0.000       0.000             190               0
   56        -366.112     640.903           0.000       0.000              56               0
  151          78.951     329.859           0.000       0.000             151               0
   69        -153.882    -114.723           0.000       0.000              69               0
  125         -87.964    -139.846           0.000       0.000             125               0
   70         525.848     115.594           0.000       0.000              70               0
  172        -731.169    -293.308           0.000       0.000             172               0
   79         876.636     -63.593           0.000       0.000              79               0
  221         -17.782     261.061           0.000       0.000             221               0
  184          32.539    -380.331           0.000       0.000             184               0
  165        -256.017     890.192           0.000       0.000             165               0
  190         144.193      93.833           0.000       0.000             190               0
   38         298.356    -305.161           0.000       0.000              38               0
  174         111.293    -319.932           0.000       0.000             174               0
  224        -298.841    -197.083           0.000       0.000             224               0
  148        1053.072     613.171           0.000       0.000             148               0
