SINAL     NFT                         FFT                         NFT INVERSA     FFT INVERSA
-----     -----------------------     -----------------------     -----------     -----------
  189        8738.000       0.000           0.000       0.000             189               0
   85         483.575    -463.268           0.000       0.000              85               0
  249          -8.236      19.289           0.000       0.000             249               0
   39        -688.087     -10.886           0.000       0.000              39               0
  157          23.504    -277.569           0.000       0.000             157               0
  156         250.981     -20.082           0.000       0.000             156               0
  191         529.089     -95.717           0.000       0.000             191               0
   35         217.228     578.701           0.000       0.000              35               0
  218         109.783    -218.753           0.000       0.000             218               0
  250         143.156    -147.942           0.000       0.000             250               0
  199          48.258    -453.675           0.000       0.000             199               0
  218        -596.760     692.017           0.000       0.000             218               0
   63         437.275     -68.167           0.000       0.000              63               0
   86         384.480     285.761           0.000       0.000              86               0
  251         799.219    -695.667           0.000       0.000             251               0
  176        -133.467     134.970           0.000       0.000             176               0
  242         135.988     544.001           0.000       0.000             242               0
    9        -777.599      34.670           0.000       0.000               9               0
  172          -6.388     -94.876           0.000       0.000             172               0
  114         -85.711      17.348           0.000       0.000             114               0
  129        -983.009     530.145           0.000       0.000             129               0
  137         562.473     143.817           0.000       0.000             137               0
  174        -603.013     170.474           0.000       0.000             174               0
   24         501.137     217.927           0.000       0.000              24               0
  236         630.213      29.254           0.000       0.000             236               0
   89          72.057     -64.000           0.000       0.000              89               0
   45        -397.439     582.882           0.000       0.000              45               0
  216          19.183     444.451           0.000       0.000             216               0
  227         -65.788     860.747           0.000       0.000             227               0
   51         196.067      83.693           0.000       0.000              51               0
    3        -353.497    -141.483           0.000       0.000               3               0
  160         283.245     322.127           0.000       0.000             160               0
  137        1102.000       0.009           0.000       0.000             137               0
  253         283.239    -322.137           0.000       0.000             253               0
  200        -353.512     141.446           0.000       0.000             200               0
   38         196.069     -83.716           0.000       0.000              38               0
  153         -65.757    -860.772           0.000       0.000             153               0
  136          19.198    -444.460           0.000       0.000             136               0
   74        -397.411    -582.900           0.000       0.000              74               0
  116          72.068      64.002           0.000       0.000             116               0
  130         630.219     -29.237           0.000       0.000             130               0
   18         501.132    -217.916           0.000       0.000              18               0
   78        -603.013    -170.507           0.000       0.000              78               0
  194         562.471    -143.803           0.000       0.000             194               0
  104        -982.992    -530.189           0.000       0.000             104               0
   74         -85.699     -17.349           0.000       0.000              74               0
  114          -6.388      94.871           0.000       0.000             114               0
   91        -777.583     -34.713           0.000       0.000              91               0
   83         136.035    -543.998           0.000       0.000              83               0
   30        -133.435    -134.967           0.000       0.000              30               0
  206         799.210     695.696           0.000       0.000             206               0
  212         384.497    -285.758           0.000       0.000             212               0
  168         437.269      68.175           0.000       0.000             168               0
  124        -596.727    -692.041           0.000       0.000             124               0
  237          48.258     453.682           0.000       0.000             237               0
  148         143.168     147.941           0.000       0.000             148               0
  214         109.793     218.744           0.000       0.000             214               0
   26         217.274    -578.699           0.000       0.000              26               0
  109         529.102      95.741           0.000       0.000             109               0
  185         250.991      20.092           0.000       0.000             185               0
   78          23.507     277.566           0.000       0.000              78               0
  113        -688.050      10.849           0.000       0.000             113               0
   90          -8.163     -19.293           0.000       0.000              90               0
  215         483.676     463.278           0.000       0.000             215               0
