SINAL     NFT                         FFT                         NFT INVERSA     FFT INVERSA
-----     -----------------------     -----------------------     -----------     -----------
  157        8018.000       0.000           0.000       0.000             157               0
  213         199.763     412.750           0.000       0.000             213               0
  113           8.695    -172.047           0.000       0.000             113               0
  185         511.627     216.703           0.000       0.000             185               0
   66         -39.419     165.691           0.000       0.000              66               0
   44         161.041    -361.422           0.000       0.000              44               0
  254        -113.292     340.646           0.000       0.000             254               0
   51          53.468     502.971           0.000       0.000              51               0
  118          -1.633    -299.940           0.000       0.000             118               0
  142         -65.879    -319.605           0.000       0.000             142               0
   58        -560.978    -372.963           0.000       0.000              58               0
  170         362.495     390.696           0.000       0.000             170               0
  117         253.884    -194.101           0.000       0.000             117               0
   11        -706.121    -991.319           0.000       0.000              11               0
   33         -42.569    -200.709           0.000       0.000              33               0
  202        -190.793      56.763           0.000       0.000             202               0
  161         -94.996    -335.002           0.000       0.000             161               0
  242         -16.978     -96.438           0.000       0.000             242               0
  124         383.895    -174.278           0.000       0.000             124               0
   19        -186.733     138.097           0.000       0.000              19               0
   74          31.412     303.823           0.000       0.000              74               0
  125          45.861     -72.457           0.000       0.000             125               0
  157         970.236    -344.402           0.000       0.000             157               0
   98         366.273    -107.875           0.000       0.000              98               0
   64        -970.358    -781.957           0.000       0.000              64               0
   74         537.935    -822.666           0.000       0.000              74               0
  196        -147.359    -270.130           0.000       0.000             196               0
   68         103.827     128.352           0.000       0.000              68               0
  209        -769.879    -148.395           0.000       0.000             209               0
  100         381.206     206.793           0.000       0.000             100               0
   48         -82.617     -88.952           0.000       0.000              48               0
  110          27.033    -826.071           0.000       0.000             110               0
   58        1212.000       0.037           0.000       0.000              58               0
  162          26.982     826.080           0.000       0.000             162               0
   40         -82.627      88.942           0.000       0.000              40               0
  125         381.202    -206.776           0.000       0.000             125               0
  206        -769.890     148.368           0.000       0.000             206               0
   38         103.839    -128.339           0.000       0.000              38               0
  176        -147.364     270.139           0.000       0.000             176               0
   68         537.898     822.695           0.000       0.000              68               0
  180        -970.385     781.904           0.000       0.000             180               0
  235         366.293     107.875           0.000       0.000             235               0
  238         970.223     344.428           0.000       0.000             238               0
   42          45.848      72.441           0.000       0.000              42               0
  246          31.419    -303.833           0.000       0.000             246               0
   16        -186.725    -138.106           0.000       0.000              16               0
  244         383.888     174.294           0.000       0.000             244               0
  151         -16.988      96.435           0.000       0.000             151               0
    2         -95.013     334.993           0.000       0.000               2               0
  113        -190.791     -56.776           0.000       0.000             113               0
  171         -42.577     200.711           0.000       0.000             171               0
   77        -706.150     991.278           0.000       0.000              77               0
  239         253.895     194.085           0.000       0.000             239               0
   73         362.514    -390.694           0.000       0.000              73               0
  175        -560.986     372.933           0.000       0.000             175               0
   48         -65.873     319.586           0.000       0.000              48               0
  147          -1.626     299.914           0.000       0.000             147               0
  116          53.508    -502.991           0.000       0.000             116               0
  117        -113.254    -340.656           0.000       0.000             117               0
  101         161.054     361.420           0.000       0.000             101               0
  216         -39.378    -165.709           0.000       0.000             216               0
  165         511.675    -216.690           0.000       0.000             165               0
  211           8.739     172.036           0.000       0.000             211               0
   19         199.886    -412.750           0.000       0.000              19               0
