SINAL     NFT                         FFT                         NFT INVERSA     FFT INVERSA
-----     -----------------------     -----------------------     -----------     -----------
   81        7723.000       0.000           0.000       0.000              81               0
  161        -108.680     277.706           0.000       0.000             161               0
  127         364.523    -347.469           0.000       0.000             127               0
   97        -256.487       0.102           0.000       0.000              97               0
  213         -69.160    -546.628           0.000       0.000             213               0
  181         412.947    -628.551           0.000       0.000             181               0
  201        -170.372      51.237           0.000       0.000             201               0
   69        -661.670     374.547           0.000       0.000              69               0
  153         103.526     329.332           0.000       0.000             153               0
   62          13.063     365.036           0.000       0.000              62               0
   92        -414.326    -501.709           0.000       0.000              92               0
   12         655.155     -93.143           0.000       0.000              12               0
  124        -108.943     720.962           0.000       0.000             124               0
  140         247.261     242.656           0.000       0.000             140               0
   96        -727.451     175.645           0.000       0.000              96               0
  222           2.735    -428.249           0.000       0.000             222               0
  160        -804.000     -13.013           0.000       0.000             160               0
   42         386.693    -819.415           0.000       0.000              42               0
   30        -549.445    -795.941           0.000       0.000              30               0
  182         -33.022     207.135           0.000       0.000             182               0
    2        -233.097     -18.796           0.000       0.000               2               0
   85         334.977    -742.350           0.000       0.000              85               0
  132          85.168    -132.653           0.000       0.000             132               0
   87        -291.876     -64.000           0.000       0.000              87               0
  151         376.465     393.336           0.000       0.000             151               0
   13        -488.433    -566.357           0.000       0.000              13               0
  239         206.415    -228.098           0.000       0.000             239               0
   68         327.797      77.577           0.000       0.000              68               0
   64        -504.797    -474.385           0.000       0.000              64               0
  124          65.692     805.498           0.000       0.000             124               0
  221         285.501     -31.446           0.000       0.000             221               0
  145         209.844     364.265           0.000       0.000             145               0
   30         149.000      -0.003           0.000       0.000              30               0
   92         209.858    -364.261           0.000       0.000              92               0
  243         285.494      31.454           0.000       0.000             243               0
  243          65.715    -805.487           0.000       0.000             243               0
   17        -504.817     474.378           0.000       0.000              17               0
  188         327.805     -77.557           0.000       0.000             188               0
   57         206.397     228.115           0.000       0.000              57               0
  170        -488.457     566.333           0.000       0.000             170               0
  251         376.482    -393.324           0.000       0.000             251               0
  149        -291.881      63.996           0.000       0.000             149               0
  183          85.166     132.667           0.000       0.000             183               0
  119         334.940     742.364           0.000       0.000             119               0
   34        -233.106      18.778           0.000       0.000              34               0
   23         -33.019    -207.130           0.000       0.000              23               0
   85        -549.476     795.924           0.000       0.000              85               0
  194         386.657     819.416           0.000       0.000             194               0
   66        -804.001      12.960           0.000       0.000              66               0
  116           2.724     428.229           0.000       0.000             116               0
  121        -727.429    -175.699           0.000       0.000             121               0
   68         247.291    -242.664           0.000       0.000              68               0
  201        -108.897    -720.970           0.000       0.000             201               0
  254         655.157      93.177           0.000       0.000             254               0
  156        -414.345     501.682           0.000       0.000             156               0
   97          13.090    -365.050           0.000       0.000              97               0
   11         103.545    -329.331           0.000       0.000              11               0
  139        -661.641    -374.569           0.000       0.000             139               0
  166        -170.340     -51.230           0.000       0.000             166               0
   75         412.946     628.575           0.000       0.000              75               0
    8         -69.161     546.616           0.000       0.000               8               0
  131        -256.448      -0.125           0.000       0.000             131               0
  221         364.563     347.470           0.000       0.000             221               0
   39        -108.568    -277.725           0.000       0.000              39               0
