SINAL     NFT                         FFT                         NFT INVERSA     FFT INVERSA
-----     -----------------------     -----------------------     -----------     -----------
   72        8057.000       0.000           0.000       0.000              72               0
  251        -574.564     158.481           0.000       0.000             251               0
  144         -65.842     707.894           0.000       0.000             144               0
   22          83.103     -66.154           0.000       0.000              22               0
   34         -95.406     275.491           0.000       0.000              34               0
   65         400.323    -589.994           0.000       0.000              65               0
   90        -208.757    -205.931           0.000       0.000              90               0
  215         206.615    -241.194           0.000       0.000             215               0
   44         609.274     527.062           0.000       0.000              44               0
   73         105.668     149.803           0.000       0.000              73               0
    1         747.866    -465.940           0.000       0.000               1               0
   35         550.733   -1117.622           0.000       0.000              35               0
   89        -187.761     472.890           0.000       0.000              89               0
  246        -360.131    -113.630           0.000       0.000             246               0
  187        -375.980     186.052           0.000       0.000             187               0
   92        -123.291    -482.174           0.000       0.000              92               0
  104         -98.001    -201.001           0.000       0.000             104               0
  103        -645.171    -270.027           0.000       0.000             103               0
  169          91.100       8.315           0.000       0.000             169               0
   87         193.430    -618.761           0.000       0.000              87               0
  176         528.594      84.443           0.000       0.000             176               0
   89        -320.034     334.967           0.000       0.000              89               0
  136        -872.967    -485.101           0.000       0.000             136               0
   68         237.551    -233.029           0.000       0.000              68               0
  205          16.716     221.065           0.000       0.000             205               0
  253        -131.435     513.674           0.000       0.000             253               0
  169         -18.330     200.364           0.000       0.000             169               0
  166        -388.846     551.098           0.000       0.000             166               0
  162        -409.447     135.020           0.000       0.000             162               0
  125         309.246    -219.218           0.000       0.000             125               0
  185        -601.093    -404.420           0.000       0.000             185               0
  235        -327.215    -196.091           0.000       0.000             235               0
  121          -1.000       0.003           0.000       0.000             121               0
   73        -327.226     196.081           0.000       0.000              73               0
    1        -601.102     404.390           0.000       0.000               1               0
  155         309.242     219.216           0.000       0.000             155               0
  139        -409.443    -135.054           0.000       0.000             139               0
   92        -388.814    -551.122           0.000       0.000              92               0
  114         -18.311    -200.366           0.000       0.000             114               0
  183        -131.406    -513.674           0.000       0.000             183               0
  166          16.733    -221.050           0.000       0.000             166               0
  116         237.538     233.052           0.000       0.000             116               0
  218        -872.984     485.064           0.000       0.000             218               0
    0        -319.996    -334.981           0.000       0.000              -0               0
  106         528.614     -84.408           0.000       0.000             106               0
  149         193.406     618.774           0.000       0.000             149               0
   92          91.096      -8.313           0.000       0.000              92               0
  210        -645.178     270.001           0.000       0.000             210               0
  252         -97.996     200.996           0.000       0.000             252               0
    6        -123.301     482.161           0.000       0.000               6               0
   42        -375.958    -186.076           0.000       0.000              42               0
  173        -360.113     113.611           0.000       0.000             173               0
   95        -187.707    -472.889           0.000       0.000              95               0
  178         550.718    1117.649           0.000       0.000             178               0
  242         747.861     465.950           0.000       0.000             242               0
   45         105.686    -149.820           0.000       0.000              45               0
  175         609.306    -527.041           0.000       0.000             175               0
  155         206.607     241.205           0.000       0.000             155               0
  211        -208.753     205.919           0.000       0.000             211               0
   82         400.314     589.996           0.000       0.000              82               0
   25         -95.378    -275.514           0.000       0.000              25               0
  141          83.128      66.141           0.000       0.000             141               0
   62         -65.771    -707.906           0.000       0.000              62               0
  146        -574.454    -158.500           0.000       0.000             146               0
