SINAL     NFT                         FFT                         NFT INVERSA     FFT INVERSA
-----     -----------------------     -----------------------     -----------     -----------
  215        7704.000       0.000           0.000       0.000             215               0
   63        -144.919     397.002           0.000       0.000              63               0
   45         590.618    -226.621           0.000       0.000              45               0
   98         -47.813     572.497           0.000       0.000              98               0
  156        -189.737     714.728           0.000       0.000             156               0
  159         300.250    -137.368           0.000       0.000             159               0
   25         -10.743    -202.602           0.000       0.000              25               0
   66        -475.190     -30.761           0.000       0.000              66               0
   19         413.687    -214.929           0.000       0.000              19               0
  244          68.204    -263.029           0.000       0.000             244               0
   66         -33.178     -74.761           0.000       0.000              66               0
  126         894.252     808.424           0.000       0.000             126               0
  138         585.387     445.045           0.000       0.000             138               0
  159        -213.398     882.159           0.000       0.000             159               0
   81         879.515      93.708           0.000       0.000              81               0
  135         -19.963     604.462           0.000       0.000             135               0
  166         253.996       3.996           0.000       0.000             166               0
  123          88.197    -486.516           0.000       0.000             123               0
   52        -701.964     112.277           0.000       0.000              52               0
    6         728.978      99.391           0.000       0.000               6               0
   46         -74.707     220.648           0.000       0.000              46               0
   39         341.751     340.237           0.000       0.000              39               0
   51         -36.359     247.271           0.000       0.000              51               0
  222        -672.214    -508.107           0.000       0.000             222               0
  194         436.320    -248.925           0.000       0.000             194               0
    7         212.140     200.351           0.000       0.000               7               0
   49         173.580     647.822           0.000       0.000              49               0
  219        -344.230     346.337           0.000       0.000             219               0
  148         443.042     -53.661           0.000       0.000             148               0
  111         396.820     119.527           0.000       0.000             111               0
  109        -301.507     -23.674           0.000       0.000             109               0
  107        -472.908    -647.916           0.000       0.000             107               0
  175         -80.000      -0.001           0.000       0.000             175               0
  155        -472.931     647.884           0.000       0.000             155               0
  205        -301.491      23.638           0.000       0.000             205               0
   75         396.840    -119.531           0.000       0.000              75               0
   59         443.039      53.658           0.000       0.000              59               0
  231        -344.214    -346.374           0.000       0.000             231               0
  141         173.617    -647.824           0.000       0.000             141               0
   78         212.154    -200.340           0.000       0.000              78               0
  219         436.303     248.941           0.000       0.000             219               0
  208        -672.235     508.061           0.000       0.000             208               0
  205         -36.332    -247.296           0.000       0.000             205               0
  101         341.776    -340.237           0.000       0.000             101               0
  112         -74.687    -220.660           0.000       0.000             112               0
   30         728.982     -99.368           0.000       0.000              30               0
  237        -701.956    -112.312           0.000       0.000             237               0
   22          88.196     486.505           0.000       0.000              22               0
  154         254.011      -4.013           0.000       0.000             154               0
   34         -19.918    -604.484           0.000       0.000              34               0
   28         879.529     -93.689           0.000       0.000              28               0
  200        -213.352    -882.181           0.000       0.000             200               0
   73         585.423    -445.022           0.000       0.000              73               0
   80         894.285    -808.378           0.000       0.000              80               0
  167         -33.187      74.775           0.000       0.000             167               0
   11          68.198     263.037           0.000       0.000              11               0
   87         413.679     214.943           0.000       0.000              87               0
  216        -475.186      30.735           0.000       0.000             216               0
  231         -10.730     202.592           0.000       0.000             231               0
  235         300.263     137.361           0.000       0.000             235               0
   72        -189.684    -714.750           0.000       0.000              72               0
   85         -47.747    -572.493           0.000       0.000              85               0
   87         590.659     226.650           0.000       0.000              87               0
  247        -144.806    -397.006           0.000       0.000             247               0
