SINAL     NFT                         FFT                         NFT INVERSA     FFT INVERSA
-----     -----------------------     -----------------------     -----------     -----------
  180        7457.000       0.000           0.000       0.000             180               0
  125         142.170    -485.307           0.000       0.000             125               0
  114         362.951     336.717           0.000       0.000             114               0
   29          45.226     157.398           0.000       0.000              29               0
  252         246.715      56.529           0.000       0.000             252               0
  242         -60.968    -604.460           0.000       0.000             242               0
   32         286.485     164.577           0.000       0.000              32               0
   79        -650.849    -110.087           0.000       0.000              79               0
   87         274.701      81.162           0.000       0.000              87               0
   60        -434.667     231.228           0.000       0.000              60               0
  173          28.015     522.716           0.000       0.000             173               0
   13         465.789    -440.414           0.000       0.000              13               0
  165        -191.060     402.431           0.000       0.000             165               0
  143         700.035      86.576           0.000       0.000             143               0
  200        1077.830     345.010           0.000       0.000             200               0
   25        -151.039    -235.401           0.000       0.000              25               0
  223         519.991     393.001           0.000       0.000             223               0
   36         -72.055    -896.267           0.000       0.000              36               0
  227        -388.591     414.484           0.000       0.000             227               0
  119         174.004    -255.511           0.000       0.000             119               0
  221         -28.725      23.865           0.000       0.000             221               0
    2       -1054.561    -312.012           0.000       0.000               2               0
   13         123.519    -503.392           0.000       0.000              13               0
  247        -192.069     465.445           0.000       0.000             247               0
  184          75.288     647.159           0.000       0.000             184               0
  125        -330.806     534.624           0.000       0.000             125               0
    9         -20.750    -389.215           0.000       0.000               9               0
  185        -296.420     -95.010           0.000       0.000             185               0
   65        1041.069    -354.022           0.000       0.000              65               0
  108         296.359    -385.030           0.000       0.000             108               0
  171        -725.466     318.524           0.000       0.000             171               0
  246         555.838     682.948           0.000       0.000             246               0
  234         427.000      -0.004           0.000       0.000             234               0
   29         555.853    -682.938           0.000       0.000              29               0
   19        -725.456    -318.549           0.000       0.000              19               0
  230         296.356     385.046           0.000       0.000             230               0
   16        1041.045     354.056           0.000       0.000              16               0
   51        -296.443      94.985           0.000       0.000              51               0
   54         -20.775     389.192           0.000       0.000              54               0
  103        -330.787    -534.662           0.000       0.000             103               0
  112          75.314    -647.162           0.000       0.000             112               0
  228        -192.051    -465.443           0.000       0.000             228               0
  117         123.491     503.405           0.000       0.000             117               0
   22       -1054.569     311.960           0.000       0.000              22               0
  115         -28.704     -23.875           0.000       0.000             115               0
   61         174.005     255.508           0.000       0.000              61               0
   48        -388.561    -414.503           0.000       0.000              48               0
   83         -72.067     896.253           0.000       0.000              83               0
   98         520.026    -392.998           0.000       0.000              98               0
   19        -151.027     235.381           0.000       0.000              19               0
  202        1077.862    -344.980           0.000       0.000             202               0
   64         700.032     -86.557           0.000       0.000              64               0
   21        -191.046    -402.443           0.000       0.000              21               0
  216         465.771     440.424           0.000       0.000             216               0
   55          28.031    -522.728           0.000       0.000              55               0
  206        -434.651    -231.247           0.000       0.000             206               0
   85         274.712     -81.149           0.000       0.000              85               0
   65        -650.837     110.058           0.000       0.000              65               0
  136         286.517    -164.564           0.000       0.000             136               0
  151         -60.968     604.452           0.000       0.000             151               0
  173         246.747     -56.534           0.000       0.000             173               0
   51          45.270    -157.407           0.000       0.000              51               0
  141         363.016    -336.702           0.000       0.000             141               0
  152         142.246     485.310           0.000       0.000             152               0
