SINAL     NFT                         FFT                         NFT INVERSA     FFT INVERSA
-----     -----------------------     -----------------------     -----------     -----------
   16        7194.000       0.000           0.000       0.000              16               0
  212         255.244    -290.965           0.000       0.000             212               0
   43        -199.872      92.982           0.000       0.000              43               0
  252        -448.697    -746.838           0.000       0.000             252               0
    7        -406.129     415.067           0.000       0.000               7               0
   50         280.044     706.273           0.000       0.000              50               0
   68         572.699    -870.772           0.000       0.000              68               0
  166         772.340    -325.463           0.000       0.000             166               0
  192         -59.723      64.185           0.000       0.000             192               0
  136         582.384     220.713           0.000       0.000             136               0
  201        -286.955     207.879           0.000       0.000             201               0
  222        -843.038     -36.814           0.000       0.000             222               0
  225         197.403    -323.972           0.000       0.000             225               0
   60        -364.722       1.423           0.000       0.000              60               0
  202        -413.371     381.584           0.000       0.000             202               0
   60        -224.258    -117.809           0.000       0.000              60               0
   39         -86.003     274.000           0.000       0.000              39               0
    3         -16.533     529.133           0.000       0.000               3               0
   83         474.600    -175.456           0.000       0.000              83               0
   14        -308.433    -223.781           0.000       0.000              14               0
   98           5.714     -33.975           0.000       0.000              98               0
  164        -304.357       3.755           0.000       0.000             164               0
  244         543.883    -170.100           0.000       0.000             244               0
   78        -147.565    -332.920           0.000       0.000              78               0
  137         839.712      12.199           0.000       0.000             137               0
  106        -663.898     214.005           0.000       0.000             106               0
  193        -303.820      77.969           0.000       0.000             193               0
  200         -92.016    -673.353           0.000       0.000             200               0
   48        -409.001     125.060           0.000       0.000              48               0
  209        -725.325    -615.007           0.000       0.000             209               0
    4        -891.170    -529.332           0.000       0.000               4               0
   64        -151.202     554.327           0.000       0.000              64               0
  166        -526.000      -0.011           0.000       0.000             166               0
   48        -151.182    -554.320           0.000       0.000              48               0
   61        -891.193     529.313           0.000       0.000              61               0
  173        -725.337     614.977           0.000       0.000             173               0
   98        -408.976    -125.077           0.000       0.000              98               0
  130         -92.028     673.345           0.000       0.000             130               0
   84        -303.803     -77.994           0.000       0.000              84               0
   35        -663.861    -214.035           0.000       0.000              35               0
   11         839.734     -12.159           0.000       0.000              11               0
   30        -147.570     332.915           0.000       0.000              30               0
    1         543.881     170.117           0.000       0.000               1               0
  237        -304.357      -3.773           0.000       0.000             237               0
   90           5.718      33.972           0.000       0.000              90               0
  203        -308.431     223.763           0.000       0.000             203               0
   41         474.601     175.461           0.000       0.000              41               0
  129         -16.513    -529.143           0.000       0.000             129               0
  206         -85.992    -274.001           0.000       0.000             206               0
  124        -224.263     117.800           0.000       0.000             124               0
  144        -413.349    -381.600           0.000       0.000             144               0
   49        -364.706      -1.429           0.000       0.000              49               0
   33         197.399     323.982           0.000       0.000              33               0
  133        -843.025      36.773           0.000       0.000             133               0
  128        -286.911    -207.894           0.000       0.000             128               0
  171         582.421    -220.684           0.000       0.000             171               0
  240         -59.696     -64.177           0.000       0.000             240               0
   65         772.349     325.504           0.000       0.000              65               0
  116         572.670     870.783           0.000       0.000             116               0
   32         280.073    -706.276           0.000       0.000              32               0
   18        -406.103    -415.072           0.000       0.000              18               0
  120        -448.697     746.824           0.000       0.000             120               0
   97        -199.812     -92.996           0.000       0.000              97               0
  185         255.333     290.970           0.000       0.000             185               0
