SINAL     NFT                         FFT                         NFT INVERSA     FFT INVERSA
-----     -----------------------     -----------------------     -----------     -----------
  142        8258.000       0.000           0.000       0.000             142               0
   87          52.404     425.979           0.000       0.000              87               0
   99         208.271    -426.000           0.000       0.000              99               0
  185        -568.946    -132.579           0.000       0.000             185               0
  211         303.446    -689.618           0.000       0.000             211               0
    4        -179.154     218.965           0.000       0.000               4               0
  255          15.457    -110.795           0.000       0.000             255               0
  230        -116.377     -66.623           0.000       0.000             230               0
  128         615.400     320.619           0.000       0.000             128               0
   76        -382.418     543.327           0.000       0.000              76               0
   82         189.804     339.259           0.000       0.000              82               0
  143         310.773    -376.974           0.000       0.000             143               0
  131        -381.220    -173.313           0.000       0.000             131               0
  202        -403.779    -126.066           0.000       0.000             202               0
   28          31.397     704.006           0.000       0.000              28               0
  142        -414.697      75.735           0.000       0.000             142               0
   18           0.001     139.999           0.000       0.000              18               0
  139         210.487     636.715           0.000       0.000             139               0
  193         546.598    -323.372           0.000       0.000             193               0
  107         258.348     524.735           0.000       0.000             107               0
   77         -77.537    -157.234           0.000       0.000              77               0
   26         758.315    -665.312           0.000       0.000              26               0
  142          27.540     102.974           0.000       0.000             142               0
  160          86.515     -83.200           0.000       0.000             160               0
    7        -937.398    -357.401           0.000       0.000               7               0
  211         448.692      71.514           0.000       0.000             211               0
   52         -21.256    -549.982           0.000       0.000              52               0
   51         -44.455     -67.451           0.000       0.000              51               0
   77         383.291    1022.477           0.000       0.000              77               0
   55          58.860     940.699           0.000       0.000              55               0
  151        -325.834     559.695           0.000       0.000             151               0
  219         -90.604    -467.840           0.000       0.000             219               0
  143        -294.000      -0.013           0.000       0.000             143               0
  250         -90.620     467.810           0.000       0.000             250               0
  149        -325.803    -559.741           0.000       0.000             149               0
   98          58.912    -940.712           0.000       0.000              98               0
  255         383.338   -1022.450           0.000       0.000             255               0
  148         -44.458      67.470           0.000       0.000             148               0
   72         -21.275     549.985           0.000       0.000              72               0
  128         448.688     -71.497           0.000       0.000             128               0
  225        -937.411     357.358           0.000       0.000             225               0
  155          86.530      83.195           0.000       0.000             155               0
   15          27.562    -102.976           0.000       0.000              15               0
  101         758.295     665.335           0.000       0.000             101               0
  101         -77.542     157.206           0.000       0.000             101               0
   44         258.378    -524.739           0.000       0.000              44               0
  243         546.584     323.381           0.000       0.000             243               0
  119         210.504    -636.720           0.000       0.000             119               0
  183          -0.003    -140.003           0.000       0.000             183               0
  180        -414.696     -75.762           0.000       0.000             180               0
  226          31.428    -704.005           0.000       0.000             226               0
    5        -403.780     126.057           0.000       0.000               5               0
  207        -381.210     173.296           0.000       0.000             207               0
  113         310.775     376.975           0.000       0.000             113               0
  165         189.825    -339.267           0.000       0.000             165               0
  214        -382.379    -543.348           0.000       0.000             214               0
   69         615.428    -320.587           0.000       0.000              69               0
  217        -116.372      66.626           0.000       0.000             217               0
   10          15.467     110.797           0.000       0.000              10               0
  146        -179.123    -218.965           0.000       0.000             146               0
   17         303.439     689.633           0.000       0.000              17               0
  161        -568.916     132.546           0.000       0.000             161               0
  109         208.314     425.994           0.000       0.000             109               0
  160          52.531    -425.990           0.000       0.000             160               0
