SINAL     NFT                         FFT                         NFT INVERSA     FFT INVERSA
-----     -----------------------     -----------------------     -----------     -----------
  168        8029.000       0.000           0.000       0.000             168               0
  105        -679.005     976.156           0.000       0.000             105               0
  143         -63.965    -220.512           0.000       0.000             143               0
   23         539.910     -91.077           0.000       0.000              23               0
  141         480.195     336.895           0.000       0.000             141               0
   26        -339.339     -69.183           0.000       0.000              26               0
  142         464.007    -212.511           0.000       0.000             142               0
  108           8.369     406.394           0.000       0.000             108               0
   84          32.583     596.045           0.000       0.000              84               0
   36        -154.150    -725.113           0.000       0.000              36               0
   66         658.668    -156.407           0.000       0.000              66               0
   58         569.941     606.376           0.000       0.000              58               0
  111         717.654     283.826           0.000       0.000             111               0
  156       -1034.733       0.788           0.000       0.000             156               0
   19       -1148.701     384.266           0.000       0.000              19               0
   11         830.497    -329.395           0.000       0.000              11               0
  253        -222.001     -83.005           0.000       0.000             253               0
  188          26.783    -389.903           0.000       0.000             188               0
   23         -71.054     247.803           0.000       0.000              23               0
   64         -21.291     183.966           0.000       0.000              64               0
    7         649.620     -30.797           0.000       0.000               7               0
  214        -378.762    -239.593           0.000       0.000             214               0
  188        -282.801     186.407           0.000       0.000             188               0
  123        -724.945     -17.917           0.000       0.000             123               0
   54         373.414      70.048           0.000       0.000              54               0
   70        -568.431    -488.677           0.000       0.000              70               0
  199        -248.044       6.086           0.000       0.000             199               0
  103         183.063    -195.422           0.000       0.000             103               0
   16         352.524     -69.724           0.000       0.000              16               0
  148         217.471      30.960           0.000       0.000             148               0
  158         715.876     598.802           0.000       0.000             158               0
  184         148.640     -75.469           0.000       0.000             184               0
  254         659.000       0.008           0.000       0.000             254               0
   45         148.635      75.460           0.000       0.000              45               0
  207         715.895    -598.780           0.000       0.000             207               0
  140         217.459     -30.948           0.000       0.000             140               0
   71         352.507      69.739           0.000       0.000              71               0
   93         183.035     195.427           0.000       0.000              93               0
  248        -248.062      -6.099           0.000       0.000             248               0
  155        -568.455     488.645           0.000       0.000             155               0
  129         373.411     -70.046           0.000       0.000             129               0
   59        -724.952      17.876           0.000       0.000              59               0
  214        -282.785    -186.425           0.000       0.000             214               0
  241        -378.755     239.570           0.000       0.000             241               0
  215         649.629      30.811           0.000       0.000             215               0
  234         -21.285    -183.978           0.000       0.000             234               0
  252         -71.040    -247.807           0.000       0.000             252               0
  212          26.770     389.900           0.000       0.000             212               0
  166        -221.996      82.985           0.000       0.000             166               0
   20         830.476     329.412           0.000       0.000              20               0
   21       -1148.692    -384.330           0.000       0.000              21               0
  174       -1034.699      -0.843           0.000       0.000             174               0
  234         717.705    -283.809           0.000       0.000             234               0
  210         569.984    -606.352           0.000       0.000             210               0
   42         658.665     156.442           0.000       0.000              42               0
   33        -154.177     725.092           0.000       0.000              33               0
   24          32.620    -596.062           0.000       0.000              24               0
  241           8.404    -406.393           0.000       0.000             241               0
  137         464.012     212.531           0.000       0.000             137               0
   40        -339.321      69.159           0.000       0.000              40               0
  134         480.239    -336.880           0.000       0.000             134               0
   39         539.929      91.098           0.000       0.000              39               0
  224         -63.941     220.495           0.000       0.000             224               0
  132        -678.864    -976.186           0.000       0.000             132               0
