SINAL     NFT                         FFT                         NFT INVERSA     FFT INVERSA
-----     -----------------------     -----------------------     -----------     -----------
  221        8799.000       0.000           0.000       0.000             221               0
  142        -451.226      75.054           0.000       0.000             142               0
   58         -46.415    -205.076           0.000       0.000              58               0
   35        -322.551      81.300           0.000       0.000              35               0
  222         124.974    -177.716           0.000       0.000             222               0
   79         249.683    -134.277           0.000       0.000              79               0
  105         226.613     111.267           0.000       0.000             105               0
  236        -350.563     522.962           0.000       0.000             236               0
  135        -309.192      48.593           0.000       0.000             135               0
  148         406.390     495.618           0.000       0.000             148               0
   39         654.323    -888.555           0.000       0.000              39               0
   13         325.207    -281.491           0.000       0.000              13               0
  252         -99.828     249.671           0.000       0.000             252               0
  183        -607.704     200.575           0.000       0.000             183               0
  230         419.195     -15.598           0.000       0.000             230               0
  135         541.709    -778.376           0.000       0.000             135               0
  113         929.996     281.009           0.000       0.000             113               0
   39         506.201    -255.697           0.000       0.000              39               0
  147         648.710    -176.296           0.000       0.000             147               0
  244         319.794     203.559           0.000       0.000             244               0
   11        -339.330     552.340           0.000       0.000              11               0
  245         545.817    -389.049           0.000       0.000             245               0
   79        -493.897    -327.120           0.000       0.000              79               0
  140        -226.438    -163.740           0.000       0.000             140               0
   89        -290.816     368.591           0.000       0.000              89               0
  101        -348.091      96.225           0.000       0.000             101               0
  157        -807.444     123.370           0.000       0.000             157               0
  190         993.798      88.480           0.000       0.000             190               0
  239         618.164    -107.032           0.000       0.000             239               0
   17        -495.624      17.682           0.000       0.000              17               0
   98         390.909     556.896           0.000       0.000              98               0
  205        -110.413     -62.534           0.000       0.000             205               0
  160         141.000      -0.005           0.000       0.000             160               0
  156        -110.413      62.510           0.000       0.000             156               0
  240         390.931    -556.892           0.000       0.000             240               0
  126        -495.617     -17.706           0.000       0.000             126               0
  236         618.171     107.049           0.000       0.000             236               0
   89         993.783     -88.449           0.000       0.000              89               0
  107        -807.458    -123.413           0.000       0.000             107               0
  116        -348.086     -96.248           0.000       0.000             116               0
  238        -290.794    -368.605           0.000       0.000             238               0
  146        -226.435     163.733           0.000       0.000             146               0
  129        -493.890     327.094           0.000       0.000             129               0
  235         545.819     389.053           0.000       0.000             235               0
   73        -339.290    -552.369           0.000       0.000              73               0
  104         319.829    -203.545           0.000       0.000             104               0
  114         648.721     176.323           0.000       0.000             114               0
  186         506.203     255.711           0.000       0.000             186               0
  144         930.012    -280.973           0.000       0.000             144               0
    6         541.668     778.392           0.000       0.000               6               0
  175         419.179      15.594           0.000       0.000             175               0
  156        -607.701    -200.614           0.000       0.000             156               0
  252         -99.803    -249.679           0.000       0.000             252               0
  254         325.211     281.505           0.000       0.000             254               0
   40         654.292     888.562           0.000       0.000              40               0
   86         406.403    -495.627           0.000       0.000              86               0
  100        -309.193     -48.622           0.000       0.000             100               0
  197        -350.527    -522.986           0.000       0.000             197               0
   20         226.638    -111.258           0.000       0.000              20               0
   83         249.694     134.284           0.000       0.000              83               0
  215         124.982     177.712           0.000       0.000             215               0
  118        -322.519     -81.323           0.000       0.000             118               0
   32         -46.372     205.063           0.000       0.000              32               0
  119        -451.108     -75.085           0.000       0.000             119               0
