SINAL     NFT                         FFT                         NFT INVERSA     FFT INVERSA
-----     -----------------------     -----------------------     -----------     -----------
   69        8599.000       0.000           0.000       0.000              69               0
   81         215.193    -796.596           0.000       0.000              81               0
   54         272.090     201.174           0.000       0.000              54               0
  214         605.647     418.225           0.000       0.000             214               0
  203        -476.811     233.252           0.000       0.000             203               0
  128         213.694    1079.132           0.000       0.000             128               0
  173        -294.733    -198.787           0.000       0.000             173               0
   85        -932.650     322.577           0.000       0.000              85               0
   74        -869.521    -531.465           0.000       0.000              74               0
  160         235.590     151.228           0.000       0.000             160               0
  217        -597.080     381.175           0.000       0.000             217               0
  147        -257.680     123.417           0.000       0.000             147               0
  134         511.625      55.772           0.000       0.000             134               0
  253        -168.665     624.471           0.000       0.000             253               0
  109         -70.330    -120.368           0.000       0.000             109               0
  116          32.878     360.484           0.000       0.000             116               0
  113         203.002    -392.000           0.000       0.000             113               0
  196        -632.005     139.832           0.000       0.000             196               0
   59         -42.223     545.729           0.000       0.000              59               0
   93         514.353    -366.360           0.000       0.000              93               0
  185         606.704     274.426           0.000       0.000             185               0
  244         -62.295     -26.162           0.000       0.000             244               0
  181        -298.258       9.343           0.000       0.000             181               0
  213        -267.534    -223.812           0.000       0.000             213               0
  201        -128.468    -475.464           0.000       0.000             201               0
  254         150.697     -10.783           0.000       0.000             254               0
   65         -53.983    -139.384           0.000       0.000              65               0
  153        -439.970    -473.164           0.000       0.000             153               0
  188         254.466     223.912           0.000       0.000             188               0
   81        -382.104      62.948           0.000       0.000              81               0
   22         276.495     362.502           0.000       0.000              22               0
    1        -329.157    -649.308           0.000       0.000               1               0
  163         239.000       0.010           0.000       0.000             163               0
   77        -329.184     649.290           0.000       0.000              77               0
  216         276.510    -362.499           0.000       0.000             216               0
  110        -382.102     -62.964           0.000       0.000             110               0
  205         254.475    -223.894           0.000       0.000             205               0
  133        -439.990     473.150           0.000       0.000             133               0
  195         -53.982     139.377           0.000       0.000             195               0
   23         150.698      10.788           0.000       0.000              23               0
   38        -128.489     475.454           0.000       0.000              38               0
  157        -267.540     223.787           0.000       0.000             157               0
  171        -298.246      -9.368           0.000       0.000             171               0
  172         -62.277      26.146           0.000       0.000             172               0
  154         606.727    -274.407           0.000       0.000             154               0
   24         514.332     366.370           0.000       0.000              24               0
   33         -42.213    -545.742           0.000       0.000              33               0
   11        -631.997    -139.857           0.000       0.000              11               0
  220         202.994     392.000           0.000       0.000             220               0
   92          32.895    -360.494           0.000       0.000              92               0
  105         -70.333     120.354           0.000       0.000             105               0
  150        -168.631    -624.485           0.000       0.000             150               0
   81         511.627     -55.750           0.000       0.000              81               0
   30        -257.684    -123.432           0.000       0.000              30               0
  108        -597.059    -381.199           0.000       0.000             108               0
   27         235.599    -151.211           0.000       0.000              27               0
   28        -869.542     531.425           0.000       0.000              28               0
  173        -932.610    -322.626           0.000       0.000             173               0
  181        -294.700     198.761           0.000       0.000             181               0
  217         213.776   -1079.128           0.000       0.000             217               0
  255        -476.756    -233.261           0.000       0.000             255               0
  203         605.719    -418.188           0.000       0.000             203               0
  219         272.158    -201.141           0.000       0.000             219               0
  162         215.273     796.613           0.000       0.000             162               0
