SINAL     NFT                         FFT                         NFT INVERSA     FFT INVERSA
-----     -----------------------     -----------------------     -----------     -----------
   80       17184.000       0.000           0.000       0.000              80               0
   37         363.444     311.500           0.000       0.000              37               0
   32        -927.628     138.610           0.000       0.000              32               0
  147         573.694     649.886           0.000       0.000             147               0
  181         -72.295     879.739           0.000       0.000             181               0
   14       -1327.409     121.516           0.000       0.000              14               0
  224        -691.685     318.216           0.000       0.000             224               0
  121         252.644    -721.467           0.000       0.000             121               0
  252        -158.507    -183.770           0.000       0.000             252               0
   74        -845.879    -749.972           0.000       0.000              74               0
  108         561.195     269.406           0.000       0.000             108               0
   47        -373.745     -12.416           0.000       0.000              47               0
   62       -1326.384     190.888           0.000       0.000              62               0
   54        -755.010     970.517           0.000       0.000              54               0
  177         701.125     161.366           0.000       0.000             177               0
  138         310.780     698.569           0.000       0.000             138               0
  212          -8.266     -63.457           0.000       0.000             212               0
  123        -219.619     -85.114           0.000       0.000             123               0
  214        -801.837    -345.290           0.000       0.000             214               0
  107         628.168     -16.759           0.000       0.000             107               0
  202         842.359   -1650.107           0.000       0.000             202               0
   73        -886.053    1348.994           0.000       0.000              73               0
   24         758.412    -714.418           0.000       0.000              24               0
  164         144.032      95.581           0.000       0.000             164               0
  106        -959.610     821.408           0.000       0.000             106               0
  206         -90.871     165.009           0.000       0.000             206               0
  130         739.105     328.884           0.000       0.000             130               0
  160        -469.807    -133.255           0.000       0.000             160               0
  194         318.275     509.536           0.000       0.000             194               0
   29         -12.258       8.612           0.000       0.000              29               0
  196        -342.340     286.556           0.000       0.000             196               0
   18         869.292     544.913           0.000       0.000              18               0
   67         148.968    1142.997           0.000       0.000              67               0
  229        -407.921     235.090           0.000       0.000             229               0
  165         143.902      51.157           0.000       0.000             165               0
  249          17.741     151.547           0.000       0.000             249               0
  244         170.565    -263.080           0.000       0.000             244               0
  133         526.925     347.964           0.000       0.000             133               0
  114         436.709     246.613           0.000       0.000             114               0
  240         668.568     573.153           0.000       0.000             240               0
  208        -658.817      92.404           0.000       0.000             208               0
  222        -529.494     562.063           0.000       0.000             222               0
   32       -1190.879     399.462           0.000       0.000              32               0
   14          24.460   -1443.476           0.000       0.000              14               0
   21         916.516    -170.248           0.000       0.000              21               0
  209        -711.114     508.863           0.000       0.000             209               0
  152         -34.023     156.692           0.000       0.000             152               0
  234        -428.677   -1359.375           0.000       0.000             234               0
   76          24.299   -1001.445           0.000       0.000              76               0
  110        -283.398     374.430           0.000       0.000             110               0
   85         185.042    -543.795           0.000       0.000              85               0
   23         482.154    -480.810           0.000       0.000              23               0
  184        -268.642   -1252.425           0.000       0.000             184               0
  110        -110.487    -407.645           0.000       0.000             110               0
  187        -601.483    1328.950           0.000       0.000             187               0
   35         120.712    -324.884           0.000       0.000              35               0
   60        -467.121     627.218           0.000       0.000              60               0
   61         330.043   -1222.995           0.000       0.000              61               0
  196        -408.519       7.542           0.000       0.000             196               0
  255         785.058     820.601           0.000       0.000             255               0
   91        -292.385     727.946           0.000       0.000              91               0
  136        -863.550     419.624           0.000       0.000             136               0
   18         576.902      58.044           0.000       0.000              18               0
  158        1257.570     282.836           0.000       0.000             158               0
  110         350.000      -0.005           0.000       0.000             110               0
  184        1257.572    -282.760           0.000       0.000             184               0
  152         576.834     -58.023           0.000       0.000             152               0
   98        -863.559    -419.725           0.000       0.000              98               0
   62        -292.314    -727.978           0.000       0.000              62               0
   10         785.113    -820.503           0.000       0.000              10               0
   83        -408.544      -7.519           0.000       0.000              83               0
   14         329.920    1223.025           0.000       0.000              14               0
  232        -467.088    -627.275           0.000       0.000             232               0
  115         120.670     324.886           0.000       0.000             115               0
   28        -601.380   -1328.973           0.000       0.000              28               0
  254        -110.511     407.711           0.000       0.000             254               0
   68        -268.729    1252.427           0.000       0.000              68               0
  181         482.123     480.838           0.000       0.000             181               0
  232         184.978     543.789           0.000       0.000             232               0
  145        -283.380    -374.451           0.000       0.000             145               0
   36          24.205    1001.462           0.000       0.000              36               0
   62        -428.795    1359.287           0.000       0.000              62               0
  168         -34.009    -156.769           0.000       0.000             168               0
  220        -711.048    -508.950           0.000       0.000             220               0
  172         916.512     170.327           0.000       0.000             172               0
   99          24.297    1443.425           0.000       0.000              99               0
    0       -1190.856    -399.649           0.000       0.000              -0               0
  233        -529.413    -562.155           0.000       0.000             233               0
  161        -658.745     -92.496           0.000       0.000             161               0
  196         668.676    -573.128           0.000       0.000             196               0
  233         436.756    -246.593           0.000       0.000             233               0
  253         526.961    -347.928           0.000       0.000             253               0
   76         170.537     263.078           0.000       0.000              76               0
  251          17.753    -151.578           0.000       0.000             251               0
  156         143.903     -51.181           0.000       0.000             156               0
  186        -407.890    -235.174           0.000       0.000             186               0
  179         149.096   -1143.009           0.000       0.000             179               0
   52         869.335    -544.829           0.000       0.000              52               0
   29        -342.331    -286.570           0.000       0.000              29               0
  241         -12.248      -8.611           0.000       0.000             241               0
   62         318.315    -509.504           0.000       0.000              62               0
  112        -469.808     133.219           0.000       0.000             112               0
  255         739.135    -328.828           0.000       0.000             255               0
   39         -90.886    -165.022           0.000       0.000              39               0
  228        -959.529    -821.473           0.000       0.000             228               0
   28         144.085     -95.526           0.000       0.000              28               0
   37         758.353     714.484           0.000       0.000              37               0
   40        -885.925   -1349.034           0.000       0.000              40               0
  209         842.251    1650.211           0.000       0.000             209               0
   14         628.137      16.787           0.000       0.000              14               0
  186        -801.884     345.204           0.000       0.000             186               0
  245        -219.605      85.066           0.000       0.000             245               0
   76          -8.246      63.416           0.000       0.000              76               0
   98         310.855    -698.570           0.000       0.000              98               0
  210         701.111    -161.322           0.000       0.000             210               0
  249        -754.968    -970.574           0.000       0.000             249               0
  198       -1326.345    -190.966           0.000       0.000             198               0
  210        -373.678      12.408           0.000       0.000             210               0
  227         561.251    -269.326           0.000       0.000             227               0
  104        -845.912     749.922           0.000       0.000             104               0
  150        -158.460     183.753           0.000       0.000             150               0
  204         252.625     721.461           0.000       0.000             204               0
  101        -691.619    -318.315           0.000       0.000             101               0
  227       -1327.290    -121.660           0.000       0.000             227               0
  199         -72.059    -879.760           0.000       0.000             199               0
    1         573.903    -649.816           0.000       0.000               1               0
  158        -927.382    -138.659           0.000       0.000             158               0
  122         363.950    -311.438           0.000       0.000             122               0
