SINAL     NFT                         FFT                         NFT INVERSA     FFT INVERSA
-----     -----------------------     -----------------------     -----------     -----------
  181       15757.000       0.000           0.000       0.000             181               0
  116        -815.165    -370.838           0.000       0.000             116               0
   16        -100.052     278.191           0.000       0.000              16               0
   17         367.313    1499.534           0.000       0.000              17               0
   45        -633.849    -121.945           0.000       0.000              45               0
  171        -805.661    -599.662           0.000       0.000             171               0
  156        -949.479    -261.889           0.000       0.000             156               0
  192        1090.884    -217.284           0.000       0.000             192               0
   34         675.594     449.879           0.000       0.000              34               0
   47         426.952     -16.308           0.000       0.000              47               0
  103        -886.368    -132.253           0.000       0.000             103               0
  104        -413.152     -33.959           0.000       0.000             104               0
  187         105.637     616.713           0.000       0.000             187               0
   49        -350.796     189.939           0.000       0.000              49               0
    3         345.387     219.806           0.000       0.000               3               0
   98        -355.674     872.068           0.000       0.000              98               0
  233        1596.243    -213.974           0.000       0.000             233               0
  222        -102.215    -228.773           0.000       0.000             222               0
  101        -629.636     196.522           0.000       0.000             101               0
  178        -436.577     -64.917           0.000       0.000             178               0
    6        1668.841     669.344           0.000       0.000               6               0
   24         507.752    1115.259           0.000       0.000              24               0
   15         917.665     188.107           0.000       0.000              15               0
  179         386.109     421.792           0.000       0.000             179               0
   96         427.317    -189.582           0.000       0.000              96               0
  105        -985.496    -866.163           0.000       0.000             105               0
   41        -480.559   -1277.756           0.000       0.000              41               0
  172         689.802      87.108           0.000       0.000             172               0
   43        -333.252   -1152.381           0.000       0.000              43               0
  126         -30.469    -349.181           0.000       0.000             126               0
  182         835.065     360.849           0.000       0.000             182               0
  224          56.135     -74.324           0.000       0.000             224               0
  243        -295.015     791.986           0.000       0.000             243               0
  198         804.550    -932.640           0.000       0.000             198               0
  242         817.346     -49.540           0.000       0.000             242               0
   32        -292.249    -106.445           0.000       0.000              32               0
  114        -544.108    -767.026           0.000       0.000             114               0
  143         539.370     732.200           0.000       0.000             143               0
  224          30.320     215.742           0.000       0.000             224               0
  149         477.142    -279.094           0.000       0.000             149               0
  190         812.963     120.075           0.000       0.000             190               0
   72        -158.315      18.541           0.000       0.000              72               0
  253         936.767     362.907           0.000       0.000             253               0
  121        -357.010    -128.463           0.000       0.000             121               0
  121        -352.965      -7.325           0.000       0.000             121               0
    1         103.963     335.669           0.000       0.000               1               0
  219         327.277    -656.933           0.000       0.000             219               0
   99         -57.108    1938.631           0.000       0.000              99               0
  223        -720.239    -380.032           0.000       0.000             223               0
   65        -639.796      75.196           0.000       0.000              65               0
   22         -43.420    -546.905           0.000       0.000              22               0
  230        -225.485     -83.041           0.000       0.000             230               0
   89         586.574     263.228           0.000       0.000              89               0
   38         518.045    -354.379           0.000       0.000              38               0
  153         500.142    -114.640           0.000       0.000             153               0
  185         157.207     242.529           0.000       0.000             185               0
  143         624.096    -292.486           0.000       0.000             143               0
  194        -292.018    -452.913           0.000       0.000             194               0
  102         954.172     -59.149           0.000       0.000             102               0
  186        -989.499     548.914           0.000       0.000             186               0
   65        -400.898    1122.525           0.000       0.000              65               0
   28         687.471     -98.837           0.000       0.000              28               0
  155        -110.660    -507.040           0.000       0.000             155               0
   52        -978.248     997.987           0.000       0.000              52               0
  227       -1007.000      -0.077           0.000       0.000             227               0
  142        -978.123    -998.094           0.000       0.000             142               0
   85        -110.642     507.019           0.000       0.000              85               0
   86         687.482      98.839           0.000       0.000              86               0
   29        -400.809   -1122.589           0.000       0.000              29               0
   54        -989.402    -548.977           0.000       0.000              54               0
  235         954.215      59.255           0.000       0.000             235               0
  219        -292.030     452.892           0.000       0.000             219               0
  126         624.102     292.516           0.000       0.000             126               0
  233         157.244    -242.533           0.000       0.000             233               0
   84         500.147     114.677           0.000       0.000              84               0
  247         518.013     354.400           0.000       0.000             247               0
  234         586.567    -263.200           0.000       0.000             234               0
   48        -225.524      83.016           0.000       0.000              48               0
   91         -43.490     546.873           0.000       0.000              91               0
  202        -639.802     -75.292           0.000       0.000             202               0
  113        -720.244     379.906           0.000       0.000             113               0
  113         -56.901   -1938.652           0.000       0.000             113               0
  176         327.250     656.980           0.000       0.000             176               0
  203         104.000    -335.673           0.000       0.000             203               0
  152        -352.947       7.293           0.000       0.000             152               0
   73        -356.966     128.418           0.000       0.000              73               0
  133         936.836    -362.840           0.000       0.000             133               0
   39        -158.287     -18.556           0.000       0.000              39               0
   12         813.000    -120.008           0.000       0.000              12               0
  235         477.115     279.123           0.000       0.000             235               0
  226          30.339    -215.760           0.000       0.000             226               0
   77         539.422    -732.136           0.000       0.000              77               0
    7        -544.174     767.000           0.000       0.000               7               0
  125        -292.212     106.410           0.000       0.000             125               0
  130         817.382      49.610           0.000       0.000             130               0
  235         804.463     932.677           0.000       0.000             235               0
   11        -294.956    -792.042           0.000       0.000              11               0
  215          56.153      74.330           0.000       0.000             215               0
   65         835.098    -360.765           0.000       0.000              65               0
   41         -30.516     349.211           0.000       0.000              41               0
   13        -333.337    1152.346           0.000       0.000              13               0
   45         689.809     -87.063           0.000       0.000              45               0
    4        -480.681    1277.696           0.000       0.000               4               0
  140        -985.523     866.006           0.000       0.000             140               0
   22         427.371     189.525           0.000       0.000              22               0
   89         386.198    -421.837           0.000       0.000              89               0
  132         917.715    -188.100           0.000       0.000             132               0
    0         507.867   -1115.261           0.000       0.000              -0               0
  137        1668.869    -669.203           0.000       0.000             137               0
  223        -436.636      64.881           0.000       0.000             223               0
  202        -629.611    -196.583           0.000       0.000             202               0
  251        -102.182     228.749           0.000       0.000             251               0
   81        1596.230     214.062           0.000       0.000              81               0
  123        -355.627    -872.130           0.000       0.000             123               0
  198         345.398    -219.783           0.000       0.000             198               0
  233        -350.784    -189.982           0.000       0.000             233               0
  196         105.694    -616.701           0.000       0.000             196               0
   75        -413.149      33.939           0.000       0.000              75               0
   16        -886.324     132.177           0.000       0.000              16               0
  209         427.028      16.330           0.000       0.000             209               0
   54         675.680    -449.821           0.000       0.000              54               0
  243        1090.858     217.387           0.000       0.000             243               0
   30        -949.507     261.807           0.000       0.000              30               0
   62        -805.648     599.565           0.000       0.000              62               0
  113        -633.741     121.826           0.000       0.000             113               0
  160         367.581   -1499.525           0.000       0.000             160               0
   41         -99.848    -278.164           0.000       0.000              41               0
  125        -814.785     370.785           0.000       0.000             125               0
