SINAL     NFT                         FFT                         NFT INVERSA     FFT INVERSA
-----     -----------------------     -----------------------     -----------     -----------
   21       16313.000       0.000           0.000       0.000              21               0
   58         -56.386    1279.909           0.000       0.000              58               0
  203           4.387     852.710           0.000       0.000             203               0
  223        -283.942    -872.668           0.000       0.000             223               0
  142         445.936     116.315           0.000       0.000             142               0
   32         173.769    -329.125           0.000       0.000              32               0
  117        -304.278     597.513           0.000       0.000             117               0
  119        -691.404    -373.723           0.000       0.000             119               0
  198        -413.681    -389.353           0.000       0.000             198               0
    0         488.354     151.472           0.000       0.000               0               0
  152         636.595    -553.732           0.000       0.000             152               0
   45         434.998     296.841           0.000       0.000              45               0
  254         179.164    -579.059           0.000       0.000             254               0
  191        -610.309    -301.674           0.000       0.000             191               0
   98         285.898    -839.819           0.000       0.000              98               0
   83         204.977    -151.067           0.000       0.000              83               0
   16        -181.662    1343.847           0.000       0.000              16               0
  166         245.939    -605.859           0.000       0.000             166               0
   24        -383.188     336.337           0.000       0.000              24               0
   88        -261.951    -301.462           0.000       0.000              88               0
  123         436.138    1124.762           0.000       0.000             123               0
    0         310.387    -584.802           0.000       0.000               0               0
   44         102.642     776.766           0.000       0.000              44               0
  236        -533.273    -576.829           0.000       0.000             236               0
  187        -880.053     -36.589           0.000       0.000             187               0
   72        -858.759     463.047           0.000       0.000              72               0
   12       -1291.151     -85.338           0.000       0.000              12               0
  179        -242.993    1223.986           0.000       0.000             179               0
   64         -37.095      29.477           0.000       0.000              64               0
  110        -770.590    -252.163           0.000       0.000             110               0
  118        -397.907     454.579           0.000       0.000             118               0
   86         211.931     595.638           0.000       0.000              86               0
  168         248.007     -80.994           0.000       0.000             168               0
   65         837.032     840.446           0.000       0.000              65               0
   53        -439.390    -633.140           0.000       0.000              53               0
   55        -104.571     358.632           0.000       0.000              55               0
   97        -306.648     394.683           0.000       0.000              97               0
  171         418.021     553.236           0.000       0.000             171               0
  174         649.451    1554.478           0.000       0.000             174               0
   40        -645.663    -159.788           0.000       0.000              40               0
  171         -55.542    -428.456           0.000       0.000             171               0
   71        -656.581    -196.748           0.000       0.000              71               0
   86         429.893     387.361           0.000       0.000              86               0
  170        -338.750     370.136           0.000       0.000             170               0
    7        -155.282      40.828           0.000       0.000               7               0
  184        1170.175     126.861           0.000       0.000             184               0
  253       -1059.181     628.640           0.000       0.000             253               0
   23       -1198.538     235.686           0.000       0.000              23               0
   95        1239.665    -638.115           0.000       0.000              95               0
   21        -411.995     562.357           0.000       0.000              21               0
  112        -685.591    1664.238           0.000       0.000             112               0
  219         227.891      62.955           0.000       0.000             219               0
   22        -678.322      13.745           0.000       0.000              22               0
  156        -143.543    -879.243           0.000       0.000             156               0
  199        -111.502   -1630.869           0.000       0.000             199               0
  209         235.527     270.384           0.000       0.000             209               0
  229        -722.720    -249.231           0.000       0.000             229               0
  211         629.604     406.280           0.000       0.000             211               0
  132       -1252.380     886.597           0.000       0.000             132               0
   38        -545.081     544.563           0.000       0.000              38               0
   66       -1219.928     790.215           0.000       0.000              66               0
  251         435.621    -944.370           0.000       0.000             251               0
  124         391.573    -494.173           0.000       0.000             124               0
  235        1049.992      46.228           0.000       0.000             235               0
   61         -13.000      -0.003           0.000       0.000              61               0
  178        1049.984     -46.138           0.000       0.000             178               0
   35         391.482     494.201           0.000       0.000              35               0
  159         435.465     944.348           0.000       0.000             159               0
   94       -1219.920    -790.384           0.000       0.000              94               0
  209        -545.052    -544.638           0.000       0.000             209               0
  199       -1252.282    -886.701           0.000       0.000             199               0
   10         629.658    -406.195           0.000       0.000              10               0
   25        -722.737     249.197           0.000       0.000              25               0
   29         235.563    -270.325           0.000       0.000              29               0
  180        -111.645    1630.871           0.000       0.000             180               0
   32        -143.627     879.165           0.000       0.000              32               0
  214        -678.313     -13.881           0.000       0.000             214               0
  178         227.902     -63.020           0.000       0.000             178               0
   56        -685.447   -1664.334           0.000       0.000              56               0
   53        -411.905    -562.363           0.000       0.000              53               0
  200        1239.604     638.218           0.000       0.000             200               0
  168       -1198.547    -235.822           0.000       0.000             168               0
   16       -1059.070    -628.742           0.000       0.000              16               0
  222        1170.224    -126.763           0.000       0.000             222               0
   69        -155.290     -40.853           0.000       0.000              69               0
  216        -338.707    -370.176           0.000       0.000             216               0
  176         429.925    -387.318           0.000       0.000             176               0
   42        -656.598     196.699           0.000       0.000              42               0
  172         -55.562     428.427           0.000       0.000             172               0
   53        -645.640     159.667           0.000       0.000              53               0
   80         649.618   -1554.458           0.000       0.000              80               0
  238         418.060    -553.184           0.000       0.000             238               0
   48        -306.622    -394.691           0.000       0.000              48               0
  205        -104.534    -358.614           0.000       0.000             205               0
  218        -439.413     633.099           0.000       0.000             218               0
  109         837.121    -840.387           0.000       0.000             109               0
  128         247.980      81.017           0.000       0.000             128               0
  253         211.947    -595.623           0.000       0.000             253               0
   12        -397.906    -454.590           0.000       0.000              12               0
  222        -770.618     252.111           0.000       0.000             222               0
  207         -37.093     -29.501           0.000       0.000             207               0
  211        -242.918   -1223.996           0.000       0.000             211               0
  232       -1291.164      85.263           0.000       0.000             232               0
  233        -858.687    -463.093           0.000       0.000             233               0
  241        -880.000      36.552           0.000       0.000             241               0
  156        -533.242     576.786           0.000       0.000             156               0
    9         102.784    -776.751           0.000       0.000               9               0
  199         310.394     584.830           0.000       0.000             199               0
   78         436.259   -1124.715           0.000       0.000              78               0
   66        -261.957     301.473           0.000       0.000              66               0
  253        -383.114    -336.345           0.000       0.000             253               0
   22         245.934     605.881           0.000       0.000              22               0
  234        -181.506   -1343.839           0.000       0.000             234               0
   14         205.012     151.159           0.000       0.000              14               0
  245         285.856     839.880           0.000       0.000             245               0
   47        -610.289     301.634           0.000       0.000              47               0
  230         179.187     579.069           0.000       0.000             230               0
  165         435.083    -296.803           0.000       0.000             165               0
   90         636.587     553.790           0.000       0.000              90               0
  146         488.377    -151.432           0.000       0.000             146               0
  218        -413.700     389.322           0.000       0.000             218               0
  170        -691.377     373.642           0.000       0.000             170               0
  129        -304.132    -597.545           0.000       0.000             129               0
   11         173.851     329.146           0.000       0.000              11               0
  120         446.050    -116.275           0.000       0.000             120               0
   92        -283.881     872.614           0.000       0.000              92               0
  120           4.677    -852.754           0.000       0.000             120               0
  248         -55.844   -1279.883           0.000       0.000             248               0
