SINAL     NFT                         FFT                         NFT INVERSA     FFT INVERSA
-----     -----------------------     -----------------------     -----------     -----------
  196       17469.000       0.000           0.000       0.000             196               0
   38        -671.642     573.591           0.000       0.000              38               0
  199         187.160     308.787           0.000       0.000             199               0
   33        -545.687     851.232           0.000       0.000              33               0
    4         179.565    -470.280           0.000       0.000               4               0
  140        -447.312    -469.455           0.000       0.000             140               0
   57        -100.623    -161.549           0.000       0.000              57               0
  195        -355.628    -324.686           0.000       0.000             195               0
  133        -517.794    -129.308           0.000       0.000             133               0
  244        -328.285    2050.561           0.000       0.000             244               0
  108         124.187    -170.464           0.000       0.000             108               0
  242         701.051     143.597           0.000       0.000             242               0
  156         217.244     664.242           0.000       0.000             156               0
   18         720.463    -430.641           0.000       0.000              18               0
  151         296.178     200.464           0.000       0.000             151               0
    2        -240.537     546.711           0.000       0.000               2               0
  142        -267.872      44.456           0.000       0.000             142               0
  100         701.341    -499.899           0.000       0.000             100               0
    1        -333.666    -409.633           0.000       0.000               1               0
   35         246.745    -181.458           0.000       0.000              35               0
   41        -791.920    -272.998           0.000       0.000              41               0
  201          23.548   -1231.189           0.000       0.000             201               0
  217         193.259     358.859           0.000       0.000             217               0
  165        1077.385      92.555           0.000       0.000             165               0
   78         913.348     391.602           0.000       0.000              78               0
  108        -183.907    -997.460           0.000       0.000             108               0
  244          34.743     236.677           0.000       0.000             244               0
  104        -490.531    -253.037           0.000       0.000             104               0
  168        -350.221    -198.768           0.000       0.000             168               0
    4         658.799    1227.569           0.000       0.000               4               0
  255        -547.069    -138.578           0.000       0.000             255               0
  108         850.812    -853.849           0.000       0.000             108               0
   43        -380.017     327.000           0.000       0.000              43               0
  199        -406.962    1025.978           0.000       0.000             199               0
  141        -311.867       9.410           0.000       0.000             141               0
   47         448.187   -1388.374           0.000       0.000              47               0
   84         595.303     445.325           0.000       0.000              84               0
  199        -532.094     858.483           0.000       0.000             199               0
  242         385.228     512.898           0.000       0.000             242               0
  217       -1039.777     240.444           0.000       0.000             217               0
  187        -353.132      60.322           0.000       0.000             187               0
   95       -1026.862    -272.484           0.000       0.000              95               0
  203         195.069     774.222           0.000       0.000             203               0
   87         207.510    -752.620           0.000       0.000              87               0
  113        -226.668     979.460           0.000       0.000             113               0
   99          -5.376     695.486           0.000       0.000              99               0
   90         579.201    -200.514           0.000       0.000              90               0
    0         169.599    -557.217           0.000       0.000              -0               0
  200         601.852     426.479           0.000       0.000             200               0
   91        -935.822    -159.134           0.000       0.000              91               0
   36        -370.510     422.545           0.000       0.000              36               0
  242         206.941   -1241.917           0.000       0.000             242               0
   37        -209.466     314.672           0.000       0.000              37               0
  253         790.287      24.144           0.000       0.000             253               0
  151        1196.978     453.501           0.000       0.000             151               0
  115        2162.996     787.709           0.000       0.000             115               0
  105         673.553    -564.556           0.000       0.000             105               0
  140        -226.147     -49.476           0.000       0.000             140               0
  220        1171.965      74.760           0.000       0.000             220               0
   17          69.933      55.551           0.000       0.000              17               0
  145         714.104     259.788           0.000       0.000             145               0
  219        -268.602     249.598           0.000       0.000             219               0
  126       -1084.279     141.209           0.000       0.000             126               0
  188        -274.414     -72.829           0.000       0.000             188               0
  163         679.000       0.013           0.000       0.000             163               0
   12        -274.448      72.770           0.000       0.000              12               0
  235       -1084.249    -141.338           0.000       0.000             235               0
  247        -268.512    -249.651           0.000       0.000             247               0
  211         714.178    -259.747           0.000       0.000             211               0
  222          69.982     -55.560           0.000       0.000             222               0
  208        1171.996     -74.677           0.000       0.000             208               0
  143        -226.128      49.443           0.000       0.000             143               0
   61         673.570     564.568           0.000       0.000              61               0
  156        2163.072    -787.572           0.000       0.000             156               0
  231        1196.957    -453.405           0.000       0.000             231               0
  175         790.207     -24.077           0.000       0.000             175               0
    0        -209.509    -314.674           0.000       0.000              -0               0
   65         206.783    1241.916           0.000       0.000              65               0
  176        -370.525    -422.622           0.000       0.000             176               0
  200        -935.833     159.026           0.000       0.000             200               0
  156         601.902    -426.447           0.000       0.000             156               0
  212         169.543     557.209           0.000       0.000             212               0
  186         579.159     200.501           0.000       0.000             186               0
  193          -5.357    -695.540           0.000       0.000             193               0
  209        -226.609    -979.476           0.000       0.000             209               0
   82         207.424     752.628           0.000       0.000              82               0
   53         195.083    -774.229           0.000       0.000              53               0
   59       -1026.917     272.389           0.000       0.000              59               0
  222        -353.130     -60.383           0.000       0.000             222               0
   17       -1039.731    -240.565           0.000       0.000              17               0
   77         385.303    -512.891           0.000       0.000              77               0
  111        -531.993    -858.522           0.000       0.000             111               0
  237         595.371    -445.227           0.000       0.000             237               0
  203         448.061    1388.416           0.000       0.000             203               0
   44        -311.880      -9.494           0.000       0.000              44               0
  144        -406.866   -1026.031           0.000       0.000             144               0
  215        -379.949    -327.001           0.000       0.000             215               0
   23         850.758     853.922           0.000       0.000              23               0
  135        -547.070     138.485           0.000       0.000             135               0
  171         658.912   -1227.520           0.000       0.000             171               0
  245        -350.243     198.769           0.000       0.000             245               0
   88        -490.525     253.000           0.000       0.000              88               0
   58          34.805    -236.662           0.000       0.000              58               0
   51        -183.934     997.434           0.000       0.000              51               0
  244         913.432    -391.554           0.000       0.000             244               0
   33        1077.390     -92.467           0.000       0.000              33               0
  226         193.261    -358.816           0.000       0.000             226               0
  244          23.421    1231.199           0.000       0.000             244               0
   98        -791.933     272.898           0.000       0.000              98               0
  146         246.759     181.453           0.000       0.000             146               0
  189        -333.666     409.577           0.000       0.000             189               0
  255         701.323     499.907           0.000       0.000             255               0
  103        -267.859     -44.542           0.000       0.000             103               0
  119        -240.449    -546.772           0.000       0.000             119               0
  193         296.247    -200.455           0.000       0.000             193               0
   56         720.457     430.663           0.000       0.000              56               0
  201         217.319    -664.265           0.000       0.000             201               0
  247         701.069    -143.559           0.000       0.000             247               0
  116         124.160     170.420           0.000       0.000             116               0
  168        -328.113   -2050.593           0.000       0.000             168               0
    9        -517.775     129.318           0.000       0.000               9               0
  193        -355.599     324.674           0.000       0.000             193               0
   24        -100.571     161.544           0.000       0.000              24               0
  247        -447.263     469.406           0.000       0.000             247               0
  141         179.633     470.247           0.000       0.000             141               0
   68        -545.469    -851.315           0.000       0.000              68               0
  135         187.409    -308.775           0.000       0.000             135               0
  100        -671.137    -573.633           0.000       0.000             100               0
