SINAL     NFT                         FFT                         NFT INVERSA     FFT INVERSA
-----     -----------------------     -----------------------     -----------     -----------
  125       15745.000       0.000           0.000       0.000             125               0
   43         278.778     373.753           0.000       0.000              43               0
  160         583.764    -390.617           0.000       0.000             160               0
  124        -249.628    -159.180           0.000       0.000             124               0
  177         772.270     260.163           0.000       0.000             177               0
  235         639.604     259.028           0.000       0.000             235               0
  198         103.888     225.531           0.000       0.000             198               0
    6        -940.880     -30.108           0.000       0.000               6               0
   47         922.728    -430.150           0.000       0.000              47               0
  188         121.746    -378.025           0.000       0.000             188               0
  145         476.638    -151.084           0.000       0.000             145               0
   83          16.891     179.618           0.000       0.000              83               0
   73        -130.875     381.803           0.000       0.000              73               0
   33        -775.014     745.223           0.000       0.000              33               0
  200        -314.803    -546.987           0.000       0.000             200               0
  241          58.510     -14.274           0.000       0.000             241               0
  154        -498.736    -107.335           0.000       0.000             154               0
    9         636.042     520.274           0.000       0.000               9               0
   34        -256.082     898.407           0.000       0.000              34               0
  215         842.319     -97.998           0.000       0.000             215               0
  145         476.194      61.758           0.000       0.000             145               0
  228        -420.824    1295.283           0.000       0.000             228               0
   56       -1065.668     531.756           0.000       0.000              56               0
   36       -1297.668    1758.059           0.000       0.000              36               0
   69         818.063     336.725           0.000       0.000              69               0
  148         427.877    1109.794           0.000       0.000             148               0
  229         787.755     244.903           0.000       0.000             229               0
  104          47.262    -416.118           0.000       0.000             104               0
  152         226.156    -664.621           0.000       0.000             152               0
  144       -1172.327     556.376           0.000       0.000             144               0
  170        -125.711     267.848           0.000       0.000             170               0
   21       -1202.098    -734.095           0.000       0.000              21               0
  187          60.002    -227.001           0.000       0.000             187               0
   74       -1280.586     855.662           0.000       0.000              74               0
  146        -965.274   -1105.869           0.000       0.000             146               0
  109          12.166   -1333.361           0.000       0.000             109               0
   53         547.232     204.862           0.000       0.000              53               0
   89        -466.069    -883.956           0.000       0.000              89               0
  115        -123.644     -73.578           0.000       0.000             115               0
  101         808.022     910.948           0.000       0.000             101               0
   22         -69.826     645.432           0.000       0.000              22               0
    5         347.222       7.436           0.000       0.000               5               0
  185         420.072     332.072           0.000       0.000             185               0
   95         387.979     929.587           0.000       0.000              95               0
   38         195.401    -118.897           0.000       0.000              38               0
  129        -332.052     527.584           0.000       0.000             129               0
   81        -268.100     -57.806           0.000       0.000              81               0
  192        -622.728    -492.916           0.000       0.000             192               0
  139         622.746      60.678           0.000       0.000             139               0
  115         807.334    -702.093           0.000       0.000             115               0
  151        -556.435     512.485           0.000       0.000             151               0
   29        -244.857     212.034           0.000       0.000              29               0
   87           6.450     -97.613           0.000       0.000              87               0
  208          98.782    -208.724           0.000       0.000             208               0
   65        1009.521     963.659           0.000       0.000              65               0
  157         354.299     624.316           0.000       0.000             157               0
  100        -463.006     358.515           0.000       0.000             100               0
   38        -343.522   -1261.661           0.000       0.000              38               0
    5        -163.261    1106.699           0.000       0.000               5               0
  253        -640.473    -192.906           0.000       0.000             253               0
  183         755.145     398.859           0.000       0.000             183               0
  176         143.107    -952.790           0.000       0.000             176               0
   18         361.194     456.630           0.000       0.000              18               0
  115         -39.277     495.496           0.000       0.000             115               0
  250         -33.000      -0.027           0.000       0.000             250               0
  165         -39.226    -495.533           0.000       0.000             165               0
  224         361.238    -456.595           0.000       0.000             224               0
   47         143.027     952.782           0.000       0.000              47               0
  254         755.149    -398.840           0.000       0.000             254               0
   84        -640.521     192.813           0.000       0.000              84               0
  149        -163.172   -1106.718           0.000       0.000             149               0
   20        -343.623    1261.616           0.000       0.000              20               0
   89        -462.943    -358.620           0.000       0.000              89               0
   78         354.396    -624.327           0.000       0.000              78               0
  116        1009.603    -963.572           0.000       0.000             116               0
  127          98.737     208.747           0.000       0.000             127               0
  208           6.421      97.601           0.000       0.000             208               0
  197        -244.851    -212.071           0.000       0.000             197               0
   64        -556.367    -512.520           0.000       0.000              64               0
   92         807.297     702.164           0.000       0.000              92               0
   56         622.718     -60.644           0.000       0.000              56               0
  216        -622.797     492.838           0.000       0.000             216               0
  121        -268.100      57.734           0.000       0.000             121               0
  144        -331.985    -527.647           0.000       0.000             144               0
  168         195.420     118.878           0.000       0.000             168               0
  187         388.073    -929.581           0.000       0.000             187               0
   46         420.100    -332.033           0.000       0.000              46               0
   13         347.209      -7.417           0.000       0.000              13               0
  226         -69.778    -645.449           0.000       0.000             226               0
   52         808.076    -910.847           0.000       0.000              52               0
   10        -123.695      73.627           0.000       0.000              10               0
  153        -466.157     883.939           0.000       0.000             153               0
  228         547.228    -204.797           0.000       0.000             228               0
   29          11.994    1333.371           0.000       0.000              29               0
   12        -965.415    1105.721           0.000       0.000              12               0
  222       -1280.506    -855.821           0.000       0.000             222               0
  194          59.995     226.997           0.000       0.000             194               0
  237       -1202.142     733.950           0.000       0.000             237               0
   14        -125.655    -267.919           0.000       0.000              14               0
  193       -1172.226    -556.495           0.000       0.000             193               0
   65         226.176     664.615           0.000       0.000              65               0
  163          47.288     416.050           0.000       0.000             163               0
  214         787.815    -244.929           0.000       0.000             214               0
  154         427.978   -1109.822           0.000       0.000             154               0
  242         818.053    -336.712           0.000       0.000             242               0
   74       -1297.551   -1758.195           0.000       0.000              74               0
   26       -1065.579    -531.839           0.000       0.000              26               0
  195        -420.633   -1295.293           0.000       0.000             195               0
   15         476.274     -61.678           0.000       0.000              15               0
   90         842.338      98.070           0.000       0.000              90               0
   32        -255.987    -898.423           0.000       0.000              32               0
   72         636.100    -520.181           0.000       0.000              72               0
   51        -498.735     107.330           0.000       0.000              51               0
  153          58.534      14.302           0.000       0.000             153               0
  217        -314.828     546.952           0.000       0.000             217               0
  219        -774.899    -745.298           0.000       0.000             219               0
   85        -130.764    -381.790           0.000       0.000              85               0
    7          16.989    -179.583           0.000       0.000               7               0
  233         476.698     151.156           0.000       0.000             233               0
   55         121.784     378.053           0.000       0.000              55               0
   59         922.735     430.221           0.000       0.000              59               0
  244        -940.822      30.011           0.000       0.000             244               0
  208         104.026    -225.533           0.000       0.000             208               0
   32         639.742    -258.972           0.000       0.000              32               0
   17         772.391    -260.082           0.000       0.000              17               0
  220        -249.502     159.179           0.000       0.000             220               0
  254         583.951     390.661           0.000       0.000             254               0
  212         279.219    -373.733           0.000       0.000             212               0
