SINAL     NFT                         FFT                         NFT INVERSA     FFT INVERSA
-----     -----------------------     -----------------------     -----------     -----------
  221       16450.000       0.000           0.000       0.000             221               0
   88        -282.300     570.540           0.000       0.000              88               0
   62          30.558    1273.157           0.000       0.000              62               0
   75        -133.480    -419.757           0.000       0.000              75               0
   21        -171.801    -236.807           0.000       0.000              21               0
  186        -411.587    -517.297           0.000       0.000             186               0
  202        -118.446     242.001           0.000       0.000             202               0
  224        -328.967     420.161           0.000       0.000             224               0
  114        -283.025    -432.161           0.000       0.000             114               0
   39        -356.189    -499.330           0.000       0.000              39               0
   99        -454.911     -54.664           0.000       0.000              99               0
  157         413.973     344.996           0.000       0.000             157               0
  182         388.181     -25.054           0.000       0.000             182               0
  100         -67.324     458.760           0.000       0.000             100               0
   41        -576.419     536.497           0.000       0.000              41               0
  128          79.935     170.898           0.000       0.000             128               0
   44         778.500     275.439           0.000       0.000              44               0
  202       -1209.768     331.056           0.000       0.000             202               0
  133         614.746    -397.303           0.000       0.000             133               0
   59         -29.495     469.247           0.000       0.000              59               0
   57         676.745    -218.669           0.000       0.000              57               0
  120        -267.184     373.100           0.000       0.000             120               0
  127        1317.269   -1335.209           0.000       0.000             127               0
  107        1773.099      33.728           0.000       0.000             107               0
   21        -814.700    -413.519           0.000       0.000              21               0
  162        1458.997    -492.989           0.000       0.000             162               0
   72        -812.455    -843.145           0.000       0.000              72               0
   23        -451.820     114.174           0.000       0.000              23               0
  103         666.733    -620.073           0.000       0.000             103               0
   25        -405.112     509.504           0.000       0.000              25               0
  187         223.059    -326.864           0.000       0.000             187               0
   69        1231.393    -188.943           0.000       0.000              69               0
  114           6.984     221.004           0.000       0.000             114               0
  250        -705.799     220.438           0.000       0.000             250               0
  144         868.559     374.016           0.000       0.000             144               0
  136         572.015     358.562           0.000       0.000             136               0
  181         416.488    -384.972           0.000       0.000             181               0
   91         501.037     957.271           0.000       0.000              91               0
  104        -277.560    -309.903           0.000       0.000             104               0
   40        -484.445     759.537           0.000       0.000              40               0
  131         193.574    -443.707           0.000       0.000             131               0
  204        -282.420    -244.575           0.000       0.000             204               0
  197        1063.187     855.720           0.000       0.000             197               0
   58         233.563      96.959           0.000       0.000              58               0
   48        -197.090     -23.330           0.000       0.000              48               0
  238         740.877     700.447           0.000       0.000             238               0
  186        -305.924     878.973           0.000       0.000             186               0
   92        -442.140    -615.994           0.000       0.000              92               0
  185        -416.495    -248.587           0.000       0.000             185               0
   64        -196.335      73.021           0.000       0.000              64               0
  152         305.465     888.186           0.000       0.000             152               0
  243         654.901    -125.311           0.000       0.000             243               0
  184        -173.358   -1077.842           0.000       0.000             184               0
   23         262.711     180.388           0.000       0.000              23               0
   94        -193.345    -514.167           0.000       0.000              94               0
  205         493.720    -360.607           0.000       0.000             205               0
  186        -111.827    -362.370           0.000       0.000             186               0
  167          77.833    -646.765           0.000       0.000             167               0
  228         376.868     -11.933           0.000       0.000             228               0
   34         201.698     420.472           0.000       0.000              34               0
  193         490.135      30.198           0.000       0.000             193               0
  160         -91.410    -123.245           0.000       0.000             160               0
  104         419.331    -655.384           0.000       0.000             104               0
   51        -438.131     596.212           0.000       0.000              51               0
  155        -244.000      -0.023           0.000       0.000             155               0
  248        -438.058    -596.245           0.000       0.000             248               0
  188         419.299     655.424           0.000       0.000             188               0
   80         -91.404     123.213           0.000       0.000              80               0
   84         490.152     -30.181           0.000       0.000              84               0
   37         201.735    -420.459           0.000       0.000              37               0
  120         376.862      11.984           0.000       0.000             120               0
  215          77.770     646.776           0.000       0.000             215               0
  241        -111.852     362.344           0.000       0.000             241               0
   62         493.689     360.628           0.000       0.000              62               0
   17        -193.392     514.116           0.000       0.000              17               0
   33         262.729    -180.390           0.000       0.000              33               0
   45        -173.438    1077.787           0.000       0.000              45               0
  204         654.895     125.282           0.000       0.000             204               0
  126         305.513    -888.208           0.000       0.000             126               0
  230        -196.355     -73.050           0.000       0.000             230               0
   12        -416.522     248.529           0.000       0.000              12               0
   22        -442.174     615.893           0.000       0.000              22               0
  217        -305.806    -879.064           0.000       0.000             217               0
  197         740.964    -700.402           0.000       0.000             197               0
   46        -197.077      23.303           0.000       0.000              46               0
   56         233.607     -96.971           0.000       0.000              56               0
  146        1063.257    -855.637           0.000       0.000             146               0
  232        -282.457     244.560           0.000       0.000             232               0
  224         193.533     443.690           0.000       0.000             224               0
  119        -484.373    -759.603           0.000       0.000             119               0
   10        -277.542     309.858           0.000       0.000              10               0
  161         501.161    -957.240           0.000       0.000             161               0
   24         416.483     385.005           0.000       0.000              24               0
  114         572.062    -358.534           0.000       0.000             114               0
  213         868.571    -373.946           0.000       0.000             213               0
  179        -705.788    -220.491           0.000       0.000             179               0
  107           7.048    -220.988           0.000       0.000             107               0
  145        1231.390     189.062           0.000       0.000             145               0
    3         223.005     326.876           0.000       0.000               3               0
  192        -405.066    -509.529           0.000       0.000             192               0
  182         666.683     620.143           0.000       0.000             182               0
  124        -451.817    -114.202           0.000       0.000             124               0
  151        -812.467     843.084           0.000       0.000             151               0
  167        1458.996     493.089           0.000       0.000             167               0
  187        -814.692     413.421           0.000       0.000             187               0
  169        1773.154     -33.595           0.000       0.000             169               0
  201        1317.123    1335.274           0.000       0.000             201               0
  232        -267.183    -373.189           0.000       0.000             232               0
  118         676.712     218.677           0.000       0.000             118               0
   72         -29.476    -469.287           0.000       0.000              72               0
  207         614.678     397.316           0.000       0.000             207               0
  130       -1209.742    -331.207           0.000       0.000             130               0
   94         778.544    -275.408           0.000       0.000              94               0
  169          79.931    -170.925           0.000       0.000             169               0
   71        -576.369    -536.571           0.000       0.000              71               0
  140         -67.251    -458.768           0.000       0.000             140               0
  226         388.204      25.085           0.000       0.000             226               0
  218         413.998    -344.961           0.000       0.000             218               0
  117        -454.918      54.639           0.000       0.000             117               0
  194        -356.206     499.296           0.000       0.000             194               0
   82        -283.022     432.101           0.000       0.000              82               0
  128        -328.878    -420.220           0.000       0.000             128               0
   99        -118.362    -242.011           0.000       0.000              99               0
  106        -411.547     517.254           0.000       0.000             106               0
  243        -171.706     236.759           0.000       0.000             243               0
   57        -133.365     419.683           0.000       0.000              57               0
   30          30.881   -1273.196           0.000       0.000              30               0
   95        -281.815    -570.544           0.000       0.000              95               0
