SINAL     NFT                         FFT                         NFT INVERSA     FFT INVERSA
-----     -----------------------     -----------------------     -----------     -----------
  115       17227.000       0.000           0.000       0.000             115               0
   66         400.162     772.333           0.000       0.000              66               0
   98         108.265    -401.690           0.000       0.000              98               0
   80         385.739    1028.315           0.000       0.000              80               0
   25         304.722    -641.201           0.000       0.000              25               0
  175       -1388.435       0.637           0.000       0.000             175               0
  100        -857.749    1221.263           0.000       0.000             100               0
   11         576.587    1891.692           0.000       0.000              11               0
  202        -169.020     163.566           0.000       0.000             202               0
  201        -377.352     194.660           0.000       0.000             201               0
  141        -265.825    -340.477           0.000       0.000             141               0
  228        -403.073      77.962           0.000       0.000             228               0
  144         792.167     201.484           0.000       0.000             144               0
  192         305.671     514.576           0.000       0.000             192               0
   93         238.188     370.409           0.000       0.000              93               0
  189         382.055    -496.162           0.000       0.000             189               0
  222        -101.324    1059.798           0.000       0.000             222               0
  138        -631.368    -496.030           0.000       0.000             138               0
  194        -115.657     742.278           0.000       0.000             194               0
   77        -883.682   -1121.402           0.000       0.000              77               0
  158        -196.976     283.873           0.000       0.000             158               0
   77         838.065     -49.502           0.000       0.000              77               0
   63        -145.488     526.692           0.000       0.000              63               0
    1        -323.046     315.297           0.000       0.000               1               0
   41        -273.579     321.054           0.000       0.000              41               0
   47         355.981    -295.149           0.000       0.000              47               0
   60          77.054    -730.469           0.000       0.000              60               0
  108        1066.477     179.798           0.000       0.000             108               0
   30        -788.040      55.915           0.000       0.000              30               0
  147         274.432    1051.607           0.000       0.000             147               0
  232         340.406    -326.165           0.000       0.000             232               0
  145        -468.329    -144.517           0.000       0.000             145               0
  214        -291.987    -563.009           0.000       0.000             214               0
   74         773.883     137.645           0.000       0.000              74               0
  225        -238.423    -494.866           0.000       0.000             225               0
  239        -677.651    -431.622           0.000       0.000             239               0
  250          11.044     115.358           0.000       0.000             250               0
   70         572.845    -141.886           0.000       0.000              70               0
  250       -1165.987     928.026           0.000       0.000             250               0
  197        -534.771       8.019           0.000       0.000             197               0
   16         253.737      -9.180           0.000       0.000              16               0
  136        -353.294     489.857           0.000       0.000             136               0
  169        -528.746    -117.385           0.000       0.000             169               0
  160        1114.541     499.347           0.000       0.000             160               0
   72         462.327      40.695           0.000       0.000              72               0
    6        -139.085      78.048           0.000       0.000               6               0
   93         569.316     883.257           0.000       0.000              93               0
   38         190.279     619.017           0.000       0.000              38               0
  145         -20.708     273.778           0.000       0.000             145               0
   32         413.607    -490.569           0.000       0.000              32               0
  116         -11.951     788.801           0.000       0.000             116               0
   47        -405.349    -737.373           0.000       0.000              47               0
  110        -739.695    -576.305           0.000       0.000             110               0
  179        1124.957   -1051.062           0.000       0.000             179               0
   49        -701.536     395.299           0.000       0.000              49               0
  152        -959.265    -256.856           0.000       0.000             152               0
  227        1192.837     881.359           0.000       0.000             227               0
  109          66.062     131.935           0.000       0.000             109               0
    4        -529.388     210.776           0.000       0.000               4               0
    1        -167.695    -575.630           0.000       0.000               1               0
    0        -205.509    -556.351           0.000       0.000              -0               0
  237         717.881    -516.191           0.000       0.000             237               0
  147        -708.636      90.219           0.000       0.000             147               0
  214          41.201    -173.170           0.000       0.000             214               0
   56        1129.000       0.053           0.000       0.000              56               0
  116          41.147     173.178           0.000       0.000             116               0
  197        -708.628     -90.268           0.000       0.000             197               0
   50         717.839     516.260           0.000       0.000              50               0
  186        -205.579     556.319           0.000       0.000             186               0
  192        -167.754     575.573           0.000       0.000             192               0
  247        -529.359    -210.868           0.000       0.000             247               0
  203          66.106    -131.967           0.000       0.000             203               0
   72        1192.889    -881.264           0.000       0.000              72               0
  161        -959.322     256.788           0.000       0.000             161               0
  107        -701.468    -395.336           0.000       0.000             107               0
  144        1124.875    1051.168           0.000       0.000             144               0
  168        -739.763     576.212           0.000       0.000             168               0
  201        -405.386     737.274           0.000       0.000             201               0
  183         -11.849    -788.853           0.000       0.000             183               0
   57         413.586     490.566           0.000       0.000              57               0
  233         -20.673    -273.841           0.000       0.000             233               0
   43         190.352    -619.046           0.000       0.000              43               0
  105         569.393    -883.218           0.000       0.000             105               0
   88        -139.075     -78.055           0.000       0.000              88               0
  222         462.345     -40.670           0.000       0.000             222               0
  154        1114.548    -499.260           0.000       0.000             154               0
  240        -528.806     117.334           0.000       0.000             240               0
  193        -353.263    -489.893           0.000       0.000             193               0
    8         253.717       9.202           0.000       0.000               8               0
  244        -534.799      -8.082           0.000       0.000             244               0
  195       -1165.883    -928.117           0.000       0.000             195               0
    8         572.867     141.961           0.000       0.000               8               0
  226          11.046    -115.336           0.000       0.000             226               0
   86        -677.675     431.582           0.000       0.000              86               0
  222        -238.420     494.835           0.000       0.000             222               0
   26         773.911    -137.590           0.000       0.000              26               0
  203        -292.040     562.972           0.000       0.000             203               0
  164        -468.314     144.446           0.000       0.000             164               0
   76         340.411     326.143           0.000       0.000              76               0
  134         274.523   -1051.611           0.000       0.000             134               0
  101        -788.001     -55.972           0.000       0.000             101               0
   68        1066.525    -179.695           0.000       0.000              68               0
   81          76.990     730.472           0.000       0.000              81               0
  173         355.948     295.136           0.000       0.000             173               0
  230        -273.561    -321.117           0.000       0.000             230               0
  189        -323.006    -315.348           0.000       0.000             189               0
   62        -145.410    -526.708           0.000       0.000              62               0
  142         838.066      49.576           0.000       0.000             142               0
  135        -196.980    -283.877           0.000       0.000             135               0
  246        -883.767    1121.305           0.000       0.000             246               0
  200        -115.565    -742.324           0.000       0.000             200               0
  113        -631.368     495.946           0.000       0.000             113               0
   33        -101.171   -1059.826           0.000       0.000              33               0
   50         382.067     496.186           0.000       0.000              50               0
  201         238.258    -370.422           0.000       0.000             201               0
    0         305.751    -514.561           0.000       0.000               0               0
  205         792.191    -201.416           0.000       0.000             205               0
  185        -403.068     -77.996           0.000       0.000             185               0
  194        -265.827     340.434           0.000       0.000             194               0
  213        -377.291    -194.734           0.000       0.000             213               0
  174        -168.942    -163.640           0.000       0.000             174               0
  133         576.786   -1891.667           0.000       0.000             133               0
  221        -857.608   -1221.277           0.000       0.000             221               0
  144       -1388.308      -0.684           0.000       0.000             144               0
  220         304.844     641.240           0.000       0.000             220               0
  188         386.002   -1028.264           0.000       0.000             188               0
  170         108.474     401.729           0.000       0.000             170               0
  168         400.690    -772.268           0.000       0.000             168               0
