SINAL     NFT                         FFT                         NFT INVERSA     FFT INVERSA
-----     -----------------------     -----------------------     -----------     -----------
  232       13623.000       0.000           0.000       0.000             232               0
  105         466.557    -192.407           0.000       0.000             105               0
  122         150.082     349.282           0.000       0.000             122               0
   30       -1035.262    1170.495           0.000       0.000              30               0
   71        -311.899    -688.007           0.000       0.000              71               0
  111         183.429     401.592           0.000       0.000             111               0
    5        -379.859     191.478           0.000       0.000               5               0
  111         308.509     -25.126           0.000       0.000             111               0
  137         626.058      86.597           0.000       0.000             137               0
   10        -207.795     515.301           0.000       0.000              10               0
  215        -128.333     168.273           0.000       0.000             215               0
   26        -169.841     -42.800           0.000       0.000              26               0
  105          59.879    -246.128           0.000       0.000             105               0
  147         779.106    -250.725           0.000       0.000             147               0
  183        -205.535    -552.726           0.000       0.000             183               0
   50         -20.430     994.468           0.000       0.000              50               0
   75        -130.310      51.211           0.000       0.000              75               0
  159        -321.131    -710.084           0.000       0.000             159               0
  159         460.518    -391.256           0.000       0.000             159               0
   87          61.689    -836.388           0.000       0.000              87               0
   88        -228.494     719.791           0.000       0.000              88               0
   99         853.611      40.936           0.000       0.000              99               0
  234        -692.329    -928.808           0.000       0.000             234               0
   19          90.083    -246.872           0.000       0.000              19               0
  246         -88.430    -466.689           0.000       0.000             246               0
   36          69.629    -456.381           0.000       0.000              36               0
  126        -606.384    -154.270           0.000       0.000             126               0
   24         822.984    -558.266           0.000       0.000              24               0
   87         482.247    -885.606           0.000       0.000              87               0
  135        1594.430      47.087           0.000       0.000             135               0
  206        1066.424    -390.924           0.000       0.000             206               0
   64         323.511    1060.051           0.000       0.000              64               0
  240        -213.986   -1149.007           0.000       0.000             240               0
   72        -131.072     371.297           0.000       0.000              72               0
   94          97.446     123.192           0.000       0.000              94               0
   55          51.121     435.068           0.000       0.000              55               0
  184        1410.037      41.391           0.000       0.000             184               0
   99        -126.977     -45.157           0.000       0.000              99               0
  167         362.435      67.058           0.000       0.000             167               0
   65         447.941      20.869           0.000       0.000              65               0
  110        -768.571    -224.301           0.000       0.000             110               0
  127         152.238    -388.041           0.000       0.000             127               0
   91        -443.065    -178.049           0.000       0.000              91               0
  215           8.871    -117.087           0.000       0.000             215               0
   18         719.369    -174.076           0.000       0.000              18               0
   19        -464.405     703.901           0.000       0.000              19               0
   10         207.375     975.821           0.000       0.000              10               0
   94        -682.985    1350.947           0.000       0.000              94               0
  178         428.315     -66.795           0.000       0.000             178               0
  169        -474.734    -481.232           0.000       0.000             169               0
  182         124.013     319.681           0.000       0.000             182               0
   11         171.506    -144.032           0.000       0.000              11               0
   13         548.485      -2.472           0.000       0.000              13               0
  160         778.485    -284.055           0.000       0.000             160               0
   31        1381.409   -1067.261           0.000       0.000              31               0
    3         -67.781     171.480           0.000       0.000               3               0
  197         -49.066      45.003           0.000       0.000             197               0
  157         176.545     301.585           0.000       0.000             157               0
   28        -501.551    -244.565           0.000       0.000              28               0
   28         855.580     981.363           0.000       0.000              28               0
   36        -407.600    -191.506           0.000       0.000              36               0
  235        -217.197    -302.715           0.000       0.000             235               0
   92       -1052.611     193.720           0.000       0.000              92               0
   21        1483.647    1008.775           0.000       0.000              21               0
   52         721.000      -0.009           0.000       0.000              52               0
  187        1483.674   -1008.690           0.000       0.000             187               0
   77       -1052.651    -193.807           0.000       0.000              77               0
  236        -217.222     302.683           0.000       0.000             236               0
   31        -407.592     191.427           0.000       0.000              31               0
  245         855.669    -981.310           0.000       0.000             245               0
   45        -501.575     244.523           0.000       0.000              45               0
  141         176.590    -301.580           0.000       0.000             141               0
  116         -49.041     -45.006           0.000       0.000             116               0
  137         -67.716    -171.468           0.000       0.000             137               0
  100        1381.349    1067.371           0.000       0.000             100               0
  135         778.440     284.075           0.000       0.000             135               0
  156         548.450       2.477           0.000       0.000             156               0
  111         171.457     144.005           0.000       0.000             111               0
  229         124.003    -319.702           0.000       0.000             229               0
   79        -474.788     481.152           0.000       0.000              79               0
   25         428.295      66.750           0.000       0.000              25               0
  155        -682.880   -1351.059           0.000       0.000             155               0
   91         207.465    -975.801           0.000       0.000              91               0
   38        -464.328    -703.906           0.000       0.000              38               0
   60         719.367     174.170           0.000       0.000              60               0
  122           8.844     117.102           0.000       0.000             122               0
   42        -443.076     178.020           0.000       0.000              42               0
    1         152.215     388.049           0.000       0.000               1               0
   23        -768.558     224.215           0.000       0.000              23               0
   71         447.993     -20.855           0.000       0.000              71               0
   30         362.466     -67.044           0.000       0.000              30               0
   60        -126.939      45.130           0.000       0.000              60               0
   50        1410.057     -41.295           0.000       0.000              50               0
  123          51.139    -435.073           0.000       0.000             123               0
   81          97.455    -123.180           0.000       0.000              81               0
  102        -131.030    -371.283           0.000       0.000             102               0
   54        -214.043    1148.979           0.000       0.000              54               0
  158         323.661   -1060.034           0.000       0.000             158               0
   82        1066.438     391.040           0.000       0.000              82               0
   85        1594.424     -46.930           0.000       0.000              85               0
  147         482.132     885.660           0.000       0.000             147               0
  128         822.882     558.315           0.000       0.000             128               0
  226        -606.440     154.203           0.000       0.000             226               0
    8          69.580     456.374           0.000       0.000               8               0
   10         -88.478     466.659           0.000       0.000              10               0
   71          90.052     246.859           0.000       0.000              71               0
  143        -692.389     928.707           0.000       0.000             143               0
  166         853.630     -40.928           0.000       0.000             166               0
  183        -228.439    -719.823           0.000       0.000             183               0
  117          61.633     836.389           0.000       0.000             117               0
  246         460.483     391.260           0.000       0.000             246               0
  208        -321.195     709.999           0.000       0.000             208               0
   16        -130.289     -51.298           0.000       0.000              16               0
   81         -20.325    -994.496           0.000       0.000              81               0
  246        -205.543     552.701           0.000       0.000             246               0
   77         779.110     250.754           0.000       0.000              77               0
  203          59.858     246.086           0.000       0.000             203               0
   32        -169.830      42.732           0.000       0.000              32               0
   79        -128.290    -168.337           0.000       0.000              79               0
  227        -207.701    -515.353           0.000       0.000             227               0
  103         626.111     -86.565           0.000       0.000             103               0
  109         308.526      25.122           0.000       0.000             109               0
   31        -379.806    -191.543           0.000       0.000              31               0
  154         183.516    -401.591           0.000       0.000             154               0
  233        -311.896     687.939           0.000       0.000             233               0
  113       -1035.031   -1170.619           0.000       0.000             113               0
    0         150.332    -349.257           0.000       0.000               0               0
   31         466.914     192.451           0.000       0.000              31               0
