SINAL     NFT                         FFT                         NFT INVERSA     FFT INVERSA
-----     -----------------------     -----------------------     -----------     -----------
  185       14606.000       0.000           0.000       0.000             185               0
   81       -1032.690    -537.966           0.000       0.000              81               0
  192        -304.377    -242.646           0.000       0.000             192               0
   45        -257.158    -188.519           0.000       0.000              45               0
   68         735.651    1528.429           0.000       0.000              68               0
   62        1320.727    -201.345           0.000       0.000              62               0
  201         173.813    -183.225           0.000       0.000             201               0
   34        1044.972     -61.503           0.000       0.000              34               0
   16        -105.591    -226.105           0.000       0.000              16               0
  103         580.738    -764.586           0.000       0.000             103               0
   16         201.848     833.277           0.000       0.000              16               0
   13         526.542      74.744           0.000       0.000              13               0
   49         684.293     150.620           0.000       0.000              49               0
  162         482.818     710.963           0.000       0.000             162               0
   34        -141.845     234.177           0.000       0.000              34               0
  162        -989.783     442.584           0.000       0.000             162               0
    7        -475.756    -702.168           0.000       0.000               7               0
   49         473.121    1112.703           0.000       0.000              49               0
   67        1210.618     421.738           0.000       0.000              67               0
  204         -84.661     824.871           0.000       0.000             204               0
  192           4.745   -1563.566           0.000       0.000             192               0
  187         -77.696    -298.444           0.000       0.000             187               0
  181         277.120     707.630           0.000       0.000             181               0
  242         568.584    -808.234           0.000       0.000             242               0
   93         625.296     427.254           0.000       0.000              93               0
   57        -372.394     390.634           0.000       0.000              57               0
  123        -779.434     420.452           0.000       0.000             123               0
  182         677.465     -53.283           0.000       0.000             182               0
  253         788.822   -1179.351           0.000       0.000             253               0
  184         823.640     132.417           0.000       0.000             184               0
   39        -651.372    1180.260           0.000       0.000              39               0
  183         244.920     146.057           0.000       0.000             183               0
   10        -792.030     623.982           0.000       0.000              10               0
  231        -612.997    1041.877           0.000       0.000             231               0
  229        -438.608     109.429           0.000       0.000             229               0
   78       -1060.252    -402.889           0.000       0.000              78               0
   38       -1476.350      41.467           0.000       0.000              38               0
  174         369.497     281.131           0.000       0.000             174               0
  112        -962.823     650.140           0.000       0.000             112               0
   54         494.054    -436.902           0.000       0.000              54               0
   22        -306.509     700.000           0.000       0.000              22               0
  129         468.553     879.806           0.000       0.000             129               0
   67        -582.991    -811.858           0.000       0.000              67               0
   72         237.932    -331.269           0.000       0.000              72               0
   35        -519.406     194.362           0.000       0.000              35               0
  102         308.222    -770.778           0.000       0.000             102               0
  234         528.026    -428.092           0.000       0.000             234               0
   43        -760.711    -286.690           0.000       0.000              43               0
  152        -204.215    -166.170           0.000       0.000             152               0
   46         419.814      34.486           0.000       0.000              46               0
  248         411.510     131.930           0.000       0.000             248               0
   88        -108.308    -600.628           0.000       0.000              88               0
  233        -165.256    -884.222           0.000       0.000             233               0
  173        1565.576     873.869           0.000       0.000             173               0
   74        -173.724     534.128           0.000       0.000              74               0
   70        -490.459     -14.917           0.000       0.000              70               0
  230          22.763     530.666           0.000       0.000             230               0
  198         134.464    -159.090           0.000       0.000             198               0
  253         698.399    1290.807           0.000       0.000             253               0
  228         600.951     176.521           0.000       0.000             228               0
  126         131.586    -267.506           0.000       0.000             126               0
   37         689.684     901.181           0.000       0.000              37               0
  155         885.684    -589.872           0.000       0.000             155               0
  136        -649.296     186.678           0.000       0.000             136               0
   12        -598.000      -0.045           0.000       0.000              12               0
  128        -649.232    -186.762           0.000       0.000             128               0
  214         885.682     589.894           0.000       0.000             214               0
   51         689.761    -901.169           0.000       0.000              51               0
   47         131.564     267.487           0.000       0.000              47               0
   71         600.969    -176.531           0.000       0.000              71               0
  105         698.483   -1290.769           0.000       0.000             105               0
   69         134.416     159.101           0.000       0.000              69               0
  201          22.779    -530.674           0.000       0.000             201               0
  172        -490.464      14.868           0.000       0.000             172               0
  142        -173.642    -534.153           0.000       0.000             142               0
  236        1565.644    -873.700           0.000       0.000             236               0
   19        -165.374     884.245           0.000       0.000              19               0
  120        -108.369     600.601           0.000       0.000             120               0
   23         411.511    -131.919           0.000       0.000              23               0
  171         419.782     -34.456           0.000       0.000             171               0
  166        -204.270     166.152           0.000       0.000             166               0
   15        -760.736     286.622           0.000       0.000              15               0
    4         527.998     428.124           0.000       0.000               4               0
  143         308.127     770.763           0.000       0.000             143               0
  189        -519.409    -194.449           0.000       0.000             189               0
   79         237.892     331.259           0.000       0.000              79               0
  214        -583.064     811.736           0.000       0.000             214               0
  163         468.622    -879.842           0.000       0.000             163               0
   21        -306.466    -700.045           0.000       0.000              21               0
  211         493.985     436.914           0.000       0.000             211               0
  136        -962.797    -650.259           0.000       0.000             136               0
  147         369.489    -281.113           0.000       0.000             147               0
  248       -1476.377     -41.602           0.000       0.000             248               0
   36       -1060.256     402.765           0.000       0.000              36               0
   28        -438.558    -109.530           0.000       0.000              28               0
    5        -612.870   -1041.969           0.000       0.000               5               0
  165        -791.910    -624.053           0.000       0.000             165               0
  243         244.999    -146.048           0.000       0.000             243               0
   56        -651.196   -1180.301           0.000       0.000              56               0
  212         823.732    -132.293           0.000       0.000             212               0
   59         788.757    1179.422           0.000       0.000              59               0
  161         677.453      53.296           0.000       0.000             161               0
   26        -779.393    -420.546           0.000       0.000              26               0
    4        -372.299    -390.673           0.000       0.000               4               0
   78         625.391    -427.183           0.000       0.000              78               0
  168         568.543     808.276           0.000       0.000             168               0
  240         277.192    -707.616           0.000       0.000             240               0
   97         -77.701     298.461           0.000       0.000              97               0
   33           4.649    1563.518           0.000       0.000              33               0
    8         -84.536    -824.956           0.000       0.000               8               0
   13        1210.686    -421.674           0.000       0.000              13               0
  199         473.194   -1112.659           0.000       0.000             199               0
   24        -475.826     702.129           0.000       0.000              24               0
   17        -989.702    -442.697           0.000       0.000              17               0
   87        -141.738    -234.208           0.000       0.000              87               0
  213         482.960    -710.926           0.000       0.000             213               0
   96         684.365    -150.550           0.000       0.000              96               0
   45         526.590     -74.701           0.000       0.000              45               0
  121         201.965    -833.232           0.000       0.000             121               0
  117         580.721     764.663           0.000       0.000             117               0
    1        -105.546     226.086           0.000       0.000               1               0
    2        1045.033      61.578           0.000       0.000               2               0
    9         173.862     183.222           0.000       0.000               9               0
  249        1320.771     201.410           0.000       0.000             249               0
   38         735.806   -1528.370           0.000       0.000              38               0
   38        -257.114     188.540           0.000       0.000              38               0
  255        -304.254     242.639           0.000       0.000             255               0
  203       -1032.360     537.871           0.000       0.000             203               0
