SINAL     NFT                         FFT                         NFT INVERSA     FFT INVERSA
-----     -----------------------     -----------------------     -----------     -----------
  249       17447.000       0.000           0.000       0.000             249               0
   10        -489.470    -155.935           0.000       0.000              10               0
   58         500.653     711.503           0.000       0.000              58               0
  170       -1096.845     767.079           0.000       0.000             170               0
  210          71.418    -444.644           0.000       0.000             210               0
   66         166.519     122.730           0.000       0.000              66               0
  204        -691.763   -1128.381           0.000       0.000             204               0
   83        1378.697    -466.711           0.000       0.000              83               0
  192        -392.279    -413.826           0.000       0.000             192               0
  216        -924.482     867.978           0.000       0.000             216               0
   32       -1291.603     121.296           0.000       0.000              32               0
  153         488.010    -402.744           0.000       0.000             153               0
   86         693.690    -107.997           0.000       0.000              86               0
    0        -202.494     -97.916           0.000       0.000               0               0
   86         510.918    -157.202           0.000       0.000              86               0
  162        -484.185    1778.403           0.000       0.000             162               0
   80         388.908    -204.655           0.000       0.000              80               0
  136         427.251     381.017           0.000       0.000             136               0
   71        -105.267    -457.693           0.000       0.000              71               0
  121       -1070.053     221.938           0.000       0.000             121               0
   58        -402.408    -173.062           0.000       0.000              58               0
  253        -456.575    -479.017           0.000       0.000             253               0
  167        -198.159     749.349           0.000       0.000             167               0
  244         559.089     192.596           0.000       0.000             244               0
  240         -97.698    -970.840           0.000       0.000             240               0
   97           7.079     562.759           0.000       0.000              97               0
   82         180.811     452.975           0.000       0.000              82               0
   87         724.046     177.504           0.000       0.000              87               0
   40        -388.043    -854.099           0.000       0.000              40               0
  183         288.667     684.485           0.000       0.000             183               0
  161         445.334     422.070           0.000       0.000             161               0
   33         687.367     -97.391           0.000       0.000              33               0
  194         281.001     -65.996           0.000       0.000             194               0
  220         352.011     916.410           0.000       0.000             220               0
  203        1002.407    -300.507           0.000       0.000             203               0
  148        -394.529     836.438           0.000       0.000             148               0
   31         117.955    -710.657           0.000       0.000              31               0
  151         533.873    -459.737           0.000       0.000             151               0
  232        -111.546     432.361           0.000       0.000             232               0
  224        -144.120     130.164           0.000       0.000             224               0
  112          73.471    -792.884           0.000       0.000             112               0
    8         265.757     123.323           0.000       0.000               8               0
  121        1100.106     990.603           0.000       0.000             121               0
  198         786.515     142.848           0.000       0.000             198               0
    9         680.788      29.865           0.000       0.000               9               0
  208         937.590    -835.187           0.000       0.000             208               0
  105          67.411     472.383           0.000       0.000             105               0
   89        -132.404     178.598           0.000       0.000              89               0
   89          89.085      -4.676           0.000       0.000              89               0
  177         -43.379   -1625.295           0.000       0.000             177               0
  210        -475.685    -236.890           0.000       0.000             210               0
  147         406.836     351.699           0.000       0.000             147               0
  174        -569.054     184.499           0.000       0.000             174               0
  122        -160.475     142.971           0.000       0.000             122               0
  135         -89.841     295.771           0.000       0.000             135               0
  158          15.014    -703.445           0.000       0.000             158               0
  219         820.553      36.166           0.000       0.000             219               0
  218          49.828     887.884           0.000       0.000             218               0
  245        -700.303    -409.989           0.000       0.000             245               0
    3         537.512     727.127           0.000       0.000               3               0
  146         635.721    -707.584           0.000       0.000             146               0
  151         967.475     -68.240           0.000       0.000             151               0
   36         528.478     -39.044           0.000       0.000              36               0
   85         275.858    -785.954           0.000       0.000              85               0
  116         563.000       0.036           0.000       0.000             116               0
  240         275.793     785.971           0.000       0.000             240               0
  234         528.484      39.059           0.000       0.000             234               0
  147         967.457      68.303           0.000       0.000             147               0
  136         635.624     707.592           0.000       0.000             136               0
  210         537.516    -727.122           0.000       0.000             210               0
  116        -700.369     409.898           0.000       0.000             116               0
  248          49.913    -887.903           0.000       0.000             248               0
  219         820.541     -36.084           0.000       0.000             219               0
  237          14.918     703.426           0.000       0.000             237               0
  191         -89.842    -295.815           0.000       0.000             191               0
  229        -160.482    -143.003           0.000       0.000             229               0
  189        -569.031    -184.558           0.000       0.000             189               0
   40         406.872    -351.655           0.000       0.000              40               0
   63        -475.700     236.881           0.000       0.000              63               0
   23         -43.488    1625.265           0.000       0.000              23               0
  217          89.108       4.612           0.000       0.000             217               0
   18        -132.357    -178.658           0.000       0.000              18               0
  170          67.506    -472.393           0.000       0.000             170               0
  136         937.563     835.238           0.000       0.000             136               0
  140         680.808     -29.867           0.000       0.000             140               0
   50         786.535    -142.839           0.000       0.000              50               0
   39        1100.165    -990.534           0.000       0.000              39               0
  104         265.725    -123.285           0.000       0.000             104               0
   13          73.374     792.873           0.000       0.000              13               0
   28        -144.123    -130.221           0.000       0.000              28               0
  108        -111.499    -432.385           0.000       0.000             108               0
  159         533.839     459.772           0.000       0.000             159               0
  180         117.886     710.609           0.000       0.000             180               0
  145        -394.435    -836.523           0.000       0.000             145               0
  245        1002.404     300.552           0.000       0.000             245               0
   41         352.080    -916.411           0.000       0.000              41               0
  129         280.997      66.013           0.000       0.000             129               0
  223         687.351      97.418           0.000       0.000             223               0
  189         445.344    -422.064           0.000       0.000             189               0
   10         288.692    -684.454           0.000       0.000              10               0
  178        -388.122     854.059           0.000       0.000             178               0
   49         724.056    -177.488           0.000       0.000              49               0
    2         180.820    -452.985           0.000       0.000               2               0
  142           7.103    -562.746           0.000       0.000             142               0
   31         -97.788     970.822           0.000       0.000              31               0
  193         559.082    -192.598           0.000       0.000             193               0
  115        -198.137    -749.373           0.000       0.000             115               0
  220        -456.638     478.980           0.000       0.000             220               0
  234        -402.433     172.999           0.000       0.000             234               0
  179       -1070.009    -222.050           0.000       0.000             179               0
  244        -105.246     457.651           0.000       0.000             244               0
  196         427.323    -381.023           0.000       0.000             196               0
  197         388.899     204.633           0.000       0.000             197               0
  158        -484.014   -1778.456           0.000       0.000             158               0
   76         510.933     157.279           0.000       0.000              76               0
   81        -202.477      97.907           0.000       0.000              81               0
  208         693.701     108.056           0.000       0.000             208               0
  115         487.946     402.767           0.000       0.000             115               0
  186       -1291.601    -121.437           0.000       0.000             186               0
  222        -924.344    -868.048           0.000       0.000             222               0
  144        -392.205     413.823           0.000       0.000             144               0
   38        1378.723     466.835           0.000       0.000              38               0
  126        -691.811    1128.290           0.000       0.000             126               0
   69         166.616    -122.769           0.000       0.000              69               0
  183          71.464     444.592           0.000       0.000             183               0
  115       -1096.626    -767.224           0.000       0.000             115               0
  110         500.953    -711.465           0.000       0.000             110               0
   56        -489.027     155.900           0.000       0.000              56               0
