SINAL     NFT                         FFT                         NFT INVERSA     FFT INVERSA
-----     -----------------------     -----------------------     -----------     -----------
  174       17185.000       0.000           0.000       0.000             174               0
  194         908.204      77.230           0.000       0.000             194               0
  203         261.971    -421.532           0.000       0.000             203               0
  236        -237.374      60.307           0.000       0.000             236               0
  199         248.559    -956.782           0.000       0.000             199               0
   88       -1106.368    -336.566           0.000       0.000              88               0
  246         552.460    -360.631           0.000       0.000             246               0
  117        -618.015    -286.152           0.000       0.000             117               0
  109         315.272   -1006.335           0.000       0.000             109               0
  227         383.445     152.056           0.000       0.000             227               0
  110          47.420     206.622           0.000       0.000             110               0
  200         524.677    -819.824           0.000       0.000             200               0
  190         545.177    -528.605           0.000       0.000             190               0
  239        -142.294    -187.807           0.000       0.000             239               0
   95        -855.600    -424.950           0.000       0.000              95               0
  218         365.115      52.426           0.000       0.000             218               0
  173        -282.916    -747.109           0.000       0.000             173               0
    0        -839.487     -17.783           0.000       0.000               0               0
  168        1123.090    -292.192           0.000       0.000             168               0
   79        -525.642    -235.725           0.000       0.000              79               0
  231        -382.995    -588.669           0.000       0.000             231               0
   57        1023.029    -626.698           0.000       0.000              57               0
  216        1156.561    -819.565           0.000       0.000             216               0
    2        -272.389     494.401           0.000       0.000               2               0
  244          20.599    1100.893           0.000       0.000             244               0
  203           7.576     127.621           0.000       0.000             203               0
   48        1018.189      96.161           0.000       0.000              48               0
  172       -1191.009    -330.064           0.000       0.000             172               0
   31          71.446      96.113           0.000       0.000              31               0
   67        -221.224     -14.140           0.000       0.000              67               0
  162         168.271     -84.876           0.000       0.000             162               0
  205         131.696    1126.536           0.000       0.000             205               0
    5        -612.994    -424.022           0.000       0.000               5               0
  109        -143.345     219.065           0.000       0.000             109               0
  186         515.134    -813.988           0.000       0.000             186               0
  205          88.295    -260.756           0.000       0.000             205               0
  198         -53.930     623.661           0.000       0.000             198               0
  177         112.235     334.129           0.000       0.000             177               0
   66         269.868     612.005           0.000       0.000              66               0
   51        -344.677     -21.895           0.000       0.000              51               0
  149        -316.478    1148.684           0.000       0.000             149               0
  177         391.499     174.945           0.000       0.000             177               0
  252        1074.569     124.806           0.000       0.000             252               0
   83          18.973    -265.412           0.000       0.000              83               0
  160       -1088.257    -771.031           0.000       0.000             160               0
   92        -387.786    -510.502           0.000       0.000              92               0
   46          85.590    -256.614           0.000       0.000              46               0
   77         300.295   -1040.257           0.000       0.000              77               0
   92          98.922    -189.099           0.000       0.000              92               0
  214        -140.458    -590.266           0.000       0.000             214               0
  156          82.935    -687.459           0.000       0.000             156               0
   68         517.341     388.394           0.000       0.000              68               0
   15         310.773    -346.611           0.000       0.000              15               0
  117         697.202      24.753           0.000       0.000             117               0
   71       -1413.277     758.352           0.000       0.000              71               0
    4        -691.587      30.192           0.000       0.000               4               0
   65        -127.418     221.480           0.000       0.000              65               0
  119        1242.131    1419.405           0.000       0.000             119               0
  176         972.543     205.748           0.000       0.000             176               0
   97          20.267    -490.634           0.000       0.000              97               0
  186        -298.779    -176.948           0.000       0.000             186               0
   83        -145.910     451.504           0.000       0.000              83               0
   46        -259.814     642.336           0.000       0.000              46               0
  192        -300.555     503.283           0.000       0.000             192               0
  192        -255.000      -0.044           0.000       0.000             192               0
  233        -300.507    -503.362           0.000       0.000             233               0
  142        -259.745    -642.383           0.000       0.000             142               0
  135        -145.853    -451.514           0.000       0.000             135               0
  154        -298.761     176.926           0.000       0.000             154               0
  208          20.278     490.602           0.000       0.000             208               0
  187         972.594    -205.729           0.000       0.000             187               0
   47        1242.216   -1419.318           0.000       0.000              47               0
  130        -127.463    -221.467           0.000       0.000             130               0
  183        -691.621     -30.248           0.000       0.000             183               0
  131       -1413.176    -758.453           0.000       0.000             131               0
   34         697.261     -24.655           0.000       0.000              34               0
   19         310.762     346.656           0.000       0.000              19               0
  177         517.373    -388.321           0.000       0.000             177               0
  112          82.864     687.500           0.000       0.000             112               0
  112        -140.508     590.258           0.000       0.000             112               0
  135          98.913     189.114           0.000       0.000             135               0
   13         300.202    1040.272           0.000       0.000              13               0
  181          85.546     256.591           0.000       0.000             181               0
  151        -387.849     510.445           0.000       0.000             151               0
  131       -1088.294     770.892           0.000       0.000             131               0
  252          19.019     265.343           0.000       0.000             252               0
  156        1074.607    -124.784           0.000       0.000             156               0
  196         391.493    -174.980           0.000       0.000             196               0
  115        -316.396   -1148.743           0.000       0.000             115               0
   77        -344.661      21.853           0.000       0.000              77               0
   37         269.940    -612.000           0.000       0.000              37               0
   46         112.270    -334.121           0.000       0.000              46               0
  160         -53.867    -623.645           0.000       0.000             160               0
   84          88.291     260.795           0.000       0.000              84               0
  239         515.065     814.019           0.000       0.000             239               0
   97        -143.344    -219.105           0.000       0.000              97               0
   61        -613.017     423.933           0.000       0.000              61               0
  125         131.819   -1126.544           0.000       0.000             125               0
  232         168.275      84.905           0.000       0.000             232               0
  216        -221.215      14.121           0.000       0.000             216               0
   78          71.461     -96.106           0.000       0.000              78               0
  163       -1190.987     329.955           0.000       0.000             163               0
    8        1018.254     -96.098           0.000       0.000               8               0
  208           7.604    -127.646           0.000       0.000             208               0
   91          20.720   -1100.885           0.000       0.000              91               0
  139        -272.291    -494.360           0.000       0.000             139               0
  243        1156.540     819.714           0.000       0.000             243               0
  111        1022.957     626.797           0.000       0.000             111               0
   61        -383.069     588.630           0.000       0.000              61               0
  100        -525.632     235.669           0.000       0.000             100               0
  224        1123.071     292.275           0.000       0.000             224               0
  197        -839.497      17.712           0.000       0.000             197               0
  113        -282.939     747.075           0.000       0.000             113               0
  149         365.142     -52.412           0.000       0.000             149               0
   92        -855.600     424.871           0.000       0.000              92               0
  244        -142.232     187.787           0.000       0.000             244               0
  146         545.201     528.642           0.000       0.000             146               0
  248         524.649     819.829           0.000       0.000             248               0
  185          47.478    -206.659           0.000       0.000             185               0
    6         383.502    -152.023           0.000       0.000               6               0
   69         315.216    1006.349           0.000       0.000              69               0
  222        -617.983     286.062           0.000       0.000             222               0
   52         552.493     360.644           0.000       0.000              52               0
  230       -1106.304     336.444           0.000       0.000             230               0
   50         248.624     956.748           0.000       0.000              50               0
   36        -237.189     -60.393           0.000       0.000              36               0
   71         262.205     421.492           0.000       0.000              71               0
  112         908.677     -77.221           0.000       0.000             112               0
