SINAL     NFT                         FFT                         NFT INVERSA     FFT INVERSA
-----     -----------------------     -----------------------     -----------     -----------
   97       15312.000       0.000           0.000       0.000              97               0
  139       -1438.691     630.365           0.000       0.000             139               0
   46         -44.205    -527.519           0.000       0.000              46               0
  108        -251.057     202.830           0.000       0.000             108               0
  167         228.270     214.151           0.000       0.000             167               0
  105         752.389   -1164.145           0.000       0.000             105               0
  163         200.468     -20.317           0.000       0.000             163               0
  191         389.128    -602.590           0.000       0.000             191               0
   93        -255.431      46.941           0.000       0.000              93               0
  113        -684.578    -416.356           0.000       0.000             113               0
   85        -336.438    -420.917           0.000       0.000              85               0
   60        -634.294    -495.247           0.000       0.000              60               0
   30         152.301     582.698           0.000       0.000              30               0
   20         581.487    1218.173           0.000       0.000              20               0
   26         936.062    -735.550           0.000       0.000              26               0
   19        -900.499     240.062           0.000       0.000              19               0
  188         -85.386     789.280           0.000       0.000             188               0
   64        1669.157    -571.134           0.000       0.000              64               0
  199         300.160     349.919           0.000       0.000             199               0
   45        -701.953     846.790           0.000       0.000              45               0
   57        -529.609     686.378           0.000       0.000              57               0
  247        -684.519    -459.155           0.000       0.000             247               0
  167         522.988    -412.868           0.000       0.000             167               0
   34        -252.477     631.100           0.000       0.000              34               0
    9         175.031      37.419           0.000       0.000               9               0
  217         416.461    -995.937           0.000       0.000             217               0
   60        -173.189    -531.306           0.000       0.000              60               0
  116         650.874    -230.051           0.000       0.000             116               0
   93        -254.510     479.302           0.000       0.000              93               0
  230        -398.007    1352.014           0.000       0.000             230               0
  216        1061.424    -658.257           0.000       0.000             216               0
  191         195.392     528.217           0.000       0.000             191               0
  114        -440.998    -605.012           0.000       0.000             114               0
    7        -417.657    1031.367           0.000       0.000               7               0
   44        -897.117    -561.735           0.000       0.000              44               0
   25         393.310     461.777           0.000       0.000              25               0
  112         977.640    -630.617           0.000       0.000             112               0
  207        -418.189    -231.440           0.000       0.000             207               0
  217         558.927    -369.363           0.000       0.000             217               0
  205        -350.463      41.082           0.000       0.000             205               0
   64        -464.688     311.253           0.000       0.000              64               0
   46        1290.688    -986.213           0.000       0.000              46               0
    9         556.099     287.208           0.000       0.000               9               0
   95        -226.824    -273.661           0.000       0.000              95               0
   67        -220.106    -733.012           0.000       0.000              67               0
   36        -175.380     540.891           0.000       0.000              36               0
  115        -496.521    -440.027           0.000       0.000             115               0
  255         310.869     549.400           0.000       0.000             255               0
  100        -188.611    -394.722           0.000       0.000             100               0
   58         748.719     583.196           0.000       0.000              58               0
   44        -858.078     273.021           0.000       0.000              44               0
  158        -758.362     -83.151           0.000       0.000             158               0
   50        -899.601    -576.117           0.000       0.000              50               0
  212         629.647    -465.411           0.000       0.000             212               0
  192        -632.523     452.478           0.000       0.000             192               0
   59         222.947     793.399           0.000       0.000              59               0
  173         -22.919     140.768           0.000       0.000             173               0
  252         436.595    -532.102           0.000       0.000             252               0
  176          65.355    -532.771           0.000       0.000             176               0
   11       -1151.804    -145.756           0.000       0.000              11               0
  226         385.651    -155.124           0.000       0.000             226               0
  136        -463.717     191.093           0.000       0.000             136               0
  203         420.554     359.873           0.000       0.000             203               0
   84        -283.298    -787.135           0.000       0.000              84               0
  144         630.000       0.041           0.000       0.000             144               0
  247        -283.374     787.106           0.000       0.000             247               0
  110         420.571    -359.857           0.000       0.000             110               0
    0        -463.713    -191.124           0.000       0.000              -0               0
  198         385.618     155.168           0.000       0.000             198               0
   71       -1151.818     145.668           0.000       0.000              71               0
  206          65.346     532.773           0.000       0.000             206               0
    7         436.558     532.103           0.000       0.000               7               0
  118         -22.915    -140.819           0.000       0.000             118               0
  216         222.995    -793.397           0.000       0.000             216               0
  103        -632.489    -452.505           0.000       0.000             103               0
  185         629.591     465.487           0.000       0.000             185               0
  252        -899.679     576.028           0.000       0.000             252               0
  218        -758.356      83.054           0.000       0.000             218               0
  184        -858.000    -273.120           0.000       0.000             184               0
   96         748.810    -583.129           0.000       0.000              96               0
   21        -188.631     394.709           0.000       0.000              21               0
  229         310.921    -549.370           0.000       0.000             229               0
  254        -496.551     439.992           0.000       0.000             254               0
   71        -175.309    -540.892           0.000       0.000              71               0
  185        -220.135     733.010           0.000       0.000             185               0
  191        -226.795     273.626           0.000       0.000             191               0
  131         556.176    -287.157           0.000       0.000             131               0
  103        1290.599     986.309           0.000       0.000             103               0
  187        -464.687    -311.321           0.000       0.000             187               0
   51        -350.437     -41.112           0.000       0.000              51               0
  114         558.911     369.406           0.000       0.000             114               0
  158        -418.189     231.391           0.000       0.000             158               0
  188         977.599     630.662           0.000       0.000             188               0
   61         393.307    -461.777           0.000       0.000              61               0
  243        -897.185     561.623           0.000       0.000             243               0
   77        -417.550   -1031.423           0.000       0.000              77               0
   53        -441.006     604.965           0.000       0.000              53               0
   98         195.491    -528.221           0.000       0.000              98               0
   78        1061.377     658.310           0.000       0.000              78               0
  252        -397.903   -1352.074           0.000       0.000             252               0
  169        -254.440    -479.287           0.000       0.000             169               0
   28         650.873     230.143           0.000       0.000              28               0
    3        -173.225     531.310           0.000       0.000               3               0
   31         416.389     995.944           0.000       0.000              31               0
  244         175.029     -37.459           0.000       0.000             244               0
  107        -252.418    -631.139           0.000       0.000             107               0
  217         522.946     412.905           0.000       0.000             217               0
  241        -684.569     459.048           0.000       0.000             241               0
   69        -529.527    -686.475           0.000       0.000              69               0
  145        -701.820    -846.857           0.000       0.000             145               0
   81         300.276    -349.873           0.000       0.000              81               0
   91        1669.130     571.265           0.000       0.000              91               0
  119         -85.348    -789.301           0.000       0.000             119               0
   80        -900.444    -240.116           0.000       0.000              80               0
  162         936.048     735.611           0.000       0.000             162               0
   49         581.586   -1218.139           0.000       0.000              49               0
   15         152.329    -582.635           0.000       0.000              15               0
   38        -634.337     495.240           0.000       0.000              38               0
  152        -336.448     420.905           0.000       0.000             152               0
  203        -684.562     416.298           0.000       0.000             203               0
   90        -255.345     -46.958           0.000       0.000              90               0
   11         389.158     602.624           0.000       0.000              11               0
  106         200.542      20.334           0.000       0.000             106               0
   22         752.357    1164.182           0.000       0.000              22               0
   73         228.343    -214.182           0.000       0.000              73               0
   93        -250.949    -202.869           0.000       0.000              93               0
  100         -44.097     527.484           0.000       0.000             100               0
  126       -1438.250    -630.513           0.000       0.000             126               0
