SINAL     NFT                         FFT                         NFT INVERSA     FFT INVERSA
-----     -----------------------     -----------------------     -----------     -----------
  113       15670.000       0.000           0.000       0.000             113               0
  101        1570.734    -540.345           0.000       0.000             101               0
  148         250.007    -333.101           0.000       0.000             148               0
  165       -1009.571    -830.183           0.000       0.000             165               0
  221         257.348   -1240.842           0.000       0.000             221               0
  205        -717.255     654.963           0.000       0.000             205               0
  172         396.143    1050.587           0.000       0.000             172               0
   32         949.257    -305.065           0.000       0.000              32               0
  221        -314.069     337.717           0.000       0.000             221               0
  162        -169.230      76.836           0.000       0.000             162               0
   44       -1205.588    -475.123           0.000       0.000              44               0
  201        -554.943    -321.216           0.000       0.000             201               0
  183          40.728   -1164.914           0.000       0.000             183               0
  188        -647.998     -17.632           0.000       0.000             188               0
  246         327.516    -441.135           0.000       0.000             246               0
  190          45.544    -329.662           0.000       0.000             190               0
  164        -506.355     495.143           0.000       0.000             164               0
  215        -152.910     -22.081           0.000       0.000             215               0
  188        -268.708     787.382           0.000       0.000             188               0
  241        -611.397    -851.137           0.000       0.000             241               0
  175         204.951    -325.745           0.000       0.000             175               0
  218         905.967     552.826           0.000       0.000             218               0
   48        -542.892    -764.762           0.000       0.000              48               0
  110         512.926     203.556           0.000       0.000             110               0
  216        -351.057    -138.114           0.000       0.000             216               0
   87         251.185    1213.732           0.000       0.000              87               0
   30        -450.238     211.958           0.000       0.000              30               0
   50         710.426    -158.806           0.000       0.000              50               0
  170         113.656       7.455           0.000       0.000             170               0
   30         -79.132    -513.707           0.000       0.000              30               0
  138         933.641     362.153           0.000       0.000             138               0
   27         355.615     202.094           0.000       0.000              27               0
  131        1242.978     427.025           0.000       0.000             131               0
   30         -58.006     451.298           0.000       0.000              30               0
  193        -408.821     -35.166           0.000       0.000             193               0
   97        -957.526    -154.308           0.000       0.000              97               0
  236          73.193     622.728           0.000       0.000             236               0
  109        -272.171    -677.583           0.000       0.000             109               0
  129         125.732    -188.889           0.000       0.000             129               0
  202       -1129.247     249.304           0.000       0.000             202               0
   15        -401.939    -230.487           0.000       0.000              15               0
  173        -826.025      82.817           0.000       0.000             173               0
  148         641.614     905.706           0.000       0.000             148               0
  198         -56.973    -350.729           0.000       0.000             198               0
  106         339.657     -12.913           0.000       0.000             106               0
  139         791.929     119.214           0.000       0.000             139               0
  133         492.661    1142.502           0.000       0.000             133               0
   14        -341.899      62.696           0.000       0.000              14               0
   98        -377.650    -326.888           0.000       0.000              98               0
   66        -389.469    -582.896           0.000       0.000              66               0
    0         484.360    -789.384           0.000       0.000              -0               0
   18        -466.709      75.139           0.000       0.000              18               0
   28        -753.981     634.448           0.000       0.000              28               0
   48        -992.809     -77.682           0.000       0.000              48               0
  128        -205.628   -1665.906           0.000       0.000             128               0
  245         689.696     102.874           0.000       0.000             245               0
  136         995.040     557.396           0.000       0.000             136               0
  159        -756.804    -562.998           0.000       0.000             159               0
   39        -578.325     264.769           0.000       0.000              39               0
   50         439.709     277.867           0.000       0.000              50               0
  189         948.422     309.020           0.000       0.000             189               0
  177        -252.874   -1210.627           0.000       0.000             177               0
   78         680.552     -29.406           0.000       0.000              78               0
   64         179.994     529.818           0.000       0.000              64               0
  208         508.000       0.012           0.000       0.000             208               0
   15         180.036    -529.797           0.000       0.000              15               0
  161         680.535      29.497           0.000       0.000             161               0
  188        -252.983    1210.595           0.000       0.000             188               0
  124         948.437    -308.981           0.000       0.000             124               0
   35         439.677    -277.841           0.000       0.000              35               0
  135        -578.346    -264.807           0.000       0.000             135               0
  140        -756.834     562.931           0.000       0.000             140               0
  209         995.100    -557.315           0.000       0.000             209               0
   27         689.654    -102.773           0.000       0.000              27               0
   83        -205.837    1665.883           0.000       0.000              83               0
   59        -992.852      77.538           0.000       0.000              59               0
  166        -753.921    -634.533           0.000       0.000             166               0
  216        -466.670     -75.161           0.000       0.000             216               0
   74         484.306     789.425           0.000       0.000              74               0
    9        -389.523     582.827           0.000       0.000               9               0
   26        -377.659     326.799           0.000       0.000              26               0
   74        -341.852     -62.794           0.000       0.000              74               0
   27         492.799   -1142.491           0.000       0.000              27               0
   55         791.943    -119.142           0.000       0.000              55               0
  123         339.633      12.938           0.000       0.000             123               0
  155         -57.019     350.693           0.000       0.000             155               0
   44         641.650    -905.671           0.000       0.000              44               0
    3        -826.061     -82.872           0.000       0.000               3               0
   58        -401.973     230.450           0.000       0.000              58               0
   83       -1129.207    -249.402           0.000       0.000              83               0
   54         125.750     188.905           0.000       0.000              54               0
  247        -272.209     677.530           0.000       0.000             247               0
    5          73.253    -622.752           0.000       0.000               5               0
  132        -957.515     154.216           0.000       0.000             132               0
   56        -408.758      35.101           0.000       0.000              56               0
  213         -57.883    -451.329           0.000       0.000             213               0
  148        1243.066    -426.926           0.000       0.000             148               0
  217         355.650    -202.061           0.000       0.000             217               0
  146         933.669    -362.059           0.000       0.000             146               0
   17         -79.187     513.706           0.000       0.000              17               0
  253         113.668      -7.461           0.000       0.000             253               0
   25         710.401     158.842           0.000       0.000              25               0
  157        -450.231    -212.033           0.000       0.000             157               0
  206         251.290   -1213.705           0.000       0.000             206               0
   53        -351.058     138.118           0.000       0.000              53               0
  241         512.950    -203.486           0.000       0.000             241               0
   10        -542.941     764.720           0.000       0.000              10               0
  220         906.025    -552.751           0.000       0.000             220               0
  202         204.891     325.784           0.000       0.000             202               0
   84        -611.484     851.061           0.000       0.000              84               0
  229        -268.632    -787.428           0.000       0.000             229               0
  229        -152.901      22.074           0.000       0.000             229               0
  159        -506.289    -495.166           0.000       0.000             159               0
    1          45.552     329.697           0.000       0.000               1               0
   28         327.487     441.173           0.000       0.000              28               0
   27        -647.987      17.595           0.000       0.000              27               0
  156          40.652    1164.915           0.000       0.000             156               0
   73        -554.955     321.135           0.000       0.000              73               0
   30       -1205.566     474.980           0.000       0.000              30               0
  215        -169.129     -76.897           0.000       0.000             215               0
  157        -313.933    -337.769           0.000       0.000             157               0
   85         949.323     305.110           0.000       0.000              85               0
  207         396.280   -1050.572           0.000       0.000             207               0
  162        -717.118    -654.971           0.000       0.000             162               0
  217         257.359    1240.901           0.000       0.000             217               0
    7       -1009.467     830.073           0.000       0.000               7               0
  120         250.267     333.082           0.000       0.000             120               0
  110        1571.129     540.423           0.000       0.000             110               0
