SINAL     NFT                         FFT                         NFT INVERSA     FFT INVERSA
-----     -----------------------     -----------------------     -----------     -----------
  108       16797.000       0.000           0.000       0.000             108               0
  126        -188.765    1054.998           0.000       0.000             126               0
  239        -277.622      22.948           0.000       0.000             239               0
   21         577.362      53.063           0.000       0.000              21               0
    0        -981.563   -1035.161           0.000       0.000               0               0
  220       -1268.022    -927.052           0.000       0.000             220               0
    9        -548.569     280.381           0.000       0.000               9               0
  182         820.456    -246.578           0.000       0.000             182               0
  240         551.269     593.365           0.000       0.000             240               0
  107         454.429    1152.681           0.000       0.000             107               0
   90         556.512    -460.759           0.000       0.000              90               0
  221       -1004.090   -1047.110           0.000       0.000             221               0
  173         908.521    -386.771           0.000       0.000             173               0
  108         398.669    1028.464           0.000       0.000             108               0
  189         377.807     908.744           0.000       0.000             189               0
  231          -0.257     130.083           0.000       0.000             231               0
  221         548.103    -573.305           0.000       0.000             221               0
   41         762.985     311.455           0.000       0.000              41               0
  226        -214.128    1088.847           0.000       0.000             226               0
   32        -221.952    -342.796           0.000       0.000              32               0
   21        -656.009    -914.044           0.000       0.000              21               0
   52         455.646     201.631           0.000       0.000              52               0
   13        -528.332     -68.212           0.000       0.000              13               0
   32         199.817    -657.955           0.000       0.000              32               0
   69          82.137     140.118           0.000       0.000              69               0
   71        -328.902     244.936           0.000       0.000              71               0
   95        -657.484    -660.749           0.000       0.000              95               0
  140        -723.647    -189.811           0.000       0.000             140               0
  166         185.130      16.984           0.000       0.000             166               0
  110        -827.999   -1082.365           0.000       0.000             110               0
   41         396.511    -732.102           0.000       0.000              41               0
   18        -464.936     763.867           0.000       0.000              18               0
  237         365.006     -39.997           0.000       0.000             237               0
   25         936.431    -709.249           0.000       0.000              25               0
   40         -75.702     333.436           0.000       0.000              40               0
  237         136.198     262.623           0.000       0.000             237               0
  246          55.007     147.746           0.000       0.000             246               0
   49        -545.027    -987.115           0.000       0.000              49               0
  164       -1353.002    -761.848           0.000       0.000             164               0
  230       -1174.911     118.859           0.000       0.000             230               0
  157         508.861     514.818           0.000       0.000             157               0
  254        -963.976     171.958           0.000       0.000             254               0
  195       -1618.558     496.334           0.000       0.000             195               0
   74         967.594     309.148           0.000       0.000              74               0
  106        -421.226    -799.570           0.000       0.000             106               0
  129         340.656     489.641           0.000       0.000             129               0
   49        -416.578     324.726           0.000       0.000              49               0
   72         489.179     815.651           0.000       0.000              72               0
  170         567.899     352.702           0.000       0.000             170               0
   19         693.929     370.976           0.000       0.000              19               0
  104         401.945     400.408           0.000       0.000             104               0
  192         581.841     165.322           0.000       0.000             192               0
   71        -478.733     432.170           0.000       0.000              71               0
  118         306.836     -32.056           0.000       0.000             118               0
  224       -1061.137     628.156           0.000       0.000             224               0
  141        -161.248    -809.754           0.000       0.000             141               0
  190        1309.720     -83.927           0.000       0.000             190               0
   63         -24.322    -547.091           0.000       0.000              63               0
   26         388.340   -1153.254           0.000       0.000              26               0
  100         445.991     248.116           0.000       0.000             100               0
  174        -251.119    -471.884           0.000       0.000             174               0
   67         172.052    -273.794           0.000       0.000              67               0
  119          53.960     463.341           0.000       0.000             119               0
  155        -330.053     511.248           0.000       0.000             155               0
   92         569.000       0.008           0.000       0.000              92               0
  160        -330.018    -511.289           0.000       0.000             160               0
  137          54.009    -463.315           0.000       0.000             137               0
   82         172.032     273.837           0.000       0.000              82               0
  209        -251.144     471.867           0.000       0.000             209               0
   45         446.031    -248.062           0.000       0.000              45               0
   57         388.243    1153.292           0.000       0.000              57               0
  111         -24.358     547.051           0.000       0.000             111               0
   44        1309.691      84.003           0.000       0.000              44               0
  252        -161.378     809.685           0.000       0.000             252               0
  185       -1061.091    -628.303           0.000       0.000             185               0
  151         306.849      32.044           0.000       0.000             151               0
  125        -478.675    -432.246           0.000       0.000             125               0
  235         581.884    -165.302           0.000       0.000             235               0
  223         401.987    -400.402           0.000       0.000             223               0
   40         693.954    -370.938           0.000       0.000              40               0
  255         567.900    -352.674           0.000       0.000             255               0
   71         489.196    -815.611           0.000       0.000              71               0
  232        -416.591    -324.743           0.000       0.000             232               0
   71         340.663    -489.578           0.000       0.000              71               0
  190        -421.322     799.544           0.000       0.000             190               0
  201         967.555    -309.089           0.000       0.000             201               0
  212       -1618.583    -496.467           0.000       0.000             212               0
  124        -963.948    -172.025           0.000       0.000             124               0
    8         508.891    -514.748           0.000       0.000               8               0
  238       -1174.933    -118.905           0.000       0.000             238               0
  225       -1353.036     761.774           0.000       0.000             225               0
  183        -545.043     987.053           0.000       0.000             183               0
   50          55.078    -147.775           0.000       0.000              50               0
   88         136.261    -262.620           0.000       0.000              88               0
   83         -75.629    -333.422           0.000       0.000              83               0
  143         936.394     709.336           0.000       0.000             143               0
  249         364.981      40.008           0.000       0.000             249               0
  220        -464.880    -763.883           0.000       0.000             220               0
  226         396.439     732.178           0.000       0.000             226               0
  202        -828.095    1082.283           0.000       0.000             202               0
   10         185.135     -16.997           0.000       0.000              10               0
   27        -723.664     189.742           0.000       0.000              27               0
   58        -657.507     660.666           0.000       0.000              58               0
   54        -328.831    -244.996           0.000       0.000              54               0
   24          82.195    -140.113           0.000       0.000              24               0
  243         199.786     657.958           0.000       0.000             243               0
  205        -528.304      68.135           0.000       0.000             205               0
  150         455.693    -201.601           0.000       0.000             150               0
  223        -656.058     913.964           0.000       0.000             223               0
  173        -221.922     342.703           0.000       0.000             173               0
  190        -213.960   -1088.910           0.000       0.000             190               0
  222         763.077    -311.385           0.000       0.000             222               0
  245         548.085     573.333           0.000       0.000             245               0
  167          -0.213    -130.134           0.000       0.000             167               0
   37         377.926    -908.741           0.000       0.000              37               0
  179         398.792   -1028.398           0.000       0.000             179               0
  113         908.491     386.898           0.000       0.000             113               0
  249       -1004.152    1047.022           0.000       0.000             249               0
   48         556.538     460.744           0.000       0.000              48               0
  122         454.567   -1152.680           0.000       0.000             122               0
  232         551.351    -593.295           0.000       0.000             232               0
   17         820.432     246.670           0.000       0.000              17               0
   49        -548.555    -280.397           0.000       0.000              49               0
   26       -1268.043     926.970           0.000       0.000              26               0
  106        -981.506    1035.043           0.000       0.000             106               0
  132         577.536     -53.071           0.000       0.000             132               0
  169        -277.405     -23.021           0.000       0.000             169               0
   99        -188.225   -1055.025           0.000       0.000              99               0
