SINAL     NFT                         FFT                         NFT INVERSA     FFT INVERSA
-----     -----------------------     -----------------------     -----------     -----------
   12       16051.000       0.000           0.000       0.000              12               0
   93        -941.668    -365.381           0.000       0.000              93               0
   54        -721.077      -7.971           0.000       0.000              54               0
   39         -94.747    -227.856           0.000       0.000              39               0
   81        -826.552    -373.301           0.000       0.000              81               0
   69        -230.773     850.503           0.000       0.000              69               0
  167        -303.704    -160.677           0.000       0.000             167               0
  140         -58.603     -66.358           0.000       0.000             140               0
  146        -375.318    -187.374           0.000       0.000             146               0
  202        -893.996     573.755           0.000       0.000             202               0
   18          85.003     583.796           0.000       0.000              18               0
   90         -43.763   -1091.099           0.000       0.000              90               0
   94          -7.326    -124.833           0.000       0.000              94               0
  155       -1099.233      22.168           0.000       0.000             155               0
  157         461.286    -304.886           0.000       0.000             157               0
  218          82.790    1918.576           0.000       0.000             218               0
  138         557.541     299.974           0.000       0.000             138               0
  103        1075.623    -653.654           0.000       0.000             103               0
  139           2.368    -218.571           0.000       0.000             139               0
  153        -277.920     671.160           0.000       0.000             153               0
   22        -307.248    -295.873           0.000       0.000              22               0
    9        -253.441     254.525           0.000       0.000               9               0
  232         516.008   -1430.981           0.000       0.000             232               0
  245         149.729    -404.615           0.000       0.000             245               0
  255         198.107     693.707           0.000       0.000             255               0
  154        -179.941       1.761           0.000       0.000             154               0
  133        -634.417     531.645           0.000       0.000             133               0
   73         204.857     544.209           0.000       0.000              73               0
    6        1400.489     166.813           0.000       0.000               6               0
  119        -955.470    -326.341           0.000       0.000             119               0
   96        -426.572     149.594           0.000       0.000              96               0
   19         435.761     372.938           0.000       0.000              19               0
  212       -1104.013     292.969           0.000       0.000             212               0
  150        -240.856    -535.999           0.000       0.000             150               0
   59         158.062     439.911           0.000       0.000              59               0
   38         430.859    -160.971           0.000       0.000              38               0
  219        -353.856    -474.733           0.000       0.000             219               0
  226       -1306.031    -167.997           0.000       0.000             226               0
  178         137.983     753.470           0.000       0.000             178               0
  110       -1333.449     373.530           0.000       0.000             110               0
  173         396.424    -465.114           0.000       0.000             173               0
  197         -55.527    -794.278           0.000       0.000             197               0
  201          62.521     868.361           0.000       0.000             201               0
   11          21.391    -235.314           0.000       0.000              11               0
   96        -943.662    -296.031           0.000       0.000              96               0
  103         209.339   -1265.630           0.000       0.000             103               0
  230        -578.712      60.606           0.000       0.000             230               0
  235         731.694   -1204.853           0.000       0.000             235               0
  206         270.440     351.993           0.000       0.000             206               0
  113        -451.066    -762.710           0.000       0.000             113               0
  132        -124.545    -525.658           0.000       0.000             132               0
  229          84.952     315.399           0.000       0.000             229               0
  123        -196.636     461.458           0.000       0.000             123               0
  109         114.549    -542.840           0.000       0.000             109               0
  218          12.273      49.387           0.000       0.000             218               0
  122        -174.400     522.917           0.000       0.000             122               0
    8         228.786     173.829           0.000       0.000               8               0
   96        -691.527     732.600           0.000       0.000              96               0
  196         750.980    -972.583           0.000       0.000             196               0
   14         319.037     661.219           0.000       0.000              14               0
  215          10.770    -164.404           0.000       0.000             215               0
   36        -122.565    -184.917           0.000       0.000              36               0
   34        -101.394    -897.595           0.000       0.000              34               0
  171         -23.603     670.833           0.000       0.000             171               0
  186         133.000       0.002           0.000       0.000             186               0
   93         -23.551    -670.807           0.000       0.000              93               0
  210        -101.469     897.612           0.000       0.000             210               0
  150        -122.573     184.895           0.000       0.000             150               0
   63          10.772     164.386           0.000       0.000              63               0
  133         319.104    -661.183           0.000       0.000             133               0
    5         750.872     972.639           0.000       0.000               5               0
  236        -691.488    -732.682           0.000       0.000             236               0
   74         228.800    -173.804           0.000       0.000              74               0
  207        -174.364    -522.912           0.000       0.000             207               0
  248          12.276     -49.349           0.000       0.000             248               0
  171         114.494     542.861           0.000       0.000             171               0
   54        -196.605    -461.467           0.000       0.000              54               0
  223          84.972    -315.347           0.000       0.000             223               0
  150        -124.601     525.695           0.000       0.000             150               0
    4        -451.121     762.681           0.000       0.000               4               0
   81         270.487    -351.948           0.000       0.000              81               0
   27         731.568    1204.930           0.000       0.000              27               0
  233        -578.737     -60.651           0.000       0.000             233               0
  204         209.209    1265.638           0.000       0.000             204               0
  136        -943.696     295.907           0.000       0.000             136               0
  195          21.387     235.268           0.000       0.000             195               0
   70          62.592    -868.364           0.000       0.000              70               0
  144         -55.601     794.278           0.000       0.000             144               0
   35         396.347     465.103           0.000       0.000              35               0
   10       -1333.438    -373.686           0.000       0.000              10               0
  159         138.045    -753.460           0.000       0.000             159               0
  251       -1306.036     167.907           0.000       0.000             251               0
   46        -353.841     474.697           0.000       0.000              46               0
  193         430.878     160.978           0.000       0.000             193               0
  167         158.096    -439.909           0.000       0.000             167               0
  233        -240.915     535.964           0.000       0.000             233               0
   30       -1103.962    -293.093           0.000       0.000              30               0
  121         435.826    -372.911           0.000       0.000             121               0
  128        -426.549    -149.626           0.000       0.000             128               0
   94        -955.432     326.250           0.000       0.000              94               0
  255        1400.550    -166.724           0.000       0.000             255               0
  133         204.883    -544.206           0.000       0.000             133               0
   75        -634.369    -531.686           0.000       0.000              75               0
   74        -179.905      -1.762           0.000       0.000              74               0
   84         198.198    -693.657           0.000       0.000              84               0
   68         149.719     404.683           0.000       0.000              68               0
  245         515.892    1431.016           0.000       0.000             245               0
  139        -253.425    -254.583           0.000       0.000             139               0
   35        -307.257     295.820           0.000       0.000              35               0
  140        -277.827    -671.196           0.000       0.000             140               0
  143           2.406     218.580           0.000       0.000             143               0
  116        1075.600     653.711           0.000       0.000             116               0
  168         557.553    -299.992           0.000       0.000             168               0
  121          82.934   -1918.560           0.000       0.000             121               0
   65         461.227     304.977           0.000       0.000              65               0
   48       -1099.243     -22.236           0.000       0.000              48               0
   61          -7.311     124.860           0.000       0.000              61               0
  135         -43.841    1091.078           0.000       0.000             135               0
  193          85.049    -583.826           0.000       0.000             193               0
   97        -893.935    -573.820           0.000       0.000              97               0
  146        -375.286     187.360           0.000       0.000             146               0
   97         -58.563      66.355           0.000       0.000              97               0
   92        -303.671     160.638           0.000       0.000              92               0
  193        -230.648    -850.511           0.000       0.000             193               0
   34        -826.494     373.261           0.000       0.000              34               0
    3         -94.640     227.852           0.000       0.000               3               0
  171        -720.889       7.914           0.000       0.000             171               0
   65        -941.265     365.296           0.000       0.000              65               0
