SINAL     NFT                         FFT                         NFT INVERSA     FFT INVERSA
-----     -----------------------     -----------------------     -----------     -----------
  137       17173.000       0.000           0.000       0.000             137               0
   79        -413.030    -174.677           0.000       0.000              79               0
  193         517.996     937.944           0.000       0.000             193               0
   22        -448.425    -472.077           0.000       0.000              22               0
  212        -338.546     443.164           0.000       0.000             212               0
  201         908.413     239.846           0.000       0.000             201               0
   51        1419.363    -668.177           0.000       0.000              51               0
   35       -1130.833     452.298           0.000       0.000              35               0
  186        1152.851     -27.999           0.000       0.000             186               0
   34        -269.165    -151.451           0.000       0.000              34               0
  205         -68.316     179.334           0.000       0.000             205               0
  113        -289.571     572.149           0.000       0.000             113               0
   46         483.773     232.625           0.000       0.000              46               0
  185         595.567     -23.252           0.000       0.000             185               0
   43         549.168    -184.587           0.000       0.000              43               0
   16        -791.783    -546.129           0.000       0.000              16               0
  247        -219.569     749.044           0.000       0.000             247               0
   40        -710.239     472.613           0.000       0.000              40               0
   38        1430.639     -26.155           0.000       0.000              38               0
  216        -625.305     617.253           0.000       0.000             216               0
  231        -425.979    -398.413           0.000       0.000             231               0
  200         119.366     889.983           0.000       0.000             200               0
  126        -448.716     869.606           0.000       0.000             126               0
  255        -459.757     800.713           0.000       0.000             255               0
   25          84.738    -426.300           0.000       0.000              25               0
    8        -378.771     234.987           0.000       0.000               8               0
  171         266.018    -178.787           0.000       0.000             171               0
  142          96.326    -301.669           0.000       0.000             142               0
  145         310.841    -337.862           0.000       0.000             145               0
  251        -221.231    -119.066           0.000       0.000             251               0
  233         450.808    -267.720           0.000       0.000             233               0
   26        1230.689     297.505           0.000       0.000              26               0
   75        -681.023     609.974           0.000       0.000              75               0
  171         282.248   -1325.527           0.000       0.000             171               0
   48          80.810      14.781           0.000       0.000              48               0
   31         807.315   -1122.597           0.000       0.000              31               0
  117         -83.396    -303.375           0.000       0.000             117               0
   99        -711.900    1122.401           0.000       0.000              99               0
   67         511.063     985.256           0.000       0.000              67               0
   48         538.030    1028.254           0.000       0.000              48               0
  134        -120.310   -1132.421           0.000       0.000             134               0
   17        -698.301    -557.380           0.000       0.000              17               0
  161        -235.015     907.905           0.000       0.000             161               0
  180       -1128.553     624.649           0.000       0.000             180               0
  202       -1603.235     312.020           0.000       0.000             202               0
  204          10.116     282.124           0.000       0.000             204               0
  196        -750.079     239.781           0.000       0.000             196               0
  193        1121.212    1217.024           0.000       0.000             193               0
  245        -188.473     931.016           0.000       0.000             245               0
  235         321.413     225.208           0.000       0.000             235               0
  154         312.156     -78.404           0.000       0.000             154               0
  220        -449.616    -200.332           0.000       0.000             220               0
  180         245.097    -720.402           0.000       0.000             180               0
   25        -635.768     560.126           0.000       0.000              25               0
  220         -31.891     687.271           0.000       0.000             220               0
  206         -44.199     -87.462           0.000       0.000             206               0
   33         -37.272     137.864           0.000       0.000              33               0
  135        -426.883    -216.164           0.000       0.000             135               0
   92         251.947    -155.175           0.000       0.000              92               0
  178          18.208     194.741           0.000       0.000             178               0
  131         315.432     806.128           0.000       0.000             131               0
   70         478.593     360.927           0.000       0.000              70               0
  204          79.943     291.962           0.000       0.000             204               0
  207         -54.353      90.392           0.000       0.000             207               0
  242         621.000      -0.002           0.000       0.000             242               0
  253         -54.356     -90.453           0.000       0.000             253               0
  238          79.973    -292.009           0.000       0.000             238               0
  103         478.621    -360.934           0.000       0.000             103               0
   97         315.479    -806.123           0.000       0.000              97               0
   49          18.203    -194.738           0.000       0.000              49               0
  151         251.906     155.187           0.000       0.000             151               0
  231        -426.922     216.099           0.000       0.000             231               0
   67         -37.266    -137.902           0.000       0.000              67               0
   57         -44.216      87.416           0.000       0.000              57               0
  156         -31.850    -687.308           0.000       0.000             156               0
   13        -635.719    -560.171           0.000       0.000              13               0
    6         245.045     720.417           0.000       0.000               6               0
   97        -449.623     200.248           0.000       0.000              97               0
  207         312.168      78.372           0.000       0.000             207               0
  251         321.425    -225.252           0.000       0.000             251               0
   76        -188.395    -931.088           0.000       0.000              76               0
  106        1121.279   -1216.939           0.000       0.000             106               0
  215        -750.114    -239.834           0.000       0.000             215               0
    1          10.092    -282.128           0.000       0.000               1               0
  131       -1603.236    -312.165           0.000       0.000             131               0
  180       -1128.461    -624.748           0.000       0.000             180               0
  207        -234.892    -907.888           0.000       0.000             207               0
  164        -698.295     557.364           0.000       0.000             164               0
   59        -120.333    1132.372           0.000       0.000              59               0
   44         538.167   -1028.266           0.000       0.000              44               0
   87         511.154    -985.214           0.000       0.000              87               0
  191        -711.786   -1122.405           0.000       0.000             191               0
  115         -83.362     303.445           0.000       0.000             115               0
   36         807.257    1122.687           0.000       0.000              36               0
  142          80.824     -14.771           0.000       0.000             142               0
  101         282.147    1325.522           0.000       0.000             101               0
   33        -680.930    -610.078           0.000       0.000              33               0
  125        1230.753    -297.403           0.000       0.000             125               0
  205         450.772     267.759           0.000       0.000             205               0
  131        -221.242     119.040           0.000       0.000             131               0
  175         310.821     337.873           0.000       0.000             175               0
  101          96.301     301.647           0.000       0.000             101               0
  107         265.994     178.766           0.000       0.000             107               0
  242        -378.755    -235.056           0.000       0.000             242               0
  158          84.705     426.253           0.000       0.000             158               0
    7        -459.687    -800.813           0.000       0.000               7               0
  255        -448.614    -869.666           0.000       0.000             255               0
  164         119.468    -889.956           0.000       0.000             164               0
  105        -425.986     398.383           0.000       0.000             105               0
  206        -625.184    -617.313           0.000       0.000             206               0
  160        1430.669      26.273           0.000       0.000             160               0
  182        -710.199    -472.680           0.000       0.000             182               0
   56        -219.470    -749.034           0.000       0.000              56               0
  120        -791.758     546.089           0.000       0.000             120               0
  183         549.237     184.624           0.000       0.000             183               0
  187         595.615      23.284           0.000       0.000             187               0
   44         483.817    -232.603           0.000       0.000              44               0
  134        -289.491    -572.172           0.000       0.000             134               0
   96         -68.245    -179.320           0.000       0.000              96               0
  103        -269.094     151.439           0.000       0.000             103               0
  179        1152.907      28.091           0.000       0.000             179               0
  183       -1130.711    -452.379           0.000       0.000             183               0
   39        1419.419     668.298           0.000       0.000              39               0
   38         908.482    -239.791           0.000       0.000              38               0
  219        -338.440    -443.186           0.000       0.000             219               0
  181        -448.314     472.032           0.000       0.000             181               0
  139         518.296    -937.899           0.000       0.000             139               0
  253        -412.601     174.670           0.000       0.000             253               0
