SINAL     NFT                         FFT                         NFT INVERSA     FFT INVERSA
-----     -----------------------     -----------------------     -----------     -----------
   24       17922.000       0.000           0.000       0.000              24               0
  249         122.609    -336.433           0.000       0.000             249               0
  254         900.384    -201.054           0.000       0.000             254               0
    3        -723.383     403.809           0.000       0.000               3               0
  137         253.723    -571.851           0.000       0.000             137               0
    4       -1060.641     -18.402           0.000       0.000               4               0
  229        -217.192    -777.180           0.000       0.000             229               0
  236        -291.023     194.960           0.000       0.000             236               0
  150          83.012     131.000           0.000       0.000             150               0
  203        -399.385     151.645           0.000       0.000             203               0
  248         287.578     459.355           0.000       0.000             248               0
  195        -441.735    -869.351           0.000       0.000             195               0
  175        1273.424     469.400           0.000       0.000             175               0
   51         505.287     387.949           0.000       0.000              51               0
   82        -640.553     610.985           0.000       0.000              82               0
  239         569.099    -327.043           0.000       0.000             239               0
  240         -28.525      94.773           0.000       0.000             240               0
  150         531.810   -1031.094           0.000       0.000             150               0
   53         626.850   -1584.334           0.000       0.000              53               0
   75         141.041      23.005           0.000       0.000              75               0
  123        -282.461    -379.847           0.000       0.000             123               0
  217         277.637    -477.923           0.000       0.000             217               0
   26         177.572     193.359           0.000       0.000              26               0
  241         600.994     231.767           0.000       0.000             241               0
  108         385.034     387.189           0.000       0.000             108               0
  163         252.043   -1222.815           0.000       0.000             163               0
   92         574.205    -145.933           0.000       0.000              92               0
  177        -402.831    -269.784           0.000       0.000             177               0
   83        -894.636    -310.162           0.000       0.000              83               0
  125        -659.792    -621.646           0.000       0.000             125               0
  243        -795.849    1093.855           0.000       0.000             243               0
  107         437.887     129.735           0.000       0.000             107               0
  118        -983.011     142.978           0.000       0.000             118               0
  242        -515.676     -39.167           0.000       0.000             242               0
  111         157.948    -741.116           0.000       0.000             111               0
    0         388.703    -710.503           0.000       0.000              -0               0
  246         103.458     577.263           0.000       0.000             246               0
   85        -373.682     514.594           0.000       0.000              85               0
  236         147.279    -141.307           0.000       0.000             236               0
  141         743.058     815.663           0.000       0.000             141               0
   32        -579.361    -967.147           0.000       0.000              32               0
  229        -279.099     189.494           0.000       0.000             229               0
   81         475.697    1405.643           0.000       0.000              81               0
  207         -70.733    -927.912           0.000       0.000             207               0
   25         460.978     770.520           0.000       0.000              25               0
  163       -1344.348    -110.282           0.000       0.000             163               0
  191       -1169.114     721.024           0.000       0.000             191               0
    9        -147.231    -522.509           0.000       0.000               9               0
   58        -581.509     398.778           0.000       0.000              58               0
  244       -1675.208    1268.930           0.000       0.000             244               0
   84         -31.193     713.437           0.000       0.000              84               0
  181        -917.460    -805.163           0.000       0.000             181               0
  206       -1268.125     589.935           0.000       0.000             206               0
  111        -289.646    -220.807           0.000       0.000             111               0
  167         149.351     319.420           0.000       0.000             167               0
   59        -526.316     791.705           0.000       0.000              59               0
   18        -452.713     704.633           0.000       0.000              18               0
    3        -464.020    -860.781           0.000       0.000               3               0
  237        -325.281   -1328.435           0.000       0.000             237               0
  102         287.159    1483.712           0.000       0.000             102               0
  129         585.518     677.799           0.000       0.000             129               0
  224          -0.004     365.446           0.000       0.000             224               0
  210         546.253     -34.643           0.000       0.000             210               0
  248        -227.259      88.776           0.000       0.000             248               0
  210        -824.000      -0.053           0.000       0.000             210               0
   66        -227.217     -88.829           0.000       0.000              66               0
  248         546.266      34.648           0.000       0.000             248               0
  200           0.026    -365.491           0.000       0.000             200               0
  151         585.561    -677.780           0.000       0.000             151               0
  229         287.237   -1483.647           0.000       0.000             229               0
   86        -325.441    1328.449           0.000       0.000              86               0
  183        -464.124     860.688           0.000       0.000             183               0
  202        -452.675    -704.733           0.000       0.000             202               0
  168        -526.257    -791.763           0.000       0.000             168               0
  135         149.359    -319.397           0.000       0.000             135               0
  227        -289.714     220.775           0.000       0.000             227               0
   76       -1268.104    -590.042           0.000       0.000              76               0
   70        -917.514     805.062           0.000       0.000              70               0
  237         -31.142    -713.493           0.000       0.000             237               0
  135       -1675.096   -1269.069           0.000       0.000             135               0
   59        -581.428    -398.785           0.000       0.000              59               0
   65        -147.254     522.505           0.000       0.000              65               0
   60       -1169.032    -721.122           0.000       0.000              60               0
   10       -1344.273     110.178           0.000       0.000              10               0
  177         461.129    -770.460           0.000       0.000             177               0
  228         -70.756     927.902           0.000       0.000             228               0
   70         475.849   -1405.606           0.000       0.000              70               0
  195        -279.065    -189.461           0.000       0.000             195               0
  231        -579.388     967.106           0.000       0.000             231               0
   51         743.171    -815.606           0.000       0.000              51               0
   42         147.274     141.334           0.000       0.000              42               0
  105        -373.618    -514.613           0.000       0.000             105               0
   19         103.540    -577.201           0.000       0.000              19               0
  252         388.656     710.587           0.000       0.000             252               0
   97         157.872     741.130           0.000       0.000              97               0
  229        -515.692      39.107           0.000       0.000             229               0
   62        -982.968    -143.067           0.000       0.000              62               0
   89         437.923    -129.705           0.000       0.000              89               0
  174        -795.749   -1093.884           0.000       0.000             174               0
  213        -659.807     621.647           0.000       0.000             213               0
   62        -894.596     310.110           0.000       0.000              62               0
    5        -402.755     269.768           0.000       0.000               5               0
  141         574.278     146.007           0.000       0.000             141               0
    9         252.001    1222.825           0.000       0.000               9               0
  173         385.122    -387.187           0.000       0.000             173               0
   20         601.050    -231.711           0.000       0.000              20               0
  237         177.614    -193.315           0.000       0.000             237               0
  249         277.621     477.976           0.000       0.000             249               0
   91        -282.456     379.836           0.000       0.000              91               0
  218         141.102     -22.959           0.000       0.000             218               0
  128         626.763    1584.399           0.000       0.000             128               0
  150         531.745    1031.082           0.000       0.000             150               0
   28         -28.493     -94.834           0.000       0.000              28               0
  189         569.089     327.037           0.000       0.000             189               0
  161        -640.466    -611.083           0.000       0.000             161               0
  205         505.386    -387.919           0.000       0.000             205               0
  161        1273.475    -469.277           0.000       0.000             161               0
  231        -441.808     869.308           0.000       0.000             231               0
  145         287.637    -459.357           0.000       0.000             145               0
  137        -399.344    -151.680           0.000       0.000             137               0
   26          83.064    -130.989           0.000       0.000              26               0
  187        -290.961    -194.963           0.000       0.000             187               0
  242        -217.198     777.167           0.000       0.000             242               0
   45       -1060.535      18.300           0.000       0.000              45               0
  183         253.819     571.849           0.000       0.000             183               0
   84        -723.156    -403.891           0.000       0.000              84               0
   19         900.635     201.125           0.000       0.000              19               0
  246         123.051     336.421           0.000       0.000             246               0
