SINAL     NFT                         FFT                         NFT INVERSA     FFT INVERSA
-----     -----------------------     -----------------------     -----------     -----------
   28       15695.000       0.000           0.000       0.000              28               0
   52         352.578    -165.919           0.000       0.000              52               0
  240         128.307     227.307           0.000       0.000             240               0
  107         -26.322     280.723           0.000       0.000             107               0
   92        -437.099     303.220           0.000       0.000              92               0
   48       -1083.823     787.388           0.000       0.000              48               0
   64          62.486     123.306           0.000       0.000              64               0
  255         160.928    -118.151           0.000       0.000             255               0
   33         284.667    -184.103           0.000       0.000              33               0
  191        -426.875     514.067           0.000       0.000             191               0
   91        -175.073       9.591           0.000       0.000              91               0
   64        -717.515    -974.183           0.000       0.000              64               0
  178        -787.900     648.164           0.000       0.000             178               0
   80         147.347     263.296           0.000       0.000              80               0
   72         223.265    -484.241           0.000       0.000              72               0
  238        -145.664    -425.708           0.000       0.000             238               0
  146         827.619    -253.672           0.000       0.000             146               0
  176        -817.232    -529.590           0.000       0.000             176               0
  195         735.760     202.443           0.000       0.000             195               0
  165         860.222    -952.461           0.000       0.000             165               0
  173        -620.128     537.145           0.000       0.000             173               0
   12        -198.174     938.340           0.000       0.000              12               0
  217        -145.814    -199.307           0.000       0.000             217               0
   84       -1400.320     354.291           0.000       0.000              84               0
   83         -23.527   -1419.208           0.000       0.000              83               0
   73          41.596     495.227           0.000       0.000              73               0
  105       -1100.503     188.018           0.000       0.000             105               0
  232        -179.111    -126.190           0.000       0.000             232               0
   19        -303.805     397.229           0.000       0.000              19               0
  255        -843.492     348.882           0.000       0.000             255               0
   58       -1134.718     129.734           0.000       0.000              58               0
   48        -336.929    -304.462           0.000       0.000              48               0
   52       -1141.985    -183.024           0.000       0.000              52               0
   43         341.582      47.675           0.000       0.000              43               0
  155         296.621     232.987           0.000       0.000             155               0
  145         114.185    -376.053           0.000       0.000             145               0
   91        -754.587    -678.164           0.000       0.000              91               0
  220         111.696     169.820           0.000       0.000             220               0
  145          59.317     516.580           0.000       0.000             145               0
  125        -349.635     787.125           0.000       0.000             125               0
  155        -308.877    -127.938           0.000       0.000             155               0
  236         377.399     182.042           0.000       0.000             236               0
  189        -811.587    -856.590           0.000       0.000             189               0
   78         587.056      -3.433           0.000       0.000              78               0
   60        -257.964    -155.401           0.000       0.000              60               0
    5        -541.489   -1060.341           0.000       0.000               5               0
   60        -147.551    -726.156           0.000       0.000              60               0
  207        -584.101     145.960           0.000       0.000             207               0
  182         246.403    -259.658           0.000       0.000             182               0
  255        -192.653     171.369           0.000       0.000             255               0
  116        -176.547     537.622           0.000       0.000             116               0
  100        -220.326     626.084           0.000       0.000             100               0
   12        1683.943    1351.960           0.000       0.000              12               0
   78         393.703    -540.016           0.000       0.000              78               0
  184        -215.292     318.492           0.000       0.000             184               0
   95        -674.057    -679.929           0.000       0.000              95               0
  151         703.794      15.216           0.000       0.000             151               0
   33        1121.578     330.412           0.000       0.000              33               0
   72        1062.874     -11.294           0.000       0.000              72               0
  171        -469.516    -608.684           0.000       0.000             171               0
   33         557.517    -759.851           0.000       0.000              33               0
  131         125.569     329.458           0.000       0.000             131               0
  220         474.426     259.660           0.000       0.000             220               0
   86        -200.152    -206.956           0.000       0.000              86               0
  174        -375.000      -0.011           0.000       0.000             174               0
  119        -200.143     206.939           0.000       0.000             119               0
  232         474.469    -259.621           0.000       0.000             232               0
   10         125.608    -329.417           0.000       0.000              10               0
   83         557.454     759.922           0.000       0.000              83               0
  121        -469.545     608.626           0.000       0.000             121               0
  136        1062.906      11.351           0.000       0.000             136               0
  239        1121.584    -330.329           0.000       0.000             239               0
  101         703.732     -15.149           0.000       0.000             101               0
   70        -674.157     679.856           0.000       0.000              70               0
   62        -215.257    -318.538           0.000       0.000              62               0
  162         393.680     540.004           0.000       0.000             162               0
   75        1684.017   -1351.855           0.000       0.000              75               0
  122        -220.351    -626.084           0.000       0.000             122               0
  114        -176.548    -537.602           0.000       0.000             114               0
    2        -192.670    -171.338           0.000       0.000               2               0
  122         246.340     259.716           0.000       0.000             122               0
  231        -584.126    -145.967           0.000       0.000             231               0
  102        -147.635     726.186           0.000       0.000             102               0
  134        -541.591    1060.290           0.000       0.000             134               0
   53        -257.968     155.353           0.000       0.000              53               0
   31         587.037       3.477           0.000       0.000              31               0
  230        -811.676     856.498           0.000       0.000             230               0
  204         377.407    -182.051           0.000       0.000             204               0
   64        -308.912     127.874           0.000       0.000              64               0
   46        -349.574    -787.178           0.000       0.000              46               0
  120          59.355    -516.559           0.000       0.000             120               0
   98         111.685    -169.775           0.000       0.000              98               0
  178        -754.654     678.118           0.000       0.000             178               0
   84         114.161     376.043           0.000       0.000              84               0
  185         296.623    -232.978           0.000       0.000             185               0
   97         341.528     -47.646           0.000       0.000              97               0
  204       -1142.046     182.928           0.000       0.000             204               0
  161        -336.978     304.415           0.000       0.000             161               0
  107       -1134.720    -129.856           0.000       0.000             107               0
   31        -843.439    -348.966           0.000       0.000              31               0
   26        -303.745    -397.247           0.000       0.000              26               0
  244        -179.116     126.183           0.000       0.000             244               0
   15       -1100.462    -188.108           0.000       0.000              15               0
  128          41.677    -495.186           0.000       0.000             128               0
   58         -23.645    1419.209           0.000       0.000              58               0
   77       -1400.261    -354.442           0.000       0.000              77               0
   34        -145.767     199.269           0.000       0.000              34               0
  134        -198.048    -938.365           0.000       0.000             134               0
  200        -620.009    -537.149           0.000       0.000             200               0
  148         860.210     952.560           0.000       0.000             148               0
  136         735.783    -202.376           0.000       0.000             136               0
   66        -817.252     529.533           0.000       0.000              66               0
  123         827.631     253.737           0.000       0.000             123               0
  239        -145.691     425.686           0.000       0.000             239               0
  201         223.238     484.226           0.000       0.000             201               0
  176         147.360    -263.320           0.000       0.000             176               0
   14        -787.844    -648.221           0.000       0.000              14               0
  175        -717.553     974.121           0.000       0.000             175               0
  125        -175.016      -9.648           0.000       0.000             125               0
   79        -426.765    -514.119           0.000       0.000              79               0
  222         284.721     184.122           0.000       0.000             222               0
  246         160.968     118.141           0.000       0.000             246               0
  178          62.534    -123.336           0.000       0.000             178               0
  144       -1083.682    -787.493           0.000       0.000             144               0
   74        -436.936    -303.247           0.000       0.000              74               0
  107         -26.126    -280.712           0.000       0.000             107               0
  241         128.560    -227.274           0.000       0.000             241               0
   22         352.989     165.967           0.000       0.000              22               0
