SINAL     NFT                         FFT                         NFT INVERSA     FFT INVERSA
-----     -----------------------     -----------------------     -----------     -----------
  136       15608.000       0.000           0.000       0.000             136               0
    8        -563.360   -1334.161           0.000       0.000               8               0
  249        -819.213    -158.592           0.000       0.000             249               0
  211        -431.258     -79.890           0.000       0.000             211               0
   31         205.264     942.852           0.000       0.000              31               0
  103          87.141     454.524           0.000       0.000             103               0
   45        1234.890     -55.071           0.000       0.000              45               0
   99        1295.895   -1017.740           0.000       0.000              99               0
   27        -230.938     185.792           0.000       0.000              27               0
  178        -512.978    -581.450           0.000       0.000             178               0
   41         753.538     614.059           0.000       0.000              41               0
   10          -1.030      45.834           0.000       0.000              10               0
   33        -393.238    -284.592           0.000       0.000              33               0
  179        -526.405     313.814           0.000       0.000             179               0
   92        -136.506    -898.445           0.000       0.000              92               0
   23         839.864    -617.219           0.000       0.000              23               0
  238         115.418       9.799           0.000       0.000             238               0
   44          30.193      57.494           0.000       0.000              44               0
  249        -649.396    -826.187           0.000       0.000             249               0
  193         390.365     -76.120           0.000       0.000             193               0
  211         307.819     399.591           0.000       0.000             211               0
  237         112.763   -1333.981           0.000       0.000             237               0
  135         336.976    -282.751           0.000       0.000             135               0
  223        -721.444     193.286           0.000       0.000             223               0
  195         910.616    1095.011           0.000       0.000             195               0
  222        -544.100     152.342           0.000       0.000             222               0
  243         -52.760    1099.071           0.000       0.000             243               0
  180        -197.430     121.633           0.000       0.000             180               0
   31        -634.999     781.409           0.000       0.000              31               0
   84         -64.743     220.942           0.000       0.000              84               0
  102         332.290      50.053           0.000       0.000             102               0
  168        -132.088    -631.660           0.000       0.000             168               0
   93        -234.024     961.999           0.000       0.000              93               0
   96        -218.460    -173.622           0.000       0.000              96               0
  124           0.230     234.393           0.000       0.000             124               0
  125        -738.162    -128.924           0.000       0.000             125               0
  199         344.919    1020.889           0.000       0.000             199               0
  169         132.965     888.135           0.000       0.000             169               0
  224        -579.178    1721.742           0.000       0.000             224               0
  227         139.453     890.823           0.000       0.000             227               0
   91        -497.523     -45.597           0.000       0.000              91               0
    9          45.757     460.413           0.000       0.000               9               0
  237          11.752    -274.273           0.000       0.000             237               0
  125         112.080     409.625           0.000       0.000             125               0
  189         -17.314    -410.187           0.000       0.000             189               0
   74        -964.136     435.177           0.000       0.000              74               0
  149         411.889     163.308           0.000       0.000             149               0
  172        -650.033      56.441           0.000       0.000             172               0
  118         508.570     705.793           0.000       0.000             118               0
  142         311.911    -166.378           0.000       0.000             142               0
  109         330.198    -922.211           0.000       0.000             109               0
   74         327.438    -494.962           0.000       0.000              74               0
  123        -366.366     107.310           0.000       0.000             123               0
  245        1124.660    -485.340           0.000       0.000             245               0
   42         247.304    1832.510           0.000       0.000              42               0
   63          73.495     516.750           0.000       0.000              63               0
  212         581.843    -534.762           0.000       0.000             212               0
   29         947.706     200.306           0.000       0.000              29               0
  244         719.759    -674.008           0.000       0.000             244               0
  244         -71.333    -518.170           0.000       0.000             244               0
  113          73.837     551.979           0.000       0.000             113               0
   90          26.789     577.012           0.000       0.000              90               0
  157        -541.917     592.866           0.000       0.000             157               0
  207       -1293.616    -168.593           0.000       0.000             207               0
  187         516.000       0.001           0.000       0.000             187               0
   25       -1293.632     168.431           0.000       0.000              25               0
   76        -541.817    -592.962           0.000       0.000              76               0
  131          26.889    -577.030           0.000       0.000             131               0
  195          73.925    -551.960           0.000       0.000             195               0
   45         -71.323     518.175           0.000       0.000              45               0
  102         719.754     674.033           0.000       0.000             102               0
   30         947.737    -200.269           0.000       0.000              30               0
   54         581.785     534.755           0.000       0.000              54               0
   83          73.530    -516.822           0.000       0.000              83               0
  156         247.469   -1832.490           0.000       0.000             156               0
  244        1124.598     485.466           0.000       0.000             244               0
  158        -366.385    -107.334           0.000       0.000             158               0
   49         327.393     494.995           0.000       0.000              49               0
  160         330.106     922.200           0.000       0.000             160               0
   21         311.876     166.330           0.000       0.000              21               0
  191         508.585    -705.801           0.000       0.000             191               0
   14        -650.061     -56.523           0.000       0.000              14               0
   95         411.874    -163.309           0.000       0.000              95               0
   59        -964.117    -435.278           0.000       0.000              59               0
    3         -17.334     410.154           0.000       0.000               3               0
  137         112.115    -409.655           0.000       0.000             137               0
  122          11.721     274.228           0.000       0.000             122               0
  215          45.779    -460.465           0.000       0.000             215               0
  166        -497.532      45.490           0.000       0.000             166               0
  110         139.526    -890.889           0.000       0.000             110               0
  203        -579.029   -1721.817           0.000       0.000             203               0
   24         133.058    -888.108           0.000       0.000              24               0
  201         344.991   -1020.822           0.000       0.000             201               0
  104        -738.177     128.898           0.000       0.000             104               0
  231           0.264    -234.378           0.000       0.000             231               0
  133        -218.466     173.600           0.000       0.000             133               0
  130        -233.927    -962.004           0.000       0.000             130               0
   52        -132.116     631.666           0.000       0.000              52               0
    8         332.306     -50.047           0.000       0.000               8               0
   69         -64.733    -220.973           0.000       0.000              69               0
   97        -634.923    -781.471           0.000       0.000              97               0
  110        -197.389    -121.655           0.000       0.000             110               0
  100         -52.642   -1099.066           0.000       0.000             100               0
  152        -544.040    -152.364           0.000       0.000             152               0
  194         910.736   -1094.894           0.000       0.000             194               0
    0        -721.408    -193.271           0.000       0.000              -0               0
  140         336.996     282.851           0.000       0.000             140               0
   96         112.681    1334.006           0.000       0.000              96               0
   49         307.877    -399.571           0.000       0.000              49               0
   44         390.360      76.184           0.000       0.000              44               0
  118        -649.448     826.140           0.000       0.000             118               0
  241          30.243     -57.500           0.000       0.000             241               0
   59         115.466      -9.773           0.000       0.000              59               0
  213         839.830     617.304           0.000       0.000             213               0
   44        -136.587     898.405           0.000       0.000              44               0
   62        -526.356    -313.890           0.000       0.000              62               0
   94        -393.207     284.542           0.000       0.000              94               0
  167          -0.953     -45.862           0.000       0.000             167               0
   21         753.635    -613.993           0.000       0.000              21               0
    5        -512.980     581.414           0.000       0.000               5               0
   22        -230.819    -185.810           0.000       0.000              22               0
  225        1295.903    1017.831           0.000       0.000             225               0
   30        1234.917      55.118           0.000       0.000              30               0
  223          87.202    -454.559           0.000       0.000             223               0
   74         205.389    -942.832           0.000       0.000              74               0
    5        -431.183      79.883           0.000       0.000               5               0
  100        -819.044     158.548           0.000       0.000             100               0
  205        -563.050    1334.091           0.000       0.000             205               0
