SINAL     NFT                         FFT                         NFT INVERSA     FFT INVERSA
-----     -----------------------     -----------------------     -----------     -----------
   58       16877.000       0.000           0.000       0.000              58               0
  109        -750.925    -394.121           0.000       0.000             109               0
   18         -86.962    -518.490           0.000       0.000              18               0
  155        -584.437     -91.942           0.000       0.000             155               0
  219        -971.322    -438.306           0.000       0.000             219               0
  118          17.166   -1385.670           0.000       0.000             118               0
   52        -153.217     569.353           0.000       0.000              52               0
  158        -920.914    -444.007           0.000       0.000             158               0
  119        -615.562    -920.896           0.000       0.000             119               0
  192         -46.545     658.949           0.000       0.000             192               0
  255        1136.149    -623.550           0.000       0.000             255               0
  168         485.397     785.429           0.000       0.000             168               0
  237         -61.755    -491.273           0.000       0.000             237               0
  117         398.978     988.577           0.000       0.000             117               0
  154         626.635    -525.949           0.000       0.000             154               0
   40         140.778    -615.204           0.000       0.000              40               0
   74       -1068.753     635.697           0.000       0.000              74               0
  198        -528.909     -22.528           0.000       0.000             198               0
  102        -658.047    -160.442           0.000       0.000             102               0
  169        -176.371    -199.712           0.000       0.000             169               0
  110         289.875     268.722           0.000       0.000             110               0
  124        -707.836     773.472           0.000       0.000             124               0
  175         -36.686     544.038           0.000       0.000             175               0
  132          76.198    -984.288           0.000       0.000             132               0
   94         119.080     145.882           0.000       0.000              94               0
  205         408.885     -30.853           0.000       0.000             205               0
  100        -382.383     438.111           0.000       0.000             100               0
  169         924.190     512.043           0.000       0.000             169               0
  211          18.762     687.849           0.000       0.000             211               0
  201        -453.025    -908.765           0.000       0.000             201               0
  118        1170.155     659.731           0.000       0.000             118               0
   13         728.490     -30.869           0.000       0.000              13               0
   54         839.970     529.016           0.000       0.000              54               0
  136       -1184.594     402.218           0.000       0.000             136               0
  169        -567.901     497.803           0.000       0.000             169               0
   18         732.413    -493.517           0.000       0.000              18               0
  255         -44.607    -226.023           0.000       0.000             255               0
  221          78.298    -439.540           0.000       0.000             221               0
  176         842.830       0.620           0.000       0.000             176               0
  118         353.160      66.187           0.000       0.000             118               0
  157         -42.388    -129.761           0.000       0.000             157               0
  175          53.856     -94.556           0.000       0.000             175               0
   31        -238.561     -70.038           0.000       0.000              31               0
  139         131.592   -1098.182           0.000       0.000             139               0
   37        -568.800     578.519           0.000       0.000              37               0
  186         601.710     -67.933           0.000       0.000             186               0
  179          23.127      90.219           0.000       0.000             179               0
  111         410.036     -81.869           0.000       0.000             111               0
  129        -623.302     519.690           0.000       0.000             129               0
   26       -1073.427      72.040           0.000       0.000              26               0
   25        -638.929     494.127           0.000       0.000              25               0
  239         473.172    -143.749           0.000       0.000             239               0
  151        -604.456    1162.760           0.000       0.000             151               0
  200         -65.213    -167.705           0.000       0.000             200               0
  115         551.342    -754.021           0.000       0.000             115               0
  245        -916.764     357.021           0.000       0.000             245               0
  149         154.886    -492.536           0.000       0.000             149               0
  216        -303.562    -912.009           0.000       0.000             216               0
  158         302.757    -650.804           0.000       0.000             158               0
  104        -394.509     553.813           0.000       0.000             104               0
  161         742.174     856.112           0.000       0.000             161               0
   20        -330.253     418.902           0.000       0.000              20               0
  118        -674.385     902.766           0.000       0.000             118               0
  216        -745.114    -192.559           0.000       0.000             216               0
  157        -677.000      -0.045           0.000       0.000             157               0
   31        -745.115     192.447           0.000       0.000              31               0
  234        -674.273    -902.860           0.000       0.000             234               0
  157        -330.162    -418.939           0.000       0.000             157               0
  253         742.270    -856.038           0.000       0.000             253               0
  154        -394.457    -553.791           0.000       0.000             154               0
   19         302.710     650.881           0.000       0.000              19               0
  154        -303.638     911.986           0.000       0.000             154               0
   74         154.840     492.515           0.000       0.000              74               0
   51        -916.717    -357.115           0.000       0.000              51               0
   37         551.301     754.045           0.000       0.000              37               0
  111         -65.239     167.635           0.000       0.000             111               0
  237        -604.349   -1162.838           0.000       0.000             237               0
  217         473.158     143.786           0.000       0.000             217               0
  223        -638.909    -494.189           0.000       0.000             223               0
  110       -1073.399     -72.132           0.000       0.000             110               0
  243        -623.194    -519.734           0.000       0.000             243               0
  248         410.085      81.918           0.000       0.000             248               0
   94          23.171     -90.209           0.000       0.000              94               0
  138         601.716      67.987           0.000       0.000             138               0
  193        -568.740    -578.537           0.000       0.000             193               0
  210         131.528    1098.210           0.000       0.000             210               0
  128        -238.539      69.998           0.000       0.000             128               0
   86          53.884      94.549           0.000       0.000              86               0
  170         -42.358     129.745           0.000       0.000             170               0
   30         353.210     -66.167           0.000       0.000              30               0
  191         842.843      -0.549           0.000       0.000             191               0
   76          78.255     439.539           0.000       0.000              76               0
   51         -44.613     225.997           0.000       0.000              51               0
   53         732.363     493.532           0.000       0.000              53               0
   36        -567.881    -497.900           0.000       0.000              36               0
  209       -1184.507    -402.342           0.000       0.000             209               0
   85         840.089    -528.951           0.000       0.000              85               0
   14         728.518      30.925           0.000       0.000              14               0
  110        1170.193    -659.623           0.000       0.000             110               0
   82        -453.123     908.716           0.000       0.000              82               0
  169          18.840    -687.884           0.000       0.000             169               0
  130         924.226    -511.967           0.000       0.000             130               0
  237        -382.360    -438.125           0.000       0.000             237               0
  243         408.883      30.906           0.000       0.000             243               0
  181         119.077    -145.850           0.000       0.000             181               0
   19          76.098     984.280           0.000       0.000              19               0
   98         -36.664    -544.082           0.000       0.000              98               0
  163        -707.771    -773.528           0.000       0.000             163               0
  236         289.904    -268.668           0.000       0.000             236               0
   65        -176.403     199.720           0.000       0.000              65               0
   18        -658.062     160.391           0.000       0.000              18               0
  224        -528.893      22.477           0.000       0.000             224               0
   58       -1068.641    -635.767           0.000       0.000              58               0
  112         140.812     615.240           0.000       0.000             112               0
  107         626.645     525.974           0.000       0.000             107               0
  251         399.087    -988.548           0.000       0.000             251               0
   67         -61.762     491.277           0.000       0.000              67               0
  235         485.506    -785.373           0.000       0.000             235               0
   81        1136.095     623.665           0.000       0.000              81               0
  237         -46.523    -658.926           0.000       0.000             237               0
   10        -615.646     920.876           0.000       0.000              10               0
   17        -920.911     443.917           0.000       0.000              17               0
   57        -153.102    -569.344           0.000       0.000              57               0
   62          17.106    1385.687           0.000       0.000              62               0
   71        -971.274     438.190           0.000       0.000              71               0
   94        -584.290      91.869           0.000       0.000              94               0
   15         -86.785     518.457           0.000       0.000              15               0
  156        -750.509     394.010           0.000       0.000             156               0
