SINAL     NFT                         FFT                         NFT INVERSA     FFT INVERSA
-----     -----------------------     -----------------------     -----------     -----------
  127       16574.000       0.000           0.000       0.000             127               0
  112        1468.693     -66.370           0.000       0.000             112               0
  199         171.858     176.371           0.000       0.000             199               0
  148        -861.681    -152.536           0.000       0.000             148               0
  160         -13.880    -420.980           0.000       0.000             160               0
  216         945.636    -341.162           0.000       0.000             216               0
  192          59.039    -156.874           0.000       0.000             192               0
  229        -877.484     555.704           0.000       0.000             229               0
   33         553.858    -578.633           0.000       0.000              33               0
  174        -612.339     365.678           0.000       0.000             174               0
   87         126.502     161.298           0.000       0.000              87               0
  245        -839.350    -973.708           0.000       0.000             245               0
   43        -214.070     414.095           0.000       0.000              43               0
  241         354.938    -223.783           0.000       0.000             241               0
  208        -721.467     216.090           0.000       0.000             208               0
   57        -309.703    -807.498           0.000       0.000              57               0
   89        -574.211     199.270           0.000       0.000              89               0
  168         219.735     875.656           0.000       0.000             168               0
  192        -656.164    -180.317           0.000       0.000             192               0
   97         254.297     737.578           0.000       0.000              97               0
   86         621.142    -833.464           0.000       0.000              86               0
  241        -547.085     425.265           0.000       0.000             241               0
  218        -217.573     357.052           0.000       0.000             218               0
   39         109.195    -741.271           0.000       0.000              39               0
   68         -36.562      93.388           0.000       0.000              68               0
  126        -480.787     130.168           0.000       0.000             126               0
  249          74.641   -1909.213           0.000       0.000             249               0
  198        -309.521     122.899           0.000       0.000             198               0
   95         362.483     379.539           0.000       0.000              95               0
  212         105.458     812.737           0.000       0.000             212               0
  117         979.705   -1194.656           0.000       0.000             117               0
  223        -685.066     -34.438           0.000       0.000             223               0
   68       -1451.000    -165.030           0.000       0.000              68               0
   61        -672.754    -436.713           0.000       0.000              61               0
  115         181.912    1084.560           0.000       0.000             115               0
  229        -497.244    -357.925           0.000       0.000             229               0
   22         819.739     712.359           0.000       0.000              22               0
   52        -276.202     499.455           0.000       0.000              52               0
  203        -374.277   -1393.460           0.000       0.000             203               0
   55        -302.809    -406.271           0.000       0.000              55               0
  226         319.481      92.889           0.000       0.000             226               0
   34        -494.221    -756.050           0.000       0.000              34               0
   45        -195.323   -1150.954           0.000       0.000              45               0
   13         682.607     -99.198           0.000       0.000              13               0
   19         635.627    -248.769           0.000       0.000              19               0
  253         869.778     883.174           0.000       0.000             253               0
   71        -801.481    -259.484           0.000       0.000              71               0
  108         373.187    -243.705           0.000       0.000             108               0
  166        1636.188     591.326           0.000       0.000             166               0
    8         178.295    -754.585           0.000       0.000               8               0
  206          46.613     726.983           0.000       0.000             206               0
  253        -399.344     640.402           0.000       0.000             253               0
  249        -238.938    -753.348           0.000       0.000             249               0
  168        -406.759    1231.834           0.000       0.000             168               0
   36        1710.589     -60.703           0.000       0.000              36               0
   61        -279.635     992.386           0.000       0.000              61               0
   39          23.212     196.850           0.000       0.000              39               0
   29         498.546    1541.370           0.000       0.000              29               0
    4          53.442    -846.164           0.000       0.000               4               0
  134         247.651    -545.490           0.000       0.000             134               0
  241        -308.045    -904.286           0.000       0.000             241               0
  122         685.816     -41.469           0.000       0.000             122               0
  102        -373.919    -629.383           0.000       0.000             102               0
   54          65.987      18.282           0.000       0.000              54               0
  183       -1132.000      -0.041           0.000       0.000             183               0
  218          66.017     -18.257           0.000       0.000             218               0
   28        -373.939     629.358           0.000       0.000              28               0
  205         685.831      41.526           0.000       0.000             205               0
   14        -308.113     904.249           0.000       0.000              14               0
  231         247.625     545.465           0.000       0.000             231               0
    5          53.389     846.075           0.000       0.000               5               0
  241         498.683   -1541.399           0.000       0.000             241               0
    9          23.228    -196.872           0.000       0.000               9               0
   50        -279.517    -992.420           0.000       0.000              50               0
  255        1710.578      60.839           0.000       0.000             255               0
   29        -406.702   -1231.852           0.000       0.000              29               0
   48        -239.009     753.342           0.000       0.000              48               0
   70        -399.273    -640.450           0.000       0.000              70               0
  137          46.710    -726.945           0.000       0.000             137               0
  214         178.280     754.618           0.000       0.000             214               0
   78        1636.241    -591.184           0.000       0.000              78               0
   87         373.114     243.757           0.000       0.000              87               0
  211        -801.506     259.409           0.000       0.000             211               0
   71         869.870    -883.084           0.000       0.000              71               0
    0         635.586     248.868           0.000       0.000              -0               0
  248         682.549      99.300           0.000       0.000             248               0
  133        -195.475    1150.961           0.000       0.000             133               0
   39        -494.305     755.984           0.000       0.000              39               0
   22         319.470     -92.880           0.000       0.000              22               0
  138        -302.872     406.250           0.000       0.000             138               0
  174        -374.403    1393.379           0.000       0.000             174               0
    8        -276.147    -499.553           0.000       0.000               8               0
    4         819.783    -712.310           0.000       0.000               4               0
   20        -497.306     357.864           0.000       0.000              20               0
   63         181.973   -1084.543           0.000       0.000              63               0
  188        -672.831     436.682           0.000       0.000             188               0
  238       -1451.000     164.910           0.000       0.000             238               0
   91        -684.992      34.391           0.000       0.000              91               0
  138         979.653    1194.707           0.000       0.000             138               0
  252         105.533    -812.769           0.000       0.000             252               0
   67         362.510    -379.494           0.000       0.000              67               0
  144        -309.516    -122.877           0.000       0.000             144               0
  238          74.481    1909.212           0.000       0.000             238               0
   76        -480.769    -130.265           0.000       0.000              76               0
  195         -36.532     -93.410           0.000       0.000             195               0
  237         109.143     741.244           0.000       0.000             237               0
  106        -217.538    -357.119           0.000       0.000             106               0
  243        -547.016    -425.320           0.000       0.000             243               0
   51         621.101     833.486           0.000       0.000              51               0
  244         254.347    -737.595           0.000       0.000             244               0
  202        -656.175     180.238           0.000       0.000             202               0
  129         219.819    -875.648           0.000       0.000             129               0
   75        -574.187    -199.289           0.000       0.000              75               0
  158        -309.747     807.472           0.000       0.000             158               0
  201        -721.402    -216.169           0.000       0.000             201               0
   76         354.966     223.800           0.000       0.000              76               0
  150        -214.014    -414.109           0.000       0.000             150               0
   79        -839.379     973.627           0.000       0.000              79               0
  115         126.581    -161.327           0.000       0.000             115               0
  173        -612.233    -365.737           0.000       0.000             173               0
  217         553.881     578.662           0.000       0.000             217               0
   33        -877.355    -555.795           0.000       0.000              33               0
  181          59.157     156.886           0.000       0.000             181               0
  222         945.713     341.235           0.000       0.000             222               0
   53         -13.823     420.954           0.000       0.000              53               0
  244        -861.520     152.426           0.000       0.000             244               0
  155         172.164    -176.386           0.000       0.000             155               0
   35        1469.150      66.471           0.000       0.000              35               0
