SINAL     NFT                         FFT                         NFT INVERSA     FFT INVERSA
-----     -----------------------     -----------------------     -----------     -----------
   30       16253.000       0.000           0.000       0.000              30               0
  204        -145.582     -27.995           0.000       0.000             204               0
   95         225.431    -648.333           0.000       0.000              95               0
  109         415.461    -473.430           0.000       0.000             109               0
  225        -371.844    -233.106           0.000       0.000             225               0
  228         661.825    -691.246           0.000       0.000             228               0
  139        -863.988     499.675           0.000       0.000             139               0
  140         512.201     163.518           0.000       0.000             140               0
  143         191.836     -86.664           0.000       0.000             143               0
  136         113.865    -130.660           0.000       0.000             136               0
   74         -98.284   -1812.815           0.000       0.000              74               0
  107         252.040    -366.835           0.000       0.000             107               0
   26         -69.580     447.327           0.000       0.000              26               0
  229        -220.802     294.115           0.000       0.000             229               0
  207        -522.185     268.262           0.000       0.000             207               0
  253          67.779     647.339           0.000       0.000             253               0
  215        -512.068     616.898           0.000       0.000             215               0
   88         497.679    1415.793           0.000       0.000              88               0
  134         478.143    -498.837           0.000       0.000             134               0
   20       -1032.754    -647.924           0.000       0.000              20               0
  238         394.959      80.290           0.000       0.000             238               0
   23          90.412     260.087           0.000       0.000              23               0
  148        -118.701     116.076           0.000       0.000             148               0
    9        -891.819      24.503           0.000       0.000               9               0
  181        -284.059    1208.980           0.000       0.000             181               0
   25          53.574     581.812           0.000       0.000              25               0
  143        -367.248   -1239.620           0.000       0.000             143               0
   20         332.973     -67.811           0.000       0.000              20               0
  156         518.465    -554.316           0.000       0.000             156               0
  222        -119.689    -152.803           0.000       0.000             222               0
  166         332.056   -1067.365           0.000       0.000             166               0
  186         851.860    1050.897           0.000       0.000             186               0
  171         101.992    -279.005           0.000       0.000             171               0
    6        -151.542    -349.246           0.000       0.000               6               0
   40        -129.341    -355.759           0.000       0.000              40               0
  141         444.139      73.470           0.000       0.000             141               0
  235        -789.417    1132.422           0.000       0.000             235               0
  179         190.141   -1267.957           0.000       0.000             179               0
   25        -968.172     135.079           0.000       0.000              25               0
  122         124.796     -96.193           0.000       0.000             122               0
   59         496.279    -763.374           0.000       0.000              59               0
   99       -1079.082      77.660           0.000       0.000              99               0
  230        -277.147    -527.196           0.000       0.000             230               0
   86          23.699    -650.356           0.000       0.000              86               0
   73         467.492     361.757           0.000       0.000              73               0
  181         129.918     153.964           0.000       0.000             181               0
   84         181.281     282.938           0.000       0.000              84               0
   32        -705.204      81.747           0.000       0.000              32               0
   14         236.037     696.913           0.000       0.000              14               0
  218         333.109      80.318           0.000       0.000             218               0
   52         180.987      93.821           0.000       0.000              52               0
  252        -613.119     614.372           0.000       0.000             252               0
  241        -383.398     305.372           0.000       0.000             241               0
  201        -105.597    -547.885           0.000       0.000             201               0
    6        -677.211     534.777           0.000       0.000               6               0
  167        -948.576     669.956           0.000       0.000             167               0
  226       -1060.049    -179.086           0.000       0.000             226               0
  150          58.186     540.656           0.000       0.000             150               0
  187        1103.869     -15.369           0.000       0.000             187               0
  126         -45.228     -22.474           0.000       0.000             126               0
  116         113.225    -385.705           0.000       0.000             116               0
   98       -1705.318    -109.884           0.000       0.000              98               0
   57       -1327.540     514.364           0.000       0.000              57               0
   32         210.455      54.000           0.000       0.000              32               0
  105         -17.000      -0.012           0.000       0.000             105               0
   97         210.422     -54.007           0.000       0.000              97               0
  173       -1327.531    -514.481           0.000       0.000             173               0
   84       -1705.279     109.750           0.000       0.000              84               0
   20         113.265     385.703           0.000       0.000              20               0
  198         -45.178      22.444           0.000       0.000             198               0
  207        1103.874      15.429           0.000       0.000             207               0
   80          58.180    -540.668           0.000       0.000              80               0
   42       -1060.095     178.979           0.000       0.000              42               0
  181        -948.505    -670.054           0.000       0.000             181               0
  166        -677.126    -534.815           0.000       0.000             166               0
  115        -105.606     547.878           0.000       0.000             115               0
  107        -383.345    -305.430           0.000       0.000             107               0
  250        -613.018    -614.424           0.000       0.000             250               0
  147         181.050     -93.796           0.000       0.000             147               0
  121         333.144     -80.295           0.000       0.000             121               0
  213         236.097    -696.884           0.000       0.000             213               0
  200        -705.177     -81.783           0.000       0.000             200               0
  118         181.344    -282.902           0.000       0.000             118               0
  198         129.957    -153.926           0.000       0.000             198               0
  146         467.528    -361.671           0.000       0.000             146               0
  124          23.630     650.401           0.000       0.000             124               0
  109        -277.206     527.180           0.000       0.000             109               0
  116       -1079.047     -77.738           0.000       0.000             116               0
   18         496.254     763.420           0.000       0.000              18               0
   41         124.781      96.188           0.000       0.000              41               0
  243        -968.143    -135.151           0.000       0.000             243               0
  135         190.066    1267.943           0.000       0.000             135               0
  140        -789.282   -1132.519           0.000       0.000             140               0
   45         444.192     -73.407           0.000       0.000              45               0
  167        -129.344     355.763           0.000       0.000             167               0
  245        -151.529     349.228           0.000       0.000             245               0
  142         102.023     278.986           0.000       0.000             142               0
   85         851.979   -1050.810           0.000       0.000              85               0
   73         331.966    1067.419           0.000       0.000              73               0
  163        -119.690     152.784           0.000       0.000             163               0
   27         518.430     554.345           0.000       0.000              27               0
   24         332.951      67.825           0.000       0.000              24               0
  243        -367.362    1239.536           0.000       0.000             243               0
   69          53.621    -581.891           0.000       0.000              69               0
  205        -283.967   -1209.022           0.000       0.000             205               0
  154        -891.795     -24.567           0.000       0.000             154               0
  184        -118.644    -116.090           0.000       0.000             184               0
   56          90.472    -260.078           0.000       0.000              56               0
  149         394.975     -80.243           0.000       0.000             149               0
   76       -1032.775     647.830           0.000       0.000              76               0
  177         478.158     498.812           0.000       0.000             177               0
  106         497.809   -1415.795           0.000       0.000             106               0
   21        -512.002    -616.932           0.000       0.000              21               0
   40          67.860    -647.310           0.000       0.000              40               0
   49        -522.130    -268.273           0.000       0.000              49               0
  167        -220.723    -294.100           0.000       0.000             167               0
  165         -69.481    -447.275           0.000       0.000             165               0
  159         252.063     366.934           0.000       0.000             159               0
   28         -98.382    1812.818           0.000       0.000              28               0
  183         113.918     130.630           0.000       0.000             183               0
  201         191.893      86.656           0.000       0.000             201               0
   15         512.261    -163.491           0.000       0.000              15               0
   63        -863.870    -499.728           0.000       0.000              63               0
   85         661.868     691.322           0.000       0.000              85               0
   60        -371.751     233.073           0.000       0.000              60               0
  231         415.577     473.459           0.000       0.000             231               0
   74         225.583     648.321           0.000       0.000              74               0
  203        -145.159      27.939           0.000       0.000             203               0
