SINAL     NFT                         FFT                         NFT INVERSA     FFT INVERSA
-----     -----------------------     -----------------------     -----------     -----------
  171       17029.000       0.000           0.000       0.000             171               0
  234         275.494     332.773           0.000       0.000             234               0
  137        -123.410     316.573           0.000       0.000             137               0
   86        1579.449     -33.797           0.000       0.000              86               0
  218         286.106    -460.788           0.000       0.000             218               0
  113         -17.475     642.848           0.000       0.000             113               0
  207        -300.979    -672.969           0.000       0.000             207               0
   46       -1128.962     496.289           0.000       0.000              46               0
  138         482.690    -891.365           0.000       0.000             138               0
  207         -94.901     502.955           0.000       0.000             207               0
  137        -294.400     -39.191           0.000       0.000             137               0
  246         795.364     103.943           0.000       0.000             246               0
  203         523.263     618.167           0.000       0.000             203               0
   33        1192.488    -957.508           0.000       0.000              33               0
  113        -372.671     -60.920           0.000       0.000             113               0
   38       -1187.368     281.010           0.000       0.000              38               0
  134         857.928    -141.307           0.000       0.000             134               0
  105        -375.770    -337.911           0.000       0.000             105               0
   15        -116.292      37.586           0.000       0.000              15               0
    0        -111.280    -129.248           0.000       0.000               0               0
  153         585.479     418.342           0.000       0.000             153               0
  229        -922.522     343.910           0.000       0.000             229               0
  143         240.903     948.232           0.000       0.000             143               0
    6       -1002.746     -16.694           0.000       0.000               6               0
  155         810.489    -164.606           0.000       0.000             155               0
  141        -466.552   -1524.512           0.000       0.000             141               0
    1        1443.845    -565.265           0.000       0.000               1               0
   84        -224.337   -1040.222           0.000       0.000              84               0
   69         624.454    -740.665           0.000       0.000              69               0
  194         526.344    1275.274           0.000       0.000             194               0
   77         120.030     655.029           0.000       0.000              77               0
  240         811.658    -321.815           0.000       0.000             240               0
  173         497.968     555.004           0.000       0.000             173               0
  215        -289.534      54.405           0.000       0.000             215               0
   71       -1405.512    -816.760           0.000       0.000              71               0
  135        -586.159     485.778           0.000       0.000             135               0
   72         401.125     -76.751           0.000       0.000              72               0
   22          60.308    -853.124           0.000       0.000              22               0
  182        -641.879    -240.172           0.000       0.000             182               0
  211         -12.679    -115.714           0.000       0.000             211               0
  230        -774.847     -97.348           0.000       0.000             230               0
   63        -805.085     -66.048           0.000       0.000              63               0
  201         725.638    -853.640           0.000       0.000             201               0
  177         366.280     -80.500           0.000       0.000             177               0
   97         564.704     658.103           0.000       0.000              97               0
   58       -1145.552    -852.233           0.000       0.000              58               0
  215         494.646    -943.022           0.000       0.000             215               0
  232        1059.849    -766.458           0.000       0.000             232               0
  164          56.061    -219.300           0.000       0.000             164               0
  231          64.184    -357.254           0.000       0.000             231               0
  233        -808.856    -265.029           0.000       0.000             233               0
   61        -125.214     263.822           0.000       0.000              61               0
  204        -337.674    -108.322           0.000       0.000             204               0
  120         414.480     627.540           0.000       0.000             120               0
   68        -157.632     876.060           0.000       0.000              68               0
  104        -403.026    -817.135           0.000       0.000             104               0
    6         381.645     927.938           0.000       0.000               6               0
   69        -461.150    1039.524           0.000       0.000              69               0
  188         194.844    -477.144           0.000       0.000             188               0
   75        -442.120    -463.345           0.000       0.000              75               0
    8        -575.464     -75.115           0.000       0.000               8               0
   10         656.243     465.540           0.000       0.000              10               0
   60         729.753     -89.090           0.000       0.000              60               0
  181         240.263     314.337           0.000       0.000             181               0
  226         155.000      -0.009           0.000       0.000             226               0
  131         240.297    -314.334           0.000       0.000             131               0
   61         729.737      89.136           0.000       0.000              61               0
   42         656.232    -465.491           0.000       0.000              42               0
  154        -575.516      75.077           0.000       0.000             154               0
  244        -442.163     463.297           0.000       0.000             244               0
  254         194.799     477.106           0.000       0.000             254               0
  128        -461.063   -1039.607           0.000       0.000             128               0
   52         381.720    -927.883           0.000       0.000              52               0
  199        -403.102     817.103           0.000       0.000             199               0
   50        -157.545    -876.092           0.000       0.000              50               0
  149         414.529    -627.476           0.000       0.000             149               0
    2        -337.696     108.327           0.000       0.000               2               0
    9        -125.196    -263.799           0.000       0.000               9               0
  126        -808.858     265.001           0.000       0.000             126               0
  167          64.197     357.286           0.000       0.000             167               0
  240          56.086     219.333           0.000       0.000             240               0
  103        1059.799     766.569           0.000       0.000             103               0
  229         494.527     943.054           0.000       0.000             229               0
  189       -1145.624     852.086           0.000       0.000             189               0
  224         564.789    -658.089           0.000       0.000             224               0
   41         366.272      80.543           0.000       0.000              41               0
   37         725.526     853.689           0.000       0.000              37               0
  230        -805.134      65.950           0.000       0.000             230               0
  111        -774.848      97.265           0.000       0.000             111               0
  226         -12.675     115.702           0.000       0.000             226               0
   49        -641.879     240.113           0.000       0.000              49               0
  119          60.270     853.099           0.000       0.000             119               0
  237         401.118      76.732           0.000       0.000             237               0
  109        -586.134    -485.846           0.000       0.000             109               0
   45       -1405.537     816.618           0.000       0.000              45               0
  207        -289.435     -54.484           0.000       0.000             207               0
  241         498.096    -554.988           0.000       0.000             241               0
  106         811.672     321.856           0.000       0.000             106               0
  250         120.114    -655.052           0.000       0.000             250               0
  139         526.484   -1275.191           0.000       0.000             139               0
   95         624.402     740.782           0.000       0.000              95               0
  248        -224.397    1040.215           0.000       0.000             248               0
   11        1443.799     565.378           0.000       0.000              11               0
  147        -466.696    1524.422           0.000       0.000             147               0
  192         810.457     164.586           0.000       0.000             192               0
   61       -1002.758      16.527           0.000       0.000              61               0
   41         240.996    -948.264           0.000       0.000              41               0
  195        -922.462    -344.004           0.000       0.000             195               0
   71         585.556    -418.296           0.000       0.000              71               0
  167        -111.274     129.239           0.000       0.000             167               0
  106        -116.263     -37.601           0.000       0.000             106               0
   56        -375.751     337.867           0.000       0.000              56               0
   14         857.938     141.350           0.000       0.000              14               0
   79       -1187.316    -281.127           0.000       0.000              79               0
  246        -372.574      60.890           0.000       0.000             246               0
  238        1192.488     957.571           0.000       0.000             238               0
  121         523.353    -618.171           0.000       0.000             121               0
   27         795.387    -103.892           0.000       0.000              27               0
  213        -294.389      39.146           0.000       0.000             213               0
  232         -94.812    -502.963           0.000       0.000             232               0
  254         482.646     891.390           0.000       0.000             254               0
    6       -1128.865    -496.408           0.000       0.000               6               0
   95        -300.918     672.916           0.000       0.000              95               0
  235         -17.281    -642.876           0.000       0.000             235               0
  116         286.237     460.797           0.000       0.000             116               0
  141        1579.602      33.890           0.000       0.000             141               0
  186        -123.182    -316.613           0.000       0.000             186               0
  101         275.971    -332.759           0.000       0.000             101               0
