SINAL     NFT                         FFT                         NFT INVERSA     FFT INVERSA
-----     -----------------------     -----------------------     -----------     -----------
   90       15654.000       0.000           0.000       0.000              90               0
  133         -37.250     311.235           0.000       0.000             133               0
  214        -999.272     460.734           0.000       0.000             214               0
   41          35.540     697.800           0.000       0.000              41               0
   89        1088.335     312.703           0.000       0.000              89               0
  190         439.926    -647.765           0.000       0.000             190               0
   18        -315.165     970.065           0.000       0.000              18               0
   74        1106.523    -415.658           0.000       0.000              74               0
   91         479.798     826.024           0.000       0.000              91               0
   28         299.397     679.462           0.000       0.000              28               0
   18        -398.074    -918.282           0.000       0.000              18               0
  170         159.441     952.138           0.000       0.000             170               0
   94        -115.178     490.710           0.000       0.000              94               0
   15        -535.434      72.392           0.000       0.000              15               0
  192        -583.329    -515.702           0.000       0.000             192               0
   73        -919.306    -308.953           0.000       0.000              73               0
   29        -145.320     -29.535           0.000       0.000              29               0
  182         -63.666    -138.424           0.000       0.000             182               0
  121          -0.151     336.095           0.000       0.000             121               0
    4           2.737    -215.343           0.000       0.000               4               0
   91       -1012.705    -776.820           0.000       0.000              91               0
  211         -96.001    -768.478           0.000       0.000             211               0
  150        1001.603     554.833           0.000       0.000             150               0
   54         621.568    -334.374           0.000       0.000              54               0
  126         247.490       4.282           0.000       0.000             126               0
   24        -115.729     198.237           0.000       0.000              24               0
   65        -543.010    -638.135           0.000       0.000              65               0
  246         546.135    -129.940           0.000       0.000             246               0
  116        -314.551     704.642           0.000       0.000             116               0
  186        -570.820     296.314           0.000       0.000             186               0
  238         352.226    -263.556           0.000       0.000             238               0
  206         405.089    -744.648           0.000       0.000             206               0
   64       -1320.014     241.976           0.000       0.000              64               0
  197         -29.050     523.034           0.000       0.000             197               0
  248          87.194    -273.099           0.000       0.000             248               0
  153        -801.233    -478.366           0.000       0.000             153               0
  132         -54.961    1340.575           0.000       0.000             132               0
   11        -756.904   -1442.647           0.000       0.000              11               0
  228        -158.908   -1014.369           0.000       0.000             228               0
  223        -533.454   -1799.372           0.000       0.000             223               0
   40        -556.815     -11.122           0.000       0.000              40               0
  247       -1088.519      47.281           0.000       0.000             247               0
  137         247.906     984.134           0.000       0.000             137               0
  134         285.472     393.301           0.000       0.000             134               0
    6          34.423     104.707           0.000       0.000               6               0
   74        -203.927     -25.858           0.000       0.000              74               0
  208          53.866     582.531           0.000       0.000             208               0
   36         780.663    -373.908           0.000       0.000              36               0
    1         157.308     162.474           0.000       0.000               1               0
   73        -847.555     150.543           0.000       0.000              73               0
   40         463.823    -115.768           0.000       0.000              40               0
   92          -1.446    -448.467           0.000       0.000              92               0
   28         177.866     887.830           0.000       0.000              28               0
  191        1164.772     888.035           0.000       0.000             191               0
  147        -527.707    -604.428           0.000       0.000             147               0
  154         176.418     -22.764           0.000       0.000             154               0
  215         189.507     162.611           0.000       0.000             215               0
  213         492.842      70.329           0.000       0.000             213               0
  145        -152.209    -180.540           0.000       0.000             145               0
   76        -157.828      42.486           0.000       0.000              76               0
  144        -763.279    -399.811           0.000       0.000             144               0
  128         259.953    -982.831           0.000       0.000             128               0
   27         255.251      41.751           0.000       0.000              27               0
  208         653.806   -1006.929           0.000       0.000             208               0
   69         770.000       0.066           0.000       0.000              69               0
   19         653.696    1007.012           0.000       0.000              19               0
  106         255.220     -41.718           0.000       0.000             106               0
  201         259.825     982.855           0.000       0.000             201               0
   31        -763.336     399.713           0.000       0.000              31               0
   79        -157.815     -42.527           0.000       0.000              79               0
  169        -152.204     180.503           0.000       0.000             169               0
   71         492.860     -70.313           0.000       0.000              71               0
   70         189.514    -162.610           0.000       0.000              70               0
   50         176.404      22.772           0.000       0.000              50               0
  206        -527.739     604.344           0.000       0.000             206               0
   76        1164.854    -887.979           0.000       0.000              76               0
  125         177.908    -887.795           0.000       0.000             125               0
  158          -1.502     448.490           0.000       0.000             158               0
  113         463.780     115.798           0.000       0.000             113               0
  126        -847.558    -150.623           0.000       0.000             126               0
  231         157.342    -162.458           0.000       0.000             231               0
  153         780.619     373.961           0.000       0.000             153               0
  219          53.876    -582.538           0.000       0.000             219               0
    3        -203.953      25.845           0.000       0.000               3               0
   88          34.417    -104.712           0.000       0.000              88               0
  111         285.477    -393.283           0.000       0.000             111               0
  158         247.928    -984.080           0.000       0.000             158               0
   48       -1088.560     -47.305           0.000       0.000              48               0
   68        -556.823      11.158           0.000       0.000              68               0
   47        -533.601    1799.373           0.000       0.000              47               0
  124        -158.995    1014.338           0.000       0.000             124               0
  213        -757.018    1442.506           0.000       0.000             213               0
  175         -54.838   -1340.633           0.000       0.000             175               0
  151        -801.254     478.297           0.000       0.000             151               0
  166          87.199     273.071           0.000       0.000             166               0
  244         -29.010    -523.059           0.000       0.000             244               0
  171       -1319.959    -242.072           0.000       0.000             171               0
   16         405.084     744.680           0.000       0.000              16               0
  190         352.214     263.547           0.000       0.000             190               0
  202        -570.783    -296.397           0.000       0.000             202               0
   95        -314.448    -704.666           0.000       0.000              95               0
  103         546.149     130.010           0.000       0.000             103               0
   17        -543.044     638.083           0.000       0.000              17               0
  165        -115.664    -198.264           0.000       0.000             165               0
  154         247.540      -4.261           0.000       0.000             154               0
  224         621.573     334.415           0.000       0.000             224               0
  242        1001.635    -554.740           0.000       0.000             242               0
   24         -96.109     768.490           0.000       0.000              24               0
  126       -1012.769     776.709           0.000       0.000             126               0
  100           2.750     215.296           0.000       0.000             100               0
  151          -0.107    -336.124           0.000       0.000             151               0
  101         -63.670     138.405           0.000       0.000             101               0
  253        -145.324      29.508           0.000       0.000             253               0
  114        -919.314     308.859           0.000       0.000             114               0
  104        -583.322     515.610           0.000       0.000             104               0
   86        -535.359     -72.497           0.000       0.000              86               0
  225        -115.058    -490.767           0.000       0.000             225               0
    7         159.588    -952.123           0.000       0.000               7               0
  134        -398.071     918.232           0.000       0.000             134               0
   38         299.551    -679.484           0.000       0.000              38               0
   54         479.958    -825.982           0.000       0.000              54               0
    3        1106.545     415.745           0.000       0.000               3               0
  252        -315.023    -970.090           0.000       0.000             252               0
  230         439.971     647.805           0.000       0.000             230               0
  155        1088.438    -312.642           0.000       0.000             155               0
  162          35.674    -697.802           0.000       0.000             162               0
  219        -999.047    -460.798           0.000       0.000             219               0
   70         -36.796    -311.204           0.000       0.000              70               0
