SINAL     NFT                         FFT                         NFT INVERSA     FFT INVERSA
-----     -----------------------     -----------------------     -----------     -----------
  158       15857.000       0.000           0.000       0.000             158               0
  131         633.250      94.810           0.000       0.000             131               0
  117         687.881    -241.999           0.000       0.000             117               0
  173        -199.489    -347.615           0.000       0.000             173               0
  134         479.053     854.984           0.000       0.000             134               0
   60         -55.427     216.143           0.000       0.000              60               0
  119        -994.049     412.438           0.000       0.000             119               0
  188           5.785    -375.509           0.000       0.000             188               0
  140        -286.096    -422.274           0.000       0.000             140               0
  186        -380.742    -445.466           0.000       0.000             186               0
  196          22.988       9.305           0.000       0.000             196               0
   93         112.095     707.464           0.000       0.000              93               0
  228         464.978      39.833           0.000       0.000             228               0
   13         108.353      98.307           0.000       0.000              13               0
   97         304.718     292.263           0.000       0.000              97               0
  178         907.734    -781.326           0.000       0.000             178               0
    7        -831.560    -927.383           0.000       0.000               7               0
  139         763.077     149.962           0.000       0.000             139               0
  214        -414.792    -371.263           0.000       0.000             214               0
  224         782.522     894.295           0.000       0.000             224               0
  176           5.553    -115.141           0.000       0.000             176               0
   56        -946.380     329.960           0.000       0.000              56               0
  196         242.509    -850.323           0.000       0.000             196               0
   28         800.411     102.071           0.000       0.000              28               0
  207        -455.599    -276.170           0.000       0.000             207               0
   64        -377.256     517.585           0.000       0.000              64               0
  148         459.402    1507.548           0.000       0.000             148               0
   82        -130.541     -46.801           0.000       0.000              82               0
  139        -970.885    -811.308           0.000       0.000             139               0
  147          97.888      44.791           0.000       0.000             147               0
  118        -111.330     500.765           0.000       0.000             118               0
   41        -153.572    -561.433           0.000       0.000              41               0
   23        -857.991      58.981           0.000       0.000              23               0
  236         802.474    -176.180           0.000       0.000             236               0
  215        1112.248     -45.828           0.000       0.000             215               0
  158         717.380     311.512           0.000       0.000             158               0
   41        1025.202     229.001           0.000       0.000              41               0
   78        -464.069     403.094           0.000       0.000              78               0
   90         -47.677      71.021           0.000       0.000              90               0
  181          72.787     836.636           0.000       0.000             181               0
    9         -50.758    -254.216           0.000       0.000               9               0
   30        -350.656    1548.269           0.000       0.000              30               0
   19         100.417    -598.710           0.000       0.000              19               0
  237         690.405    -120.172           0.000       0.000             237               0
   44        -605.860     -22.580           0.000       0.000              44               0
  116         176.370    -171.404           0.000       0.000             116               0
  159       -1512.368    -934.351           0.000       0.000             159               0
   51         810.637    -390.295           0.000       0.000              51               0
    0        -858.431    -321.397           0.000       0.000              -0               0
  118        -108.796     297.607           0.000       0.000             118               0
   20        -738.975     854.190           0.000       0.000              20               0
  177        -325.705    -572.324           0.000       0.000             177               0
  174         676.539     488.011           0.000       0.000             174               0
  217         121.114     266.554           0.000       0.000             217               0
  205          68.484   -1493.603           0.000       0.000             205               0
  125         108.876    -712.105           0.000       0.000             125               0
   25          48.460    -492.297           0.000       0.000              25               0
   98        -447.760     689.287           0.000       0.000              98               0
  208         -97.945       2.454           0.000       0.000             208               0
  164         100.067    -360.440           0.000       0.000             164               0
  245         477.407    -853.164           0.000       0.000             245               0
   71       -1324.018    -597.281           0.000       0.000              71               0
  206        1286.557     157.513           0.000       0.000             206               0
   12         877.111     202.260           0.000       0.000              12               0
   51         263.000       0.013           0.000       0.000              51               0
  165         877.124    -202.175           0.000       0.000             165               0
  170        1286.502    -157.371           0.000       0.000             170               0
   92       -1324.112     597.203           0.000       0.000              92               0
  243         477.337     853.199           0.000       0.000             243               0
    5         100.011     360.417           0.000       0.000               5               0
   18         -97.970      -2.494           0.000       0.000              18               0
  253        -447.708    -689.316           0.000       0.000             253               0
   35          48.426     492.334           0.000       0.000              35               0
   37         108.817     712.125           0.000       0.000              37               0
  234          68.356    1493.560           0.000       0.000             234               0
   80         121.136    -266.619           0.000       0.000              80               0
  154         676.551    -487.982           0.000       0.000             154               0
  138        -325.802     572.261           0.000       0.000             138               0
  132        -738.919    -854.284           0.000       0.000             132               0
  155        -108.775    -297.602           0.000       0.000             155               0
    1        -858.441     321.339           0.000       0.000               1               0
  152         810.600     390.364           0.000       0.000             152               0
   76       -1512.444     934.195           0.000       0.000              76               0
  175         176.396     171.365           0.000       0.000             175               0
  114        -605.820      22.485           0.000       0.000             114               0
   26         690.431     120.189           0.000       0.000              26               0
   45         100.368     598.640           0.000       0.000              45               0
  139        -350.513   -1548.349           0.000       0.000             139               0
  124         -50.750     254.193           0.000       0.000             124               0
  253          72.884    -836.653           0.000       0.000             253               0
   48         -47.646     -71.032           0.000       0.000              48               0
  114        -463.976    -403.143           0.000       0.000             114               0
   68        1025.279    -228.917           0.000       0.000              68               0
  254         717.427    -311.445           0.000       0.000             254               0
  127        1112.234      45.930           0.000       0.000             127               0
  120         802.399     176.245           0.000       0.000             120               0
  163        -858.028     -59.056           0.000       0.000             163               0
   42        -153.620     561.398           0.000       0.000              42               0
  212        -111.288    -500.798           0.000       0.000             212               0
  151          97.879     -44.778           0.000       0.000             151               0
   47        -970.943     811.200           0.000       0.000              47               0
  231        -130.500      46.718           0.000       0.000             231               0
  148         459.548   -1507.539           0.000       0.000             148               0
   83        -377.202    -517.583           0.000       0.000              83               0
   13        -455.575     276.155           0.000       0.000              13               0
  127         800.454    -101.988           0.000       0.000             127               0
  164         242.428     850.333           0.000       0.000             164               0
  168        -946.330    -330.067           0.000       0.000             168               0
    9           5.607     115.121           0.000       0.000               9               0
   40         782.627    -894.225           0.000       0.000              40               0
   67        -414.794     371.251           0.000       0.000              67               0
   10         763.113    -149.878           0.000       0.000              10               0
  193        -831.599     927.322           0.000       0.000             193               0
  144         907.722     781.358           0.000       0.000             144               0
  186         304.761    -292.286           0.000       0.000             186               0
   51         108.387     -98.325           0.000       0.000              51               0
  171         465.003     -39.824           0.000       0.000             171               0
  231         112.165    -707.462           0.000       0.000             231               0
  190          23.002      -9.284           0.000       0.000             190               0
   40        -380.752     445.438           0.000       0.000              40               0
  229        -286.081     422.230           0.000       0.000             229               0
  238           5.804     375.465           0.000       0.000             238               0
  154        -993.929    -412.564           0.000       0.000             154               0
   41         -55.273    -216.175           0.000       0.000              41               0
  236         479.258    -854.940           0.000       0.000             236               0
   26        -199.349     347.616           0.000       0.000              26               0
  161         688.102     242.045           0.000       0.000             161               0
  144         633.678     -94.772           0.000       0.000             144               0
