SINAL     NFT                         FFT                         NFT INVERSA     FFT INVERSA
-----     -----------------------     -----------------------     -----------     -----------
  135       15782.000       0.000           0.000       0.000             135               0
  113          65.368     430.783           0.000       0.000             113               0
   23        -375.001    1348.527           0.000       0.000              23               0
  156        -218.102    -239.108           0.000       0.000             156               0
  233          94.391      -6.638           0.000       0.000             233               0
   90         209.428    -619.514           0.000       0.000              90               0
    3         740.317     207.251           0.000       0.000               3               0
  182        -392.530     745.822           0.000       0.000             182               0
  122        -741.197    -423.198           0.000       0.000             122               0
   32        -524.342     289.537           0.000       0.000              32               0
  222        -306.742    -745.405           0.000       0.000             222               0
  143         393.458    -691.523           0.000       0.000             143               0
   44         228.700     994.452           0.000       0.000              44               0
   51         526.829     -56.829           0.000       0.000              51               0
   22         559.755     -62.999           0.000       0.000              22               0
  179       -1009.084      10.405           0.000       0.000             179               0
   77        -110.025     380.468           0.000       0.000              77               0
  112        -441.519    -252.646           0.000       0.000             112               0
   21        -397.489    -336.281           0.000       0.000              21               0
   82         500.399    -450.667           0.000       0.000              82               0
  154        -290.688     -84.986           0.000       0.000             154               0
  243        -718.897      88.020           0.000       0.000             243               0
   14        -433.482    1044.997           0.000       0.000              14               0
   93         655.069     373.238           0.000       0.000              93               0
  166        -175.236    -335.852           0.000       0.000             166               0
   27         320.943     345.489           0.000       0.000              27               0
   53         494.572     672.076           0.000       0.000              53               0
  156          59.700    -648.727           0.000       0.000             156               0
  175          11.628    -647.190           0.000       0.000             175               0
  183        -478.818    1085.848           0.000       0.000             183               0
  144        -778.227    -152.308           0.000       0.000             144               0
   55        1144.816     984.875           0.000       0.000              55               0
   41         401.019    -859.001           0.000       0.000              41               0
  168         568.089     295.625           0.000       0.000             168               0
  211         741.812    1050.828           0.000       0.000             211               0
   18         -32.995    -415.414           0.000       0.000              18               0
    3        -582.843    -119.233           0.000       0.000               3               0
  215        1185.997    -433.527           0.000       0.000             215               0
  201         801.304    -108.819           0.000       0.000             201               0
  125         408.754   -2079.540           0.000       0.000             125               0
  247        -532.396    -126.804           0.000       0.000             247               0
  168         193.651    -395.856           0.000       0.000             168               0
   13        1254.887    -338.861           0.000       0.000              13               0
   36        -364.298     197.509           0.000       0.000              36               0
  219         385.651     443.062           0.000       0.000             219               0
   35        -550.475    -438.765           0.000       0.000              35               0
  215        -966.196     231.829           0.000       0.000             215               0
   40         111.093     819.852           0.000       0.000              40               0
  148        -563.972    -107.553           0.000       0.000             148               0
  237         553.996     304.082           0.000       0.000             237               0
  123         488.937      54.607           0.000       0.000             123               0
   47        -286.886     105.971           0.000       0.000              47               0
  224         174.102     214.416           0.000       0.000             224               0
  137         165.219    -493.289           0.000       0.000             137               0
  141          72.855     -70.422           0.000       0.000             141               0
  134          67.316    -223.517           0.000       0.000             134               0
  165        -119.179    -106.150           0.000       0.000             165               0
  194        -372.327    -301.000           0.000       0.000             194               0
   35         343.328     935.751           0.000       0.000              35               0
   84         209.080     315.131           0.000       0.000              84               0
  121        -581.029     941.247           0.000       0.000             121               0
  180        -104.019    -239.868           0.000       0.000             180               0
  140         367.277    -992.372           0.000       0.000             140               0
  162        -469.055    1379.760           0.000       0.000             162               0
   92       -1668.000      -0.106           0.000       0.000              92               0
   96        -468.884   -1379.809           0.000       0.000              96               0
  181         367.225     992.407           0.000       0.000             181               0
   96        -104.036     239.799           0.000       0.000              96               0
   55        -580.925    -941.336           0.000       0.000              55               0
  127         209.141    -315.126           0.000       0.000             127               0
  222         343.412    -935.706           0.000       0.000             222               0
   47        -372.347     300.998           0.000       0.000              47               0
   39        -119.164     106.147           0.000       0.000              39               0
  235          67.320     223.521           0.000       0.000             235               0
   83          72.869      70.424           0.000       0.000              83               0
    2         165.193     493.282           0.000       0.000               2               0
   15         174.125    -214.431           0.000       0.000              15               0
   43        -286.860    -106.012           0.000       0.000              43               0
   43         488.962     -54.585           0.000       0.000              43               0
  164         554.002    -304.048           0.000       0.000             164               0
   24        -563.997     107.487           0.000       0.000              24               0
  166         111.154    -819.847           0.000       0.000             166               0
  211        -966.169    -231.882           0.000       0.000             211               0
  249        -550.456     438.727           0.000       0.000             249               0
   48         385.738    -443.028           0.000       0.000              48               0
   96        -364.225    -197.508           0.000       0.000              96               0
  127        1254.896     338.998           0.000       0.000             127               0
  213         193.610     395.892           0.000       0.000             213               0
   34        -532.379     126.796           0.000       0.000              34               0
  163         408.634    2079.560           0.000       0.000             163               0
   42         801.327     108.823           0.000       0.000              42               0
  156        1185.941     433.578           0.000       0.000             156               0
   87        -582.871     119.134           0.000       0.000              87               0
  183         -32.998     415.342           0.000       0.000             183               0
   63         741.923   -1050.814           0.000       0.000              63               0
  180         568.113    -295.575           0.000       0.000             180               0
   23         400.943     858.998           0.000       0.000              23               0
  245        1144.853    -984.819           0.000       0.000             245               0
   20        -778.290     152.223           0.000       0.000              20               0
   78        -478.722   -1085.883           0.000       0.000              78               0
  116          11.592     647.211           0.000       0.000             116               0
  242          59.665     648.692           0.000       0.000             242               0
  126         494.636    -672.076           0.000       0.000             126               0
  155         320.958    -345.466           0.000       0.000             155               0
  222        -175.269     335.818           0.000       0.000             222               0
  209         655.080    -373.221           0.000       0.000             209               0
  158        -433.430   -1045.030           0.000       0.000             158               0
  237        -718.887     -88.048           0.000       0.000             237               0
  253        -290.664      84.986           0.000       0.000             253               0
  201         500.371     450.717           0.000       0.000             201               0
  145        -397.523     336.234           0.000       0.000             145               0
   21        -441.521     252.579           0.000       0.000              21               0
  112        -109.973    -380.498           0.000       0.000             112               0
  101       -1009.028     -10.495           0.000       0.000             101               0
   14         559.822      63.034           0.000       0.000              14               0
  161         526.858      56.848           0.000       0.000             161               0
  197         228.803    -994.420           0.000       0.000             197               0
  142         393.405     691.586           0.000       0.000             142               0
  119        -306.803     745.355           0.000       0.000             119               0
  232        -524.293    -289.611           0.000       0.000             232               0
   49        -741.171     423.104           0.000       0.000              49               0
  162        -392.365    -745.880           0.000       0.000             162               0
  132         740.428    -207.175           0.000       0.000             132               0
  137         209.448     619.525           0.000       0.000             137               0
   89          94.477       6.615           0.000       0.000              89               0
  196        -217.998     239.040           0.000       0.000             196               0
   61        -374.675   -1348.579           0.000       0.000              61               0
  113          65.833    -430.742           0.000       0.000             113               0
