SINAL     NFT                         FFT                         NFT INVERSA     FFT INVERSA
-----     -----------------------     -----------------------     -----------     -----------
   68       16070.000       0.000           0.000       0.000              68               0
   67         564.195    -295.137           0.000       0.000              67               0
  239         489.782     928.058           0.000       0.000             239               0
  229        -468.320    -137.095           0.000       0.000             229               0
  141         687.486     470.910           0.000       0.000             141               0
   54         934.255     -53.182           0.000       0.000              54               0
  135        -429.855     336.631           0.000       0.000             135               0
   77          55.135     354.407           0.000       0.000              77               0
  178         450.476     109.273           0.000       0.000             178               0
   33        -386.030    -636.571           0.000       0.000              33               0
  180        -174.636     -96.385           0.000       0.000             180               0
   28         460.070    -446.291           0.000       0.000              28               0
  197        -109.249     329.152           0.000       0.000             197               0
   44         730.203     142.445           0.000       0.000              44               0
  175        -550.642     546.539           0.000       0.000             175               0
   39        -716.121    -368.516           0.000       0.000              39               0
   87        -324.869     -43.501           0.000       0.000              87               0
  223         133.437   -1042.860           0.000       0.000             223               0
  174        -910.342      51.241           0.000       0.000             174               0
   81        1022.704    -405.186           0.000       0.000              81               0
   55       -1070.475     158.940           0.000       0.000              55               0
  161         231.983     423.279           0.000       0.000             161               0
  150         -91.730    -540.581           0.000       0.000             150               0
  146        -116.994     629.407           0.000       0.000             146               0
   80         396.327    -278.313           0.000       0.000              80               0
   78        -706.778    -526.715           0.000       0.000              78               0
  130        -565.463    1107.845           0.000       0.000             130               0
  181        -602.282     315.596           0.000       0.000             181               0
  119        -322.486    1290.088           0.000       0.000             119               0
  163         -24.344     319.865           0.000       0.000             163               0
  102        -344.470      52.834           0.000       0.000             102               0
  188       -1066.149    -237.431           0.000       0.000             188               0
  230           1.007    -105.000           0.000       0.000             230               0
   86        -553.727     201.315           0.000       0.000              86               0
  162        -342.245     -60.378           0.000       0.000             162               0
  115         640.638     109.131           0.000       0.000             115               0
  140        -130.795    1044.147           0.000       0.000             140               0
   41          22.324     -67.772           0.000       0.000              41               0
  193         -24.297    -557.348           0.000       0.000             193               0
   63          -5.343    -493.725           0.000       0.000              63               0
   74         684.699     793.464           0.000       0.000              74               0
  118        -210.621    -291.237           0.000       0.000             118               0
   91         327.865      42.766           0.000       0.000              91               0
   16         446.481    1219.859           0.000       0.000              16               0
  163         625.720     762.132           0.000       0.000             163               0
   11        -530.422    -262.476           0.000       0.000              11               0
   56        -250.594     800.713           0.000       0.000              56               0
  251         193.217    -647.357           0.000       0.000             251               0
  234        -411.181    1238.483           0.000       0.000             234               0
  230        -740.490    -375.156           0.000       0.000             230               0
   76         263.828    -476.165           0.000       0.000              76               0
   34        -328.702      57.992           0.000       0.000              34               0
  136         891.390      94.857           0.000       0.000             136               0
  227         574.453     520.376           0.000       0.000             227               0
  181         116.180    -213.528           0.000       0.000             181               0
  217          -6.879     152.562           0.000       0.000             217               0
   50        -175.550     -14.971           0.000       0.000              50               0
   55        -373.340     733.367           0.000       0.000              55               0
  143        -963.339    -334.518           0.000       0.000             143               0
  169        -985.688     742.180           0.000       0.000             169               0
  218        -739.690     683.419           0.000       0.000             218               0
  245         966.317     182.727           0.000       0.000             245               0
  102         -70.103     561.169           0.000       0.000             102               0
  193         622.622    1230.778           0.000       0.000             193               0
   75        -784.000      -0.093           0.000       0.000              75               0
    8         622.736   -1230.803           0.000       0.000               8               0
   53         -70.062    -561.203           0.000       0.000              53               0
  216         966.292    -182.679           0.000       0.000             216               0
   49        -739.697    -683.512           0.000       0.000              49               0
  246        -985.645    -742.260           0.000       0.000             246               0
   24        -963.344     334.429           0.000       0.000              24               0
  124        -373.235    -733.411           0.000       0.000             124               0
  109        -175.509      14.959           0.000       0.000             109               0
  116          -6.825    -152.567           0.000       0.000             116               0
  140         116.203     213.520           0.000       0.000             140               0
   16         574.525    -520.344           0.000       0.000              16               0
  127         891.382     -94.780           0.000       0.000             127               0
  196        -328.722     -58.017           0.000       0.000             196               0
   11         263.767     476.174           0.000       0.000              11               0
  106        -740.534     375.039           0.000       0.000             106               0
  171        -411.054   -1238.542           0.000       0.000             171               0
   87         193.180     647.358           0.000       0.000              87               0
  141        -250.518    -800.762           0.000       0.000             141               0
   52        -530.404     262.406           0.000       0.000              52               0
   58         625.825    -762.119           0.000       0.000              58               0
   66         446.592   -1219.808           0.000       0.000              66               0
   13         327.861     -42.701           0.000       0.000              13               0
  109        -210.640     291.222           0.000       0.000             109               0
  122         684.764    -793.392           0.000       0.000             122               0
  156          -5.405     493.752           0.000       0.000             156               0
   23         -24.355     557.329           0.000       0.000              23               0
   84          22.309      67.728           0.000       0.000              84               0
  146        -130.708   -1044.173           0.000       0.000             146               0
  125         640.626    -109.061           0.000       0.000             125               0
   21        -342.292      60.352           0.000       0.000              21               0
  222        -553.725    -201.361           0.000       0.000             222               0
  133           0.979     105.001           0.000       0.000             133               0
   75       -1066.175     237.323           0.000       0.000              75               0
  183        -344.439     -52.898           0.000       0.000             183               0
  183         -24.305    -319.910           0.000       0.000             183               0
   65        -322.378   -1290.123           0.000       0.000              65               0
  207        -602.245    -315.629           0.000       0.000             207               0
   51        -565.343   -1107.848           0.000       0.000              51               0
  175        -706.767     526.707           0.000       0.000             175               0
   67         396.353     278.350           0.000       0.000              67               0
  192        -116.916    -629.399           0.000       0.000             192               0
  191         -91.745     540.592           0.000       0.000             191               0
  195         232.031    -423.253           0.000       0.000             195               0
  132       -1070.420    -158.996           0.000       0.000             132               0
  203        1022.702     405.297           0.000       0.000             203               0
   46        -910.323     -51.291           0.000       0.000              46               0
   48         133.387    1042.875           0.000       0.000              48               0
   35        -324.849      43.451           0.000       0.000              35               0
  187        -716.104     368.428           0.000       0.000             187               0
  100        -550.507    -546.606           0.000       0.000             100               0
   94         730.290    -142.381           0.000       0.000              94               0
  254        -109.167    -329.143           0.000       0.000             254               0
  113         460.084     446.344           0.000       0.000             113               0
  203        -174.600      96.372           0.000       0.000             203               0
  120        -386.007     636.521           0.000       0.000             120               0
   14         450.567    -109.272           0.000       0.000              14               0
  226          55.236    -354.423           0.000       0.000             226               0
  205        -429.715    -336.669           0.000       0.000             205               0
  161         934.374      53.255           0.000       0.000             161               0
   95         687.620    -470.854           0.000       0.000              95               0
  227        -468.186     137.053           0.000       0.000             227               0
  127         490.098    -928.001           0.000       0.000             127               0
  229         564.597     295.217           0.000       0.000             229               0
