SINAL     NFT                         FFT                         NFT INVERSA     FFT INVERSA
-----     -----------------------     -----------------------     -----------     -----------
  234       16201.000       0.000           0.000       0.000             234               0
  199         202.148      79.243           0.000       0.000             199               0
  170         312.823     419.225           0.000       0.000             170               0
  216        -359.537      42.060           0.000       0.000             216               0
   95        -609.072     717.994           0.000       0.000              95               0
   76         638.837     712.239           0.000       0.000              76               0
  207         -66.199    -521.768           0.000       0.000             207               0
   93         350.665    -758.766           0.000       0.000              93               0
   18         -85.863   -1078.764           0.000       0.000              18               0
  128         565.785     272.192           0.000       0.000             128               0
   21         388.172    -689.602           0.000       0.000              21               0
   87         189.601    -791.619           0.000       0.000              87               0
   26         203.942    -530.074           0.000       0.000              26               0
   88       -1463.034    -563.539           0.000       0.000              88               0
  217         577.081    -630.657           0.000       0.000             217               0
  235         492.148     -97.103           0.000       0.000             235               0
  209          10.415    1073.574           0.000       0.000             209               0
   15         310.480      21.918           0.000       0.000              15               0
   25        1012.895    -535.298           0.000       0.000              25               0
  225         -31.478    -848.254           0.000       0.000             225               0
   34        -173.809    -829.022           0.000       0.000              34               0
  226         287.283     107.070           0.000       0.000             226               0
  209        -685.953    -947.313           0.000       0.000             209               0
  192         580.737    -289.494           0.000       0.000             192               0
  140         970.518     554.138           0.000       0.000             140               0
  186         929.044     418.360           0.000       0.000             186               0
  125        -129.591     318.317           0.000       0.000             125               0
  184         182.038    -686.402           0.000       0.000             184               0
   84          61.323     517.854           0.000       0.000              84               0
  129        -666.330    -826.041           0.000       0.000             129               0
  115          15.356    -305.620           0.000       0.000             115               0
   62        -665.677     -22.350           0.000       0.000              62               0
   73         201.996     355.007           0.000       0.000              73               0
   30          42.273     326.512           0.000       0.000              30               0
   23         -34.215     326.215           0.000       0.000              23               0
  169         732.445    -294.895           0.000       0.000             169               0
  107         -38.855     259.631           0.000       0.000             107               0
  231         219.526       1.029           0.000       0.000             231               0
    6        -717.399     533.279           0.000       0.000               6               0
  125         353.774     312.988           0.000       0.000             125               0
  104         502.791     299.541           0.000       0.000             104               0
   28         199.679    -274.069           0.000       0.000              28               0
  212         839.331     459.097           0.000       0.000             212               0
  130         311.611   -1161.112           0.000       0.000             130               0
  116         172.149      98.801           0.000       0.000             116               0
  174         604.000     392.619           0.000       0.000             174               0
  110          37.265     265.422           0.000       0.000             110               0
   70         -94.188     194.793           0.000       0.000              70               0
  190         263.555     135.555           0.000       0.000             190               0
  136        -130.217   -1586.058           0.000       0.000             136               0
   39       -1403.724    -271.535           0.000       0.000              39               0
  224         199.371    -836.121           0.000       0.000             224               0
  107          56.467     287.774           0.000       0.000             107               0
  249         118.699     -13.380           0.000       0.000             249               0
  161        -492.576      85.044           0.000       0.000             161               0
  247        1021.132     644.116           0.000       0.000             247               0
  179         300.578   -1217.332           0.000       0.000             179               0
   30         -45.784     493.156           0.000       0.000              30               0
  176         492.001    -580.871           0.000       0.000             176               0
    7         517.503     473.143           0.000       0.000               7               0
  160         375.758     733.810           0.000       0.000             160               0
   36        -512.254     924.303           0.000       0.000              36               0
   70        -369.244    -856.907           0.000       0.000              70               0
  233         295.677    -771.283           0.000       0.000             233               0
   66        -977.000      -0.028           0.000       0.000              66               0
   93         295.629     771.308           0.000       0.000              93               0
  146        -369.312     856.814           0.000       0.000             146               0
  173        -512.140    -924.408           0.000       0.000             173               0
   69         375.865    -733.786           0.000       0.000              69               0
  153         517.564    -473.075           0.000       0.000             153               0
   43         491.952     580.921           0.000       0.000              43               0
  173         -45.740    -493.150           0.000       0.000             173               0
  181         300.493    1217.344           0.000       0.000             181               0
  255        1021.163    -644.065           0.000       0.000             255               0
   48        -492.599     -85.084           0.000       0.000              48               0
   42         118.694      13.391           0.000       0.000              42               0
  173          56.479    -287.748           0.000       0.000             173               0
  158         199.268     836.154           0.000       0.000             158               0
  112       -1403.745     271.419           0.000       0.000             112               0
  108        -130.297    1586.006           0.000       0.000             108               0
   38         263.600    -135.611           0.000       0.000              38               0
  152         -94.144    -194.850           0.000       0.000             152               0
   76          37.329    -265.454           0.000       0.000              76               0
  145         604.063    -392.582           0.000       0.000             145               0
  145         172.176     -98.776           0.000       0.000             145               0
  237         311.542    1161.109           0.000       0.000             237               0
  137         839.376    -459.077           0.000       0.000             137               0
   69         199.650     274.048           0.000       0.000              69               0
   12         502.808    -299.544           0.000       0.000              12               0
   58         353.770    -312.991           0.000       0.000              58               0
   76        -717.359    -533.352           0.000       0.000              76               0
  172         219.547      -1.017           0.000       0.000             172               0
   94         -38.813    -259.640           0.000       0.000              94               0
  147         732.424     294.942           0.000       0.000             147               0
  150         -34.200    -326.241           0.000       0.000             150               0
  161          42.298    -326.515           0.000       0.000             161               0
  241         202.012    -354.980           0.000       0.000             241               0
   40        -665.678      22.315           0.000       0.000              40               0
   79          15.346     305.636           0.000       0.000              79               0
   54        -666.367     825.963           0.000       0.000              54               0
  194          61.419    -517.868           0.000       0.000             194               0
  122         182.023     686.399           0.000       0.000             122               0
  227        -129.506    -318.364           0.000       0.000             227               0
  119         929.133    -418.293           0.000       0.000             119               0
  121         970.573    -554.032           0.000       0.000             121               0
   19         580.686     289.584           0.000       0.000              19               0
  162        -686.033     947.260           0.000       0.000             162               0
   39         287.317    -107.047           0.000       0.000              39               0
  177        -173.853     829.013           0.000       0.000             177               0
   19         -31.498     848.221           0.000       0.000              19               0
  148        1012.883     535.325           0.000       0.000             148               0
  216         310.483     -21.958           0.000       0.000             216               0
  171          10.520   -1073.589           0.000       0.000             171               0
  224         492.156      97.173           0.000       0.000             224               0
  105         577.005     630.718           0.000       0.000             105               0
   61       -1463.063     563.408           0.000       0.000              61               0
  206         203.969     530.076           0.000       0.000             206               0
  243         189.593     791.606           0.000       0.000             243               0
  130         388.169     689.579           0.000       0.000             130               0
  218         565.845    -272.179           0.000       0.000             218               0
   45         -85.912    1078.726           0.000       0.000              45               0
  207         350.654     758.720           0.000       0.000             207               0
  135         -66.179     521.656           0.000       0.000             135               0
  139         638.959    -712.280           0.000       0.000             139               0
   98        -608.930    -718.091           0.000       0.000              98               0
   29        -359.374     -42.124           0.000       0.000              29               0
   45         313.090    -419.230           0.000       0.000              45               0
   84         202.585     -79.244           0.000       0.000              84               0
