SINAL     NFT                         FFT                         NFT INVERSA     FFT INVERSA
-----     -----------------------     -----------------------     -----------     -----------
   47       31037.000       0.000           0.000       0.000              47               0
  126        1176.771    -855.938           0.000       0.000             126               0
   89       -1056.000     -83.500           0.000       0.000              89               0
  183         -52.410   -1916.921           0.000       0.000             183               0
  140       -1170.365    1195.106           0.000       0.000             140               0
  199         934.828     122.802           0.000       0.000             199               0
   17        -417.244     177.631           0.000       0.000              17               0
  160       -2720.351    -877.016           0.000       0.000             160               0
   68         493.776      50.134           0.000       0.000              68               0
  199         122.353     202.688           0.000       0.000             199               0
   45         851.531     -51.004           0.000       0.000              45               0
  137         392.286    1233.026           0.000       0.000             137               0
    7        -441.155    -875.891           0.000       0.000               7               0
  137         365.207     333.151           0.000       0.000             137               0
  164        -130.531   -1013.006           0.000       0.000             164               0
  146        -894.167    -101.586           0.000       0.000             146               0
  210         163.773   -1454.097           0.000       0.000             210               0
  156        -504.577    -609.303           0.000       0.000             156               0
   90        1403.194     434.692           0.000       0.000              90               0
  247       -1035.993    -688.671           0.000       0.000             247               0
   44        2159.993    -323.434           0.000       0.000              44               0
  160        -228.265    -232.106           0.000       0.000             160               0
  247         -93.828     185.870           0.000       0.000             247               0
   61         761.247    -502.722           0.000       0.000              61               0
  146        -945.573     274.641           0.000       0.000             146               0
  220       -1461.028    -356.835           0.000       0.000             220               0
  243        -846.901     -99.707           0.000       0.000             243               0
  112          24.684    1339.550           0.000       0.000             112               0
  245        1910.568    -655.249           0.000       0.000             245               0
  130         343.334    1489.788           0.000       0.000             130               0
   62         762.763     226.280           0.000       0.000              62               0
   37       -1938.290     222.990           0.000       0.000              37               0
    0         680.731    -223.209           0.000       0.000               0               0
  152        -925.225   -1062.547           0.000       0.000             152               0
  220        -778.200    1298.279           0.000       0.000             220               0
  141         882.934    -250.955           0.000       0.000             141               0
   95         299.118    -270.655           0.000       0.000              95               0
  237        -863.216     686.306           0.000       0.000             237               0
   45         614.662     873.905           0.000       0.000              45               0
  164         170.286   -1851.754           0.000       0.000             164               0
  181       -1988.313     461.912           0.000       0.000             181               0
   91         179.915    1241.306           0.000       0.000              91               0
   46        -831.377    -947.227           0.000       0.000              46               0
  189       -1518.387    -113.999           0.000       0.000             189               0
  229        -620.399    1045.721           0.000       0.000             229               0
  210        -846.813     670.097           0.000       0.000             210               0
   79         385.631    -298.525           0.000       0.000              79               0
  184          58.041     228.914           0.000       0.000             184               0
  111        -842.825    -856.561           0.000       0.000             111               0
  170       -1547.109     156.836           0.000       0.000             170               0
  175         -55.327    -142.174           0.000       0.000             175               0
  155         297.854     -23.412           0.000       0.000             155               0
   74         411.640      52.455           0.000       0.000              74               0
  167         180.696    -695.936           0.000       0.000             167               0
  217         860.459    -350.755           0.000       0.000             217               0
  221        -775.165     108.221           0.000       0.000             221               0
  131        -433.885   -1084.859           0.000       0.000             131               0
  204         477.318      94.298           0.000       0.000             204               0
   77        1501.480     213.453           0.000       0.000              77               0
  121          85.117    -625.312           0.000       0.000             121               0
   78         563.483    -107.677           0.000       0.000              78               0
  140         838.312     571.277           0.000       0.000             140               0
  158         720.950     236.402           0.000       0.000             158               0
   79          97.266      25.338           0.000       0.000              79               0
   36        -868.006    -227.040           0.000       0.000              36               0
  122          56.017    -355.978           0.000       0.000             122               0
  221         407.566     -27.263           0.000       0.000             221               0
  132        -569.688    1106.136           0.000       0.000             132               0
  104         227.177     -86.208           0.000       0.000             104               0
   11       -1144.309    1477.584           0.000       0.000              11               0
   40        1352.133    -459.080           0.000       0.000              40               0
   30         316.207    -794.193           0.000       0.000              30               0
  102        -693.362      33.034           0.000       0.000             102               0
   86        -683.758   -2022.041           0.000       0.000              86               0
  219         234.356     181.386           0.000       0.000             219               0
   76         -47.931     140.152           0.000       0.000              76               0
   41         219.547     346.150           0.000       0.000              41               0
   43        -409.062     -86.292           0.000       0.000              43               0
    4          12.192   -1327.788           0.000       0.000               4               0
  153          79.226     672.652           0.000       0.000             153               0
  213        -511.846     696.123           0.000       0.000             213               0
  180        1219.085    -532.951           0.000       0.000             180               0
   53        -214.011    1137.178           0.000       0.000              53               0
   32        1236.509    -925.210           0.000       0.000              32               0
   91        -566.971   -1525.609           0.000       0.000              91               0
   14          -4.053    -197.463           0.000       0.000              14               0
  253         454.895    -502.161           0.000       0.000             253               0
  223       -1344.200     -33.192           0.000       0.000             223               0
  219        -666.437     694.189           0.000       0.000             219               0
   75        -296.245    -183.399           0.000       0.000              75               0
   88        1455.255    1444.917           0.000       0.000              88               0
   42         311.189     -39.645           0.000       0.000              42               0
  215         997.714     903.893           0.000       0.000             215               0
  247         596.843     290.115           0.000       0.000             247               0
  122        -588.692    1934.343           0.000       0.000             122               0
  252        -870.481   -1298.674           0.000       0.000             252               0
  114          37.238     518.766           0.000       0.000             114               0
   87         -19.844    -589.220           0.000       0.000              87               0
  129         454.588    -705.061           0.000       0.000             129               0
  218        -200.952    -137.969           0.000       0.000             218               0
   98        -606.982    -384.675           0.000       0.000              98               0
  169         -47.192    -810.118           0.000       0.000             169               0
  249        -565.502    1476.476           0.000       0.000             249               0
  201        -666.349      56.206           0.000       0.000             201               0
    0        -145.934    -252.364           0.000       0.000              -0               0
  212         672.383     -28.151           0.000       0.000             212               0
   22        -561.882     124.344           0.000       0.000              22               0
   42        1135.534    1030.864           0.000       0.000              42               0
    0         832.038     -68.479           0.000       0.000              -0               0
   26         -56.351     788.218           0.000       0.000              26               0
  195        1657.784    -165.805           0.000       0.000             195               0
  213        -365.084     688.120           0.000       0.000             213               0
  206        -469.135     -45.485           0.000       0.000             206               0
  248        -390.859     301.555           0.000       0.000             248               0
  245        -319.725    -208.193           0.000       0.000             245               0
   41       -1362.417    -441.927           0.000       0.000              41               0
    7         678.219    1197.825           0.000       0.000               7               0
  242        -465.372    -332.467           0.000       0.000             242               0
    8       -1115.938   -1125.205           0.000       0.000               8               0
  226        1137.220   -1854.357           0.000       0.000             226               0
   62         835.742    -471.088           0.000       0.000              62               0
   97         199.062    -332.604           0.000       0.000              97               0
   13        -728.017    -188.700           0.000       0.000              13               0
   21       -2014.533    -848.307           0.000       0.000              21               0
   88        -701.751     114.470           0.000       0.000              88               0
  135        1161.926   -1148.128           0.000       0.000             135               0
   18       -1018.728     240.718           0.000       0.000              18               0
  202        -504.006    -588.184           0.000       0.000             202               0
  223       -1769.000      -0.083           0.000       0.000             223               0
  147        -504.032     588.184           0.000       0.000             147               0
  165       -1018.576    -240.794           0.000       0.000             165               0
   66        1161.765    1148.387           0.000       0.000              66               0
   61        -701.825    -114.552           0.000       0.000              61               0
  159       -2014.626     848.010           0.000       0.000             159               0
   12        -727.859     188.591           0.000       0.000              12               0
   62         199.188     332.680           0.000       0.000              62               0
  115         835.763     471.299           0.000       0.000             115               0
   34        1136.856    1854.537           0.000       0.000              34               0
  104       -1116.182    1124.868           0.000       0.000             104               0
  116        -465.363     332.188           0.000       0.000             116               0
   60         678.411   -1197.805           0.000       0.000              60               0
   44       -1362.493     441.675           0.000       0.000              44               0
   73        -319.672     208.051           0.000       0.000              73               0
   10        -390.725    -301.701           0.000       0.000              10               0
   37        -469.026      45.328           0.000       0.000              37               0
   63        -364.779    -688.234           0.000       0.000              63               0
   52        1657.865     166.034           0.000       0.000              52               0
   44         -56.186    -788.267           0.000       0.000              44               0
   50         832.079      68.588           0.000       0.000              50               0
   61        1135.649   -1030.677           0.000       0.000              61               0
   15        -561.914    -124.384           0.000       0.000              15               0
  112         672.345      28.295           0.000       0.000             112               0
  159        -146.063     252.333           0.000       0.000             159               0
   28        -666.381     -56.369           0.000       0.000              28               0
  134        -565.233   -1476.511           0.000       0.000             134               0
  248         -47.304     810.218           0.000       0.000             248               0
  164        -607.009     384.587           0.000       0.000             164               0
  152        -200.891     137.948           0.000       0.000             152               0
  195         454.518     705.125           0.000       0.000             195               0
  132         -19.936     589.128           0.000       0.000             132               0
   44          37.315    -518.818           0.000       0.000              44               0
  105        -870.667    1298.390           0.000       0.000             105               0
  198        -588.231   -1934.569           0.000       0.000             198               0
  106         597.038    -290.019           0.000       0.000             106               0
    8         997.920    -903.715           0.000       0.000               8               0
  210         311.204      39.698           0.000       0.000             210               0
  168        1455.434   -1444.626           0.000       0.000             168               0
  124        -296.411     183.441           0.000       0.000             124               0
  244        -666.391    -694.215           0.000       0.000             244               0
   17       -1344.147      33.099           0.000       0.000              17               0
  240         454.906     502.335           0.000       0.000             240               0
   48          -4.055     197.558           0.000       0.000              48               0
   61        -567.130    1525.541           0.000       0.000              61               0
   58        1236.415     925.292           0.000       0.000              58               0
   59        -213.803   -1137.277           0.000       0.000              59               0
   98        1218.973     533.143           0.000       0.000              98               0
  121        -511.788    -696.232           0.000       0.000             121               0
  112          79.335    -672.541           0.000       0.000             112               0
  142          11.950    1327.839           0.000       0.000             142               0
  171        -409.067      86.170           0.000       0.000             171               0
  174         219.625    -346.121           0.000       0.000             174               0
  158         -47.907    -140.118           0.000       0.000             158               0
   28         234.359    -181.237           0.000       0.000              28               0
   78        -684.112    2021.937           0.000       0.000              78               0
  187        -693.277     -33.234           0.000       0.000             187               0
  162         316.185     794.171           0.000       0.000             162               0
   70        1352.026     459.138           0.000       0.000              70               0
   95       -1144.100   -1477.866           0.000       0.000              95               0
   59         227.196      86.227           0.000       0.000              59               0
    9        -569.459   -1106.221           0.000       0.000               9               0
  227         407.614      27.406           0.000       0.000             227               0
  103          55.956     356.016           0.000       0.000             103               0
  115        -867.981     226.880           0.000       0.000             115               0
  170          97.408     -25.351           0.000       0.000             170               0
  209         721.093    -236.301           0.000       0.000             209               0
  123         838.445    -571.102           0.000       0.000             123               0
  124         563.460     107.843           0.000       0.000             124               0
  122          85.041     625.342           0.000       0.000             122               0
  247        1501.491    -213.202           0.000       0.000             247               0
  113         477.199     -94.157           0.000       0.000             113               0
  139        -434.171    1084.796           0.000       0.000             139               0
  231        -775.134    -108.380           0.000       0.000             231               0
  162         860.415     350.904           0.000       0.000             162               0
  200         180.528     695.922           0.000       0.000             200               0
   34         411.582     -52.451           0.000       0.000              34               0
  222         297.735      23.427           0.000       0.000             222               0
   43         -55.515     142.130           0.000       0.000              43               0
  155       -1547.173    -157.105           0.000       0.000             155               0
   78        -842.931     856.370           0.000       0.000              78               0
  186          58.115    -228.990           0.000       0.000             186               0
   71         385.522     298.497           0.000       0.000              71               0
  253        -846.783    -670.334           0.000       0.000             253               0
   88        -620.274   -1045.812           0.000       0.000              88               0
   99       -1518.393     113.809           0.000       0.000              99               0
   75        -831.433     947.033           0.000       0.000              75               0
   19         180.160   -1241.324           0.000       0.000              19               0
    6       -1988.136    -462.143           0.000       0.000               6               0
  146         170.171    1851.755           0.000       0.000             146               0
  115         614.881    -873.920           0.000       0.000             115               0
   65        -863.023    -686.438           0.000       0.000              65               0
  155         299.200     270.727           0.000       0.000             155               0
   87         882.904     251.050           0.000       0.000              87               0
  169        -778.002   -1298.379           0.000       0.000             169               0
   14        -925.303    1062.440           0.000       0.000              14               0
    1         680.751     223.255           0.000       0.000               1               0
  123       -1938.128    -223.384           0.000       0.000             123               0
  138         763.017    -226.225           0.000       0.000             138               0
  126         343.734   -1489.706           0.000       0.000             126               0
  245        1910.479     655.599           0.000       0.000             245               0
  129          24.797   -1339.513           0.000       0.000             129               0
  239        -846.974      99.678           0.000       0.000             239               0
  128       -1461.019     356.642           0.000       0.000             128               0
  105        -945.319    -274.747           0.000       0.000             105               0
  146         761.344     502.895           0.000       0.000             146               0
   73         -93.677    -185.851           0.000       0.000              73               0
  139        -228.106     232.128           0.000       0.000             139               0
  112        2160.014     323.845           0.000       0.000             112               0
  116       -1036.067     688.500           0.000       0.000             116               0
   39        1403.330    -434.426           0.000       0.000              39               0
  191        -504.673     609.305           0.000       0.000             191               0
   47         163.571    1454.107           0.000       0.000              47               0
  110        -894.101     101.377           0.000       0.000             110               0
  188        -130.542    1012.904           0.000       0.000             188               0
  135         365.390    -333.174           0.000       0.000             135               0
  210        -441.155     875.707           0.000       0.000             210               0
    8         392.677   -1233.044           0.000       0.000               8               0
  154         851.639      51.151           0.000       0.000             154               0
  216         122.463    -202.670           0.000       0.000             216               0
  154         493.799     -50.022           0.000       0.000             154               0
   14       -2720.332     876.534           0.000       0.000              14               0
   25        -416.811    -177.773           0.000       0.000              25               0
   54         935.180    -122.694           0.000       0.000              54               0
  101       -1169.775   -1195.225           0.000       0.000             101               0
  195         -52.145    1916.956           0.000       0.000             195               0
   69       -1055.092      83.246           0.000       0.000              69               0
  103        1178.360     856.037           0.000       0.000             103               0
