SINAL     NFT                         FFT                         NFT INVERSA     FFT INVERSA
-----     -----------------------     -----------------------     -----------     -----------
  211       32363.000       0.000           0.000       0.000             211               0
  247        1485.375    1470.995           0.000       0.000             247               0
  173          83.918    -169.031           0.000       0.000             173               0
  224         737.103     159.829           0.000       0.000             224               0
   51        1112.986      56.970           0.000       0.000              51               0
  146         385.035    -307.199           0.000       0.000             146               0
   61         602.934     134.656           0.000       0.000              61               0
   18        -245.557    -889.997           0.000       0.000              18               0
  215        -745.637     909.730           0.000       0.000             215               0
   72        1012.188    1628.811           0.000       0.000              72               0
  222         148.484     353.809           0.000       0.000             222               0
   97         187.344     138.045           0.000       0.000              97               0
  162        -433.579    2420.584           0.000       0.000             162               0
  208         849.626    -470.961           0.000       0.000             208               0
   59        -805.557    -452.485           0.000       0.000              59               0
   83       -1172.168   -1593.957           0.000       0.000              83               0
  202         887.270    -747.419           0.000       0.000             202               0
  225         977.176     260.091           0.000       0.000             225               0
   74         178.697   -1036.481           0.000       0.000              74               0
   42        1373.909     -94.511           0.000       0.000              42               0
  216         305.747    1739.739           0.000       0.000             216               0
  197        -770.487    -170.114           0.000       0.000             197               0
  248        2445.196    -444.731           0.000       0.000             248               0
   62         798.907    -133.117           0.000       0.000              62               0
  243         248.156     142.915           0.000       0.000             243               0
  111         -63.517    1226.777           0.000       0.000             111               0
   37        1053.614     -79.835           0.000       0.000              37               0
   40         952.023    -927.162           0.000       0.000              40               0
   90        -299.295   -1146.448           0.000       0.000              90               0
   71       -1424.628     623.537           0.000       0.000              71               0
  223        -824.047    -851.942           0.000       0.000             223               0
   45         559.280     780.211           0.000       0.000              45               0
   62         426.179     386.553           0.000       0.000              62               0
  141         344.077    -527.781           0.000       0.000             141               0
   14        -182.885    -227.272           0.000       0.000              14               0
  113         965.614    -940.864           0.000       0.000             113               0
   31       -1931.860   -1509.320           0.000       0.000              31               0
   75         233.591    -190.651           0.000       0.000              75               0
  132          47.121     526.639           0.000       0.000             132               0
  247         745.586   -1037.574           0.000       0.000             247               0
  148       -1431.060    -867.992           0.000       0.000             148               0
   98         534.338    -129.475           0.000       0.000              98               0
   88         403.263     391.250           0.000       0.000              88               0
   54         626.929    1461.695           0.000       0.000              54               0
   51        -197.350     307.307           0.000       0.000              51               0
  148        -571.367     497.248           0.000       0.000             148               0
  138         289.929    -553.925           0.000       0.000             138               0
  253        -166.725      43.079           0.000       0.000             253               0
  117         401.510    -771.501           0.000       0.000             117               0
  213        -473.270     629.552           0.000       0.000             213               0
   39        -808.912     732.022           0.000       0.000              39               0
   78         226.140   -1774.750           0.000       0.000              78               0
  154        -198.177     710.445           0.000       0.000             154               0
   31         193.439   -1312.714           0.000       0.000              31               0
  140         201.242      46.772           0.000       0.000             140               0
  141        -448.351    -641.075           0.000       0.000             141               0
  143          60.109    1494.911           0.000       0.000             143               0
  178        -765.244     557.093           0.000       0.000             178               0
  182       -1595.369     614.021           0.000       0.000             182               0
  233         404.670     738.135           0.000       0.000             233               0
  249         415.885    -251.967           0.000       0.000             249               0
  150         636.478   -1871.359           0.000       0.000             150               0
   23        1097.914     643.056           0.000       0.000              23               0
   56        1096.979    -535.397           0.000       0.000              56               0
   35         196.957     -92.002           0.000       0.000              35               0
   38        -562.228     307.765           0.000       0.000              38               0
  169        -150.740   -1201.296           0.000       0.000             169               0
   67        -880.230    -707.513           0.000       0.000              67               0
  114        -596.542     358.042           0.000       0.000             114               0
   45        -346.725     -43.453           0.000       0.000              45               0
   58       -1596.793    -161.926           0.000       0.000              58               0
    6       -1197.004     186.216           0.000       0.000               6               0
  144         -88.660    -999.422           0.000       0.000             144               0
  146         692.847    -449.286           0.000       0.000             146               0
   61          80.673     666.248           0.000       0.000              61               0
  195         597.554    -884.196           0.000       0.000             195               0
   39        -826.574     111.711           0.000       0.000              39               0
  199         833.106    -869.709           0.000       0.000             199               0
  193        1201.447       7.225           0.000       0.000             193               0
  156         371.348    -149.053           0.000       0.000             156               0
  156         122.566    -391.284           0.000       0.000             156               0
  232         149.315      67.281           0.000       0.000             232               0
  234        -494.698    -262.079           0.000       0.000             234               0
   55        1086.424     160.761           0.000       0.000              55               0
    8        -499.479    1544.107           0.000       0.000               8               0
  119         996.601     231.621           0.000       0.000             119               0
  196        -273.297     219.000           0.000       0.000             196               0
  151       -1434.288    -715.570           0.000       0.000             151               0
   42        -603.912     368.702           0.000       0.000              42               0
  123         287.169   -1515.729           0.000       0.000             123               0
  129         201.532     132.707           0.000       0.000             129               0
   35         437.124     787.218           0.000       0.000              35               0
   17         207.037    1838.056           0.000       0.000              17               0
  152         215.792    1016.049           0.000       0.000             152               0
   92         353.486    -498.023           0.000       0.000              92               0
   52        1062.973    -606.327           0.000       0.000              52               0
  191        -210.270     600.516           0.000       0.000             191               0
    5         128.967    -289.402           0.000       0.000               5               0
  119       -1031.138      52.244           0.000       0.000             119               0
   49        1250.522     440.716           0.000       0.000              49               0
   51       -1132.762   -1133.715           0.000       0.000              51               0
  177         624.939     965.744           0.000       0.000             177               0
   55        -900.380     469.888           0.000       0.000              55               0
  196        -655.454   -1734.308           0.000       0.000             196               0
   68        1145.857   -1637.688           0.000       0.000              68               0
  116         625.462   -2022.297           0.000       0.000             116               0
  136         -33.715    -345.406           0.000       0.000             136               0
  107        -332.961   -2068.048           0.000       0.000             107               0
   60        -255.833      19.105           0.000       0.000              60               0
   73        1069.259    -183.419           0.000       0.000              73               0
    8        -124.991   -2258.673           0.000       0.000               8               0
  216        -270.397    -772.688           0.000       0.000             216               0
   49        -575.323      68.794           0.000       0.000              49               0
  243         235.675    -631.789           0.000       0.000             243               0
   15         335.872     170.516           0.000       0.000              15               0
   58        -796.199    1139.723           0.000       0.000              58               0
  107        -403.226   -1015.103           0.000       0.000             107               0
  212        1326.618     -95.705           0.000       0.000             212               0
  210        1099.066     385.511           0.000       0.000             210               0
  149        -794.599    1125.856           0.000       0.000             149               0
   79         591.325    -665.910           0.000       0.000              79               0
   83       -1443.338   -1289.965           0.000       0.000              83               0
  185         147.374     633.821           0.000       0.000             185               0
   97       -1527.831    -494.182           0.000       0.000              97               0
  236        1548.942     493.124           0.000       0.000             236               0
   21         514.729     380.720           0.000       0.000              21               0
  149         514.502     878.189           0.000       0.000             149               0
  171         286.757    -393.320           0.000       0.000             171               0
   27         291.000       0.024           0.000       0.000              27               0
   13         286.697     393.319           0.000       0.000              13               0
  220         514.647    -878.137           0.000       0.000             220               0
   79         514.776    -380.597           0.000       0.000              79               0
  191        1548.875    -492.786           0.000       0.000             191               0
   20       -1528.048     493.985           0.000       0.000              20               0
   19         147.438    -633.713           0.000       0.000              19               0
    3       -1443.531    1289.787           0.000       0.000               3               0
  136         591.276     665.923           0.000       0.000             136               0
  155        -794.337   -1126.027           0.000       0.000             155               0
  111        1099.222    -385.247           0.000       0.000             111               0
  196        1326.528      96.025           0.000       0.000             196               0
  229        -403.516    1015.036           0.000       0.000             229               0
  119        -796.013   -1139.841           0.000       0.000             119               0
  157         335.926    -170.320           0.000       0.000             157               0
   22         235.532     631.942           0.000       0.000              22               0
  107        -575.330     -68.769           0.000       0.000             107               0
  173        -270.486     772.812           0.000       0.000             173               0
   81        -125.293    2258.682           0.000       0.000              81               0
  214        1069.237     183.547           0.000       0.000             214               0
  129        -255.877     -19.066           0.000       0.000             129               0
   35        -333.290    2068.030           0.000       0.000              35               0
  108         -33.712     345.396           0.000       0.000             108               0
  209         625.167    2022.390           0.000       0.000             209               0
  118        1145.507    1637.745           0.000       0.000             118               0
   37        -655.851    1733.936           0.000       0.000              37               0
   50        -900.279    -470.315           0.000       0.000              50               0
   98         625.113    -965.738           0.000       0.000              98               0
   59       -1132.909    1133.425           0.000       0.000              59               0
  200        1250.619    -440.656           0.000       0.000             200               0
   13       -1031.135     -52.505           0.000       0.000              13               0
   87         128.992     289.310           0.000       0.000              87               0
  213        -210.078    -600.634           0.000       0.000             213               0
  234        1062.928     606.430           0.000       0.000             234               0
  166         353.386     497.893           0.000       0.000             166               0
  148         215.950   -1016.212           0.000       0.000             148               0
  254         207.339   -1838.065           0.000       0.000             254               0
  186         437.232    -787.058           0.000       0.000             186               0
  152         201.505    -132.552           0.000       0.000             152               0
  134         286.831    1515.779           0.000       0.000             134               0
   86        -603.940    -368.867           0.000       0.000              86               0
    7       -1434.372     715.265           0.000       0.000               7               0
   75        -273.116    -219.156           0.000       0.000              75               0
   59         996.703    -231.562           0.000       0.000              59               0
  127        -499.177   -1544.201           0.000       0.000             127               0
  233        1086.474    -160.494           0.000       0.000             233               0
   82        -494.749     262.040           0.000       0.000              82               0
  235         149.377     -67.225           0.000       0.000             235               0
  150         122.555     391.326           0.000       0.000             150               0
  163         371.391     149.114           0.000       0.000             163               0
  193        1201.453      -6.998           0.000       0.000             193               0
   23         832.851     869.840           0.000       0.000              23               0
  198        -826.613    -111.874           0.000       0.000             198               0
   45         597.397     884.247           0.000       0.000              45               0
  233          80.738    -666.269           0.000       0.000             233               0
   60         692.678     449.434           0.000       0.000              60               0
   83         -88.993     999.353           0.000       0.000              83               0
   27       -1197.096    -186.496           0.000       0.000              27               0
  159       -1596.804     161.616           0.000       0.000             159               0
  143        -346.663      43.350           0.000       0.000             143               0
  227        -596.435    -358.131           0.000       0.000             227               0
  173        -880.251     707.395           0.000       0.000             173               0
  230        -150.821    1201.187           0.000       0.000             230               0
  185        -562.032    -307.965           0.000       0.000             185               0
  151         197.129      91.994           0.000       0.000             151               0
  140        1097.017     535.510           0.000       0.000             140               0
   77        1098.045    -642.884           0.000       0.000              77               0
  149         636.125    1871.402           0.000       0.000             149               0
   70         415.776     251.822           0.000       0.000              70               0
  230         404.663    -738.232           0.000       0.000             230               0
   28       -1595.331    -614.380           0.000       0.000              28               0
  156        -765.071    -557.289           0.000       0.000             156               0
  238          60.434   -1494.853           0.000       0.000             238               0
  103        -448.386     641.085           0.000       0.000             103               0
  216         201.330     -46.696           0.000       0.000             216               0
  109         193.255    1312.715           0.000       0.000             109               0
   80        -198.025    -710.504           0.000       0.000              80               0
   42         225.856    1774.716           0.000       0.000              42               0
   88        -808.759    -732.304           0.000       0.000              88               0
  230        -473.051    -629.639           0.000       0.000             230               0
  205         401.475     771.548           0.000       0.000             205               0
   26        -166.650     -43.174           0.000       0.000              26               0
  254         289.888     553.875           0.000       0.000             254               0
  147        -571.219    -497.459           0.000       0.000             147               0
   72        -197.166    -307.432           0.000       0.000              72               0
  232         627.282   -1461.595           0.000       0.000             232               0
  208         403.377    -391.080           0.000       0.000             208               0
  156         534.297     129.674           0.000       0.000             156               0
    3       -1431.143     867.815           0.000       0.000               3               0
  111         745.530    1037.650           0.000       0.000             111               0
   43          47.250    -526.664           0.000       0.000              43               0
  231         233.555     190.757           0.000       0.000             231               0
   29       -1931.993    1508.999           0.000       0.000              29               0
   17         965.638     940.912           0.000       0.000              17               0
  160        -182.816     227.118           0.000       0.000             160               0
  180         344.111     527.702           0.000       0.000             180               0
  157         426.330    -386.615           0.000       0.000             157               0
  238         559.425    -780.141           0.000       0.000             238               0
   73        -824.176     851.773           0.000       0.000              73               0
  228       -1424.359    -623.799           0.000       0.000             228               0
  212        -299.202    1146.385           0.000       0.000             212               0
  101         952.115     927.179           0.000       0.000             101               0
  129        1053.735      79.810           0.000       0.000             129               0
  194         -63.186   -1226.894           0.000       0.000             194               0
  205         248.375    -142.886           0.000       0.000             205               0
   89         799.101     133.223           0.000       0.000              89               0
   48        2445.171     445.065           0.000       0.000              48               0
   29        -770.501     169.838           0.000       0.000              29               0
  131         306.200   -1739.726           0.000       0.000             131               0
  137        1373.992      94.830           0.000       0.000             137               0
    4         178.591    1036.502           0.000       0.000               4               0
   81         977.289    -259.957           0.000       0.000              81               0
  164         887.111     747.574           0.000       0.000             164               0
    3       -1172.421    1593.644           0.000       0.000               3               0
  229        -805.442     452.132           0.000       0.000             229               0
  236         849.726     470.812           0.000       0.000             236               0
  235        -433.015   -2420.828           0.000       0.000             235               0
  181         187.585    -138.049           0.000       0.000             181               0
  137         148.779    -353.893           0.000       0.000             137               0
  239        1012.646   -1628.679           0.000       0.000             239               0
   37        -745.274    -909.751           0.000       0.000              37               0
  180        -245.351     890.009           0.000       0.000             180               0
  214         603.355    -134.577           0.000       0.000             214               0
   66         385.425     307.234           0.000       0.000              66               0
  198        1113.489     -56.838           0.000       0.000             198               0
  119         737.707    -159.747           0.000       0.000             119               0
  246          84.797     168.970           0.000       0.000             246               0
  100        1487.359   -1470.745           0.000       0.000             100               0
