SINAL     NFT                         FFT                         NFT INVERSA     FFT INVERSA
-----     -----------------------     -----------------------     -----------     -----------
  126       32046.000       0.000           0.000       0.000             126               0
    0         585.012     312.408           0.000       0.000               0               0
   10       -1744.357     -60.024           0.000       0.000              10               0
  216         143.845    -399.347           0.000       0.000             216               0
    3        -970.625     977.951           0.000       0.000               3               0
   28        -639.310     406.494           0.000       0.000              28               0
  127         -48.511     807.170           0.000       0.000             127               0
   57        -888.130     908.530           0.000       0.000              57               0
  218         287.177     453.053           0.000       0.000             218               0
  138         876.113     665.959           0.000       0.000             138               0
   88       -1673.742    -930.004           0.000       0.000              88               0
  157         412.314     633.726           0.000       0.000             157               0
    6        -714.573     621.973           0.000       0.000               6               0
   21         -41.430     444.842           0.000       0.000              21               0
   59        -351.323    -235.596           0.000       0.000              59               0
  106        -487.446     424.008           0.000       0.000             106               0
  203        -340.980     301.036           0.000       0.000             203               0
   62        -521.023   -1008.337           0.000       0.000              62               0
  240       -1115.243     300.164           0.000       0.000             240               0
   72       -1334.866     -17.317           0.000       0.000              72               0
  183       -1314.790   -1243.371           0.000       0.000             183               0
  102         350.119     -97.061           0.000       0.000             102               0
   85         479.962    -794.858           0.000       0.000              85               0
  169        1030.083     500.266           0.000       0.000             169               0
  106        -360.299     792.594           0.000       0.000             106               0
  196         442.576      69.202           0.000       0.000             196               0
  164         223.644     902.469           0.000       0.000             164               0
   71         641.169     244.501           0.000       0.000              71               0
  106        -237.896     294.029           0.000       0.000             106               0
  135        1240.733     498.437           0.000       0.000             135               0
  155         352.781    -964.829           0.000       0.000             155               0
  232         552.445    1343.537           0.000       0.000             232               0
  136        1089.408     911.912           0.000       0.000             136               0
  166        -227.932     113.876           0.000       0.000             166               0
  193        -290.783    -909.818           0.000       0.000             193               0
  139       -1186.474   -1510.238           0.000       0.000             139               0
  194         -71.875      51.281           0.000       0.000             194               0
   64        -313.596      90.998           0.000       0.000              64               0
  197         547.918    -282.066           0.000       0.000             197               0
  157       -1128.849     470.274           0.000       0.000             157               0
  202         169.942     700.941           0.000       0.000             202               0
   29          -8.017     213.243           0.000       0.000              29               0
   58       -2041.824     218.212           0.000       0.000              58               0
  209        -154.483    -296.521           0.000       0.000             209               0
   50        -876.401    -529.731           0.000       0.000              50               0
  118        -407.301    -124.572           0.000       0.000             118               0
   59        -491.645   -1924.358           0.000       0.000              59               0
  254        -375.574    1501.491           0.000       0.000             254               0
  180         516.033   -1254.415           0.000       0.000             180               0
   44        -156.692    -211.873           0.000       0.000              44               0
   71         794.411     912.156           0.000       0.000              71               0
  107         263.995   -1438.102           0.000       0.000             107               0
  146         751.037     571.789           0.000       0.000             146               0
  156         419.694    1203.349           0.000       0.000             156               0
   21        -688.100    -645.534           0.000       0.000              21               0
  253        1042.166   -1640.888           0.000       0.000             253               0
   97        -724.584     927.940           0.000       0.000              97               0
  186        -741.387     621.290           0.000       0.000             186               0
   68         555.963    -501.234           0.000       0.000              68               0
  203        1603.397    1360.600           0.000       0.000             203               0
   65         917.168     395.653           0.000       0.000              65               0
  223        -216.331     362.083           0.000       0.000             223               0
  180        -674.197     354.591           0.000       0.000             180               0
  202        -167.520     621.238           0.000       0.000             202               0
  133         802.947    1465.039           0.000       0.000             133               0
  117        1120.932    1585.917           0.000       0.000             117               0
   85        -488.192     604.642           0.000       0.000              85               0
   72       -1106.768     467.685           0.000       0.000              72               0
  182        -897.989    -544.888           0.000       0.000             182               0
   26         256.011     646.853           0.000       0.000              26               0
  229         658.147    -178.759           0.000       0.000             229               0
  129         420.843    -446.327           0.000       0.000             129               0
   56         112.220     966.898           0.000       0.000              56               0
   32        -213.468    -674.656           0.000       0.000              32               0
   82          76.930      18.257           0.000       0.000              82               0
  107        -680.208     226.508           0.000       0.000             107               0
  151        1595.763    -511.744           0.000       0.000             151               0
  142        -149.841     789.073           0.000       0.000             142               0
  106         642.235    1127.602           0.000       0.000             106               0
   75        -427.521     864.473           0.000       0.000              75               0
  186        -349.009     101.838           0.000       0.000             186               0
  177        -686.391     240.322           0.000       0.000             177               0
  183         401.956     845.520           0.000       0.000             183               0
   77       -1034.564     905.271           0.000       0.000              77               0
   77         263.247    -700.856           0.000       0.000              77               0
  205        -945.845    -218.407           0.000       0.000             205               0
   74        -383.880    -332.738           0.000       0.000              74               0
  174         464.690     -86.332           0.000       0.000             174               0
  135         543.575    -268.487           0.000       0.000             135               0
  142        -866.656   -1102.062           0.000       0.000             142               0
  122        1759.566    -265.625           0.000       0.000             122               0
  201        1362.238   -1175.446           0.000       0.000             201               0
  110        1299.917     651.522           0.000       0.000             110               0
   46         -53.831    -229.551           0.000       0.000              46               0
  147        -535.931    -514.719           0.000       0.000             147               0
  244         477.164   -1064.554           0.000       0.000             244               0
  164        1458.577    -273.977           0.000       0.000             164               0
  233         994.831    1550.623           0.000       0.000             233               0
   60        -515.920    -228.967           0.000       0.000              60               0
   91         726.013   -1665.874           0.000       0.000              91               0
    4        1139.793     452.332           0.000       0.000               4               0
   34        -178.742    -360.676           0.000       0.000              34               0
  220         360.329   -1002.836           0.000       0.000             220               0
   60         922.546   -1913.765           0.000       0.000              60               0
   66       -1024.038    -462.149           0.000       0.000              66               0
   47       -2209.661    -135.979           0.000       0.000              47               0
  168         391.299   -1750.055           0.000       0.000             168               0
  217        1031.231     235.078           0.000       0.000             217               0
  189         221.331    1693.473           0.000       0.000             189               0
   18         249.698    -964.788           0.000       0.000              18               0
   37       -1112.434     793.768           0.000       0.000              37               0
  120       -1216.078     409.045           0.000       0.000             120               0
  195        -761.964     401.263           0.000       0.000             195               0
  221        1264.677    -593.114           0.000       0.000             221               0
  198         562.131   -1285.930           0.000       0.000             198               0
   17         814.781    -133.874           0.000       0.000              17               0
  170        -171.467    -654.362           0.000       0.000             170               0
   16         842.462    -498.322           0.000       0.000              16               0
  192        -277.461    -860.787           0.000       0.000             192               0
   50        -690.311    -299.202           0.000       0.000              50               0
  159         683.863     358.849           0.000       0.000             159               0
   58        1775.302    1745.731           0.000       0.000              58               0
  252       -1157.519    -886.880           0.000       0.000             252               0
   13       -1350.178     564.837           0.000       0.000              13               0
  105        -100.755     214.875           0.000       0.000             105               0
  144        -471.754      97.530           0.000       0.000             144               0
    2        2104.188    -251.047           0.000       0.000               2               0
   14        -728.893    -298.188           0.000       0.000              14               0
  121        1060.000       0.105           0.000       0.000             121               0
   62        -728.916     298.078           0.000       0.000              62               0
  105        2104.110     251.372           0.000       0.000             105               0
  126        -471.883     -97.646           0.000       0.000             126               0
   96        -100.815    -214.917           0.000       0.000              96               0
   70       -1350.108    -565.034           0.000       0.000              70               0
  187       -1157.503     886.649           0.000       0.000             187               0
  163        1775.707   -1745.441           0.000       0.000             163               0
  118         683.849    -358.590           0.000       0.000             118               0
   99        -690.398     299.227           0.000       0.000              99               0
  124        -277.538     860.820           0.000       0.000             124               0
   51         842.413     498.493           0.000       0.000              51               0
  117        -171.558     654.339           0.000       0.000             117               0
  162         814.782     134.029           0.000       0.000             162               0
  172         561.889    1286.002           0.000       0.000             172               0
   57        1264.443     593.201           0.000       0.000              57               0
  127        -762.073    -401.499           0.000       0.000             127               0
  114       -1216.062    -409.298           0.000       0.000             114               0
   75       -1112.220    -793.918           0.000       0.000              75               0
   41         249.646     964.815           0.000       0.000              41               0
  131         221.683   -1693.417           0.000       0.000             131               0
   12        1031.259    -234.707           0.000       0.000              12               0
   92         390.862    1750.221           0.000       0.000              92               0
   34       -2209.717     135.626           0.000       0.000              34               0
   70       -1023.923     462.065           0.000       0.000              70               0
   88         922.390    1913.927           0.000       0.000              88               0
   48         360.227    1002.781           0.000       0.000              48               0
  176        -178.696     360.519           0.000       0.000             176               0
  232        1139.958    -452.173           0.000       0.000             232               0
   50         725.727    1665.927           0.000       0.000              50               0
  191        -515.904     228.682           0.000       0.000             191               0
   97         995.195   -1550.515           0.000       0.000              97               0
  113        1458.517     274.291           0.000       0.000             113               0
   40         476.893    1064.622           0.000       0.000              40               0
  223        -536.038     514.542           0.000       0.000             223               0
  209         -53.776     229.442           0.000       0.000             209               0
  111        1300.103    -651.319           0.000       0.000             111               0
  154        1362.020    1175.666           0.000       0.000             154               0
  117        1759.351     265.857           0.000       0.000             117               0
  229        -866.993    1101.820           0.000       0.000             229               0
  254         543.465     268.430           0.000       0.000             254               0
  242         464.541      86.288           0.000       0.000             242               0
   25        -384.080     332.555           0.000       0.000              25               0
  116        -945.934     218.117           0.000       0.000             116               0
  148         263.088     700.699           0.000       0.000             148               0
  197       -1034.430    -905.650           0.000       0.000             197               0
  174         402.096    -845.556           0.000       0.000             174               0
   19        -686.372    -240.513           0.000       0.000              19               0
   55        -348.957    -102.015           0.000       0.000              55               0
  249        -427.297    -864.661           0.000       0.000             249               0
   61         642.485   -1127.531           0.000       0.000              61               0
  186        -149.654    -789.048           0.000       0.000             186               0
    5        1595.649     512.029           0.000       0.000               5               0
  153        -680.247    -226.655           0.000       0.000             153               0
  221          76.929     -18.257           0.000       0.000             221               0
   76        -213.573     674.538           0.000       0.000              76               0
  242         112.413    -966.944           0.000       0.000             242               0
   14         420.782     446.369           0.000       0.000              14               0
  253         658.073     178.762           0.000       0.000             253               0
  218         256.007    -646.888           0.000       0.000             218               0
   64        -898.162     544.639           0.000       0.000              64               0
  188       -1106.649    -468.030           0.000       0.000             188               0
   60        -487.946    -604.878           0.000       0.000              60               0
  177        1121.296   -1585.826           0.000       0.000             177               0
  229         803.159   -1464.883           0.000       0.000             229               0
   28        -167.474    -621.200           0.000       0.000              28               0
  131        -674.115    -354.662           0.000       0.000             131               0
   84        -216.156    -362.099           0.000       0.000              84               0
  183         917.341    -395.500           0.000       0.000             183               0
  248        1603.595   -1360.254           0.000       0.000             248               0
   58         555.735     501.410           0.000       0.000              58               0
  181        -741.379    -621.381           0.000       0.000             181               0
  234        -724.388    -927.907           0.000       0.000             234               0
   83        1041.899    1641.163           0.000       0.000              83               0
   41        -688.218     645.332           0.000       0.000              41               0
  127         419.948   -1203.312           0.000       0.000             127               0
   24         751.123    -571.544           0.000       0.000              24               0
  215         263.718    1438.176           0.000       0.000             215               0
  146         794.489    -912.029           0.000       0.000             146               0
   80        -156.817     211.936           0.000       0.000              80               0
  209         515.721    1254.475           0.000       0.000             209               0
  208        -375.449   -1501.513           0.000       0.000             208               0
   11        -492.053    1924.333           0.000       0.000              11               0
  215        -407.396     124.437           0.000       0.000             215               0
  106        -876.530     529.527           0.000       0.000             106               0
  233        -154.587     296.399           0.000       0.000             233               0
   35       -2041.755    -218.645           0.000       0.000              35               0
   92          -7.857    -213.317           0.000       0.000              92               0
  247         170.088    -700.943           0.000       0.000             247               0
   33       -1128.702    -470.425           0.000       0.000              33               0
   55         547.952     282.190           0.000       0.000              55               0
   55        -313.558     -91.034           0.000       0.000              55               0
  221         -71.851     -51.226           0.000       0.000             221               0
  115       -1186.655    1510.041           0.000       0.000             115               0
  233        -290.782     909.622           0.000       0.000             233               0
  194        -227.727    -114.101           0.000       0.000             194               0
  144        1089.704    -911.857           0.000       0.000             144               0
  108         552.732   -1343.424           0.000       0.000             108               0
   23         352.690     964.891           0.000       0.000              23               0
   71        1240.823    -498.306           0.000       0.000              71               0
  101        -237.856    -294.106           0.000       0.000             101               0
   81         641.228    -244.440           0.000       0.000              81               0
  253         223.786    -902.437           0.000       0.000             253               0
   80         442.564     -69.113           0.000       0.000              80               0
  164        -360.153    -792.625           0.000       0.000             164               0
   39        1030.168    -499.981           0.000       0.000              39               0
  207         479.737     795.021           0.000       0.000             207               0
  189         349.942      97.163           0.000       0.000             189               0
  255       -1315.131    1243.133           0.000       0.000             255               0
   98       -1334.876      17.009           0.000       0.000              98               0
   14       -1115.113    -300.366           0.000       0.000              14               0
  209        -521.079    1008.192           0.000       0.000             209               0
   50        -340.829    -301.206           0.000       0.000              50               0
   25        -487.270    -424.140           0.000       0.000              25               0
  168        -351.237     235.477           0.000       0.000             168               0
  157         -41.247    -444.930           0.000       0.000             157               0
    2        -714.332    -622.129           0.000       0.000               2               0
  204         412.534    -633.624           0.000       0.000             204               0
  250       -1673.709     929.693           0.000       0.000             250               0
  249         876.469    -665.907           0.000       0.000             249               0
  237         287.380    -453.058           0.000       0.000             237               0
   49        -887.798    -908.701           0.000       0.000              49               0
   49         -48.130    -807.143           0.000       0.000              49               0
  202        -638.959    -406.554           0.000       0.000             202               0
  165        -970.029    -978.014           0.000       0.000             165               0
   27         144.329     399.479           0.000       0.000              27               0
  141       -1743.471      59.774           0.000       0.000             141               0
   54         586.860    -312.254           0.000       0.000              54               0
