SINAL     NFT                         FFT                         NFT INVERSA     FFT INVERSA
-----     -----------------------     -----------------------     -----------     -----------
  136       31932.000       0.000           0.000       0.000             136               0
  165        -344.325    -999.951           0.000       0.000             165               0
  126          97.535    -523.899           0.000       0.000             126               0
  237          70.224    -528.043           0.000       0.000             237               0
  246        -915.044    1235.409           0.000       0.000             246               0
  123        1781.860   -1116.520           0.000       0.000             123               0
   61          77.282     670.213           0.000       0.000              61               0
  155         231.882    -179.170           0.000       0.000             155               0
  163         919.222     253.341           0.000       0.000             163               0
   12        -665.956    -952.659           0.000       0.000              12               0
   88         -35.508     847.092           0.000       0.000              88               0
  162        1090.384     -24.713           0.000       0.000             162               0
  110        -548.819    -258.669           0.000       0.000             110               0
  102         935.205   -1665.168           0.000       0.000             102               0
  115         441.117     -48.652           0.000       0.000             115               0
  161         590.680    -555.035           0.000       0.000             161               0
  128         613.648     -41.875           0.000       0.000             128               0
   28        -786.041    1119.530           0.000       0.000              28               0
   63        -528.787     -56.035           0.000       0.000              63               0
  131         231.730   -1031.952           0.000       0.000             131               0
  232        -415.859     339.538           0.000       0.000             232               0
   57          72.853    -188.607           0.000       0.000              57               0
  125         385.824    -959.944           0.000       0.000             125               0
  213        -117.375     433.779           0.000       0.000             213               0
  107         271.222    -221.320           0.000       0.000             107               0
  175         349.876   -1693.144           0.000       0.000             175               0
  160        -950.718     200.739           0.000       0.000             160               0
   17        -785.547    -793.259           0.000       0.000              17               0
  202        -518.341    -444.731           0.000       0.000             202               0
   45        -273.605     796.873           0.000       0.000              45               0
   71        -445.507   -1682.675           0.000       0.000              71               0
   82        1008.850     731.886           0.000       0.000              82               0
  210       -1027.060     180.049           0.000       0.000             210               0
  197           7.755    -389.930           0.000       0.000             197               0
   63         110.780   -1618.988           0.000       0.000              63               0
  201          11.516     367.807           0.000       0.000             201               0
   65         115.223    -657.994           0.000       0.000              65               0
  125         433.217     939.482           0.000       0.000             125               0
  100        1457.529     -74.714           0.000       0.000             100               0
  228         323.851    1066.627           0.000       0.000             228               0
  138         -84.826     687.523           0.000       0.000             138               0
  189        -768.283    -834.718           0.000       0.000             189               0
  135         118.426     262.427           0.000       0.000             135               0
  248        -799.621     413.360           0.000       0.000             248               0
   36       -1324.210     119.528           0.000       0.000              36               0
  250         202.438    -700.199           0.000       0.000             250               0
  154        -553.828     622.723           0.000       0.000             154               0
  164         668.031    -220.195           0.000       0.000             164               0
   22        -873.157     242.762           0.000       0.000              22               0
  217        -670.691     -46.508           0.000       0.000             217               0
   40        -399.164    -592.357           0.000       0.000              40               0
  254         807.467    -501.485           0.000       0.000             254               0
   18        2240.451      13.491           0.000       0.000              18               0
  165        -725.679    1373.237           0.000       0.000             165               0
  212        -822.534     372.106           0.000       0.000             212               0
  126         898.267    -134.000           0.000       0.000             126               0
   84        -791.844   -1115.240           0.000       0.000              84               0
  116         742.352     232.382           0.000       0.000             116               0
  143        -191.905     176.295           0.000       0.000             143               0
   30        -728.848      25.793           0.000       0.000              30               0
  162         -51.138     755.261           0.000       0.000             162               0
  215        -242.209     668.329           0.000       0.000             215               0
  112        1578.434    1309.834           0.000       0.000             112               0
  117          74.891     812.976           0.000       0.000             117               0
  156        -328.051    1225.954           0.000       0.000             156               0
  176          85.238     184.820           0.000       0.000             176               0
   62         809.286    -263.607           0.000       0.000              62               0
  222        1410.946    -657.641           0.000       0.000             222               0
   46        1375.124    -440.524           0.000       0.000              46               0
  163         454.202    1530.869           0.000       0.000             163               0
  194        -550.455     382.638           0.000       0.000             194               0
  184         108.183    1701.811           0.000       0.000             184               0
   97         -77.810    -514.425           0.000       0.000              97               0
   73        -261.347   -1052.098           0.000       0.000              73               0
  176       -1139.249    -822.240           0.000       0.000             176               0
  133        -144.263    -995.849           0.000       0.000             133               0
   68         308.296     472.120           0.000       0.000              68               0
   75         688.578    -262.403           0.000       0.000              75               0
   42       -1579.151     572.643           0.000       0.000              42               0
   91         624.927     559.414           0.000       0.000              91               0
   36         859.797   -1667.976           0.000       0.000              36               0
   82         513.997      10.221           0.000       0.000              82               0
   90        -947.080    -318.928           0.000       0.000              90               0
   55       -1263.304       6.529           0.000       0.000              55               0
  247        -574.330    -451.437           0.000       0.000             247               0
   46         398.015      43.107           0.000       0.000              46               0
  181       -1961.168    -164.377           0.000       0.000             181               0
   76        -545.325     152.050           0.000       0.000              76               0
  163       -1114.985     640.576           0.000       0.000             163               0
   69        -271.564    -976.341           0.000       0.000              69               0
  106         468.765    -617.004           0.000       0.000             106               0
   69          36.787   -1081.654           0.000       0.000              69               0
   28         676.911   -1233.991           0.000       0.000              28               0
  219         418.425    -956.286           0.000       0.000             219               0
  186        1430.904     779.901           0.000       0.000             186               0
  185        -309.234     538.197           0.000       0.000             185               0
  140         455.046    -363.889           0.000       0.000             140               0
  249        -215.903     695.992           0.000       0.000             249               0
  151       -1248.789     646.057           0.000       0.000             151               0
  186        -611.806     336.246           0.000       0.000             186               0
  156         357.138       1.622           0.000       0.000             156               0
   90         408.503    -429.769           0.000       0.000              90               0
  114          56.108   -1565.957           0.000       0.000             114               0
  253         970.435    -487.168           0.000       0.000             253               0
  163         221.261    -317.593           0.000       0.000             163               0
   35        -798.147   -1146.734           0.000       0.000              35               0
  131        -291.678      -4.188           0.000       0.000             131               0
  232         404.192    -825.838           0.000       0.000             232               0
  110        -170.472     700.667           0.000       0.000             110               0
  173        -998.942    -232.321           0.000       0.000             173               0
   67        1894.995     516.912           0.000       0.000              67               0
  147        1302.137   -1844.513           0.000       0.000             147               0
    0          51.597    1235.390           0.000       0.000              -0               0
  157        -851.678     217.784           0.000       0.000             157               0
  202         828.555    -135.766           0.000       0.000             202               0
  247        -325.301    1021.825           0.000       0.000             247               0
  204         663.017    -557.320           0.000       0.000             204               0
  128       -1215.449     773.965           0.000       0.000             128               0
   68          56.983     594.416           0.000       0.000              68               0
  111        1563.552     282.017           0.000       0.000             111               0
  198         289.604      60.757           0.000       0.000             198               0
  174       -2003.636    -400.671           0.000       0.000             174               0
  180         -65.240    -294.447           0.000       0.000             180               0
  226       -2291.025    -230.775           0.000       0.000             226               0
  138         462.111    1020.514           0.000       0.000             138               0
  111         826.431     257.085           0.000       0.000             111               0
  156         938.277   -1015.687           0.000       0.000             156               0
   22         315.095    -870.884           0.000       0.000              22               0
  104       -1420.000      -0.067           0.000       0.000             104               0
   52         315.052     870.986           0.000       0.000              52               0
  209         938.126    1015.769           0.000       0.000             209               0
    5         826.387    -257.068           0.000       0.000               5               0
  142         462.083   -1020.451           0.000       0.000             142               0
   68       -2291.150     230.432           0.000       0.000              68               0
    3         -65.271     294.431           0.000       0.000               3               0
   50       -2003.604     400.285           0.000       0.000              50               0
  103         289.827     -60.787           0.000       0.000             103               0
  134        1563.647    -281.825           0.000       0.000             134               0
   26          57.005    -594.446           0.000       0.000              26               0
  214       -1215.282    -774.134           0.000       0.000             214               0
   52         662.999     557.433           0.000       0.000              52               0
   93        -325.081   -1021.877           0.000       0.000              93               0
  105         828.549     135.951           0.000       0.000             105               0
   52        -851.612    -217.920           0.000       0.000              52               0
  251          51.943   -1235.255           0.000       0.000             251               0
   52        1301.919    1844.805           0.000       0.000              52               0
   44        1894.972    -516.621           0.000       0.000              44               0
  199        -999.108     232.173           0.000       0.000             199               0
  181        -170.352    -700.626           0.000       0.000             181               0
  112         404.028     825.990           0.000       0.000             112               0
   54        -291.727       4.203           0.000       0.000              54               0
  123        -798.303    1146.639           0.000       0.000             123               0
   31         221.299     317.622           0.000       0.000              31               0
  235         970.364     487.356           0.000       0.000             235               0
   94          55.810    1565.910           0.000       0.000              94               0
  169         408.395     429.690           0.000       0.000             169               0
   90         357.046      -1.697           0.000       0.000              90               0
  250        -611.845    -336.455           0.000       0.000             250               0
  192       -1248.660    -646.322           0.000       0.000             192               0
  194        -215.680    -696.003           0.000       0.000             194               0
   46         455.051     363.982           0.000       0.000              46               0
  146        -309.061    -538.246           0.000       0.000             146               0
  199        1431.077    -779.542           0.000       0.000             199               0
  189         418.217     956.499           0.000       0.000             189               0
  214         676.629    1234.143           0.000       0.000             214               0
  203          36.515    1081.615           0.000       0.000             203               0
  239         468.545     617.004           0.000       0.000             239               0
   61        -271.887     976.158           0.000       0.000              61               0
   81       -1114.978    -640.887           0.000       0.000              81               0
    9        -545.365    -152.175           0.000       0.000               9               0
   19       -1961.155     164.019           0.000       0.000              19               0
  134         398.097     -43.062           0.000       0.000             134               0
  103        -574.419     451.310           0.000       0.000             103               0
  125       -1263.246      -6.778           0.000       0.000             125               0
  186        -946.960     318.741           0.000       0.000             186               0
   99         514.175     -10.138           0.000       0.000              99               0
  177         859.584    1668.024           0.000       0.000             177               0
  230         624.968    -559.472           0.000       0.000             230               0
   43       -1579.021    -572.953           0.000       0.000              43               0
  102         688.638     262.491           0.000       0.000             102               0
   87         308.378    -472.061           0.000       0.000              87               0
   97        -144.458     995.836           0.000       0.000              97               0
  226       -1139.342     821.974           0.000       0.000             226               0
  118        -261.403    1051.895           0.000       0.000             118               0
   77         -77.781     514.145           0.000       0.000              77               0
   64         108.565   -1701.980           0.000       0.000              64               0
   31        -550.247    -382.814           0.000       0.000              31               0
  167         454.659   -1530.794           0.000       0.000             167               0
   59        1375.183     440.805           0.000       0.000              59               0
  224        1410.849     657.818           0.000       0.000             224               0
  105         809.177     263.605           0.000       0.000             105               0
  106          85.203    -184.983           0.000       0.000             106               0
  114        -327.846   -1226.138           0.000       0.000             114               0
   49          75.098    -813.029           0.000       0.000              49               0
   39        1578.627   -1309.580           0.000       0.000              39               0
   72        -242.196    -668.326           0.000       0.000              72               0
  252         -51.067    -755.199           0.000       0.000             252               0
   23        -728.847     -25.842           0.000       0.000              23               0
  134        -191.809    -176.278           0.000       0.000             134               0
   78         742.398    -232.177           0.000       0.000              78               0
   33        -792.010    1115.123           0.000       0.000              33               0
  154         898.258     134.065           0.000       0.000             154               0
  212        -822.476    -372.326           0.000       0.000             212               0
  137        -725.290   -1373.333           0.000       0.000             137               0
   23        2240.530     -13.007           0.000       0.000              23               0
  142         807.254     501.680           0.000       0.000             142               0
  236        -399.389     592.277           0.000       0.000             236               0
  201        -670.751      46.349           0.000       0.000             201               0
  117        -873.073    -242.927           0.000       0.000             117               0
   23         668.016     220.282           0.000       0.000              23               0
   48        -553.742    -622.808           0.000       0.000              48               0
  204         202.289     700.233           0.000       0.000             204               0
  121       -1324.195    -119.807           0.000       0.000             121               0
   18        -799.441    -413.514           0.000       0.000              18               0
   67         118.568    -262.379           0.000       0.000              67               0
  198        -768.314     834.550           0.000       0.000             198               0
   83         -84.544    -687.622           0.000       0.000              83               0
   99         324.201   -1066.547           0.000       0.000              99               0
  109        1457.594      75.009           0.000       0.000             109               0
  142         433.356    -939.321           0.000       0.000             142               0
   67         115.102     658.114           0.000       0.000              67               0
  215          11.583    -367.701           0.000       0.000             215               0
  249         110.514    1619.060           0.000       0.000             249               0
  182           7.673     389.865           0.000       0.000             182               0
    9       -1026.965    -180.263           0.000       0.000               9               0
   33        1009.024    -731.644           0.000       0.000              33               0
  255        -445.806    1682.616           0.000       0.000             255               0
    6        -273.453    -796.943           0.000       0.000               6               0
   56        -518.386     444.707           0.000       0.000              56               0
  134        -785.607     793.128           0.000       0.000             134               0
   84        -950.522    -200.869           0.000       0.000              84               0
   89         349.771    1693.185           0.000       0.000              89               0
   32         271.298     221.249           0.000       0.000              32               0
   41        -117.188    -433.828           0.000       0.000              41               0
  226         385.768     959.981           0.000       0.000             226               0
   56          72.892     188.529           0.000       0.000              56               0
  184        -415.699    -339.635           0.000       0.000             184               0
  207         231.665    1031.938           0.000       0.000             207               0
    2        -528.687      55.810           0.000       0.000               2               0
   45        -785.639   -1119.700           0.000       0.000              45               0
  230         613.883      42.032           0.000       0.000             230               0
   50         590.767     555.150           0.000       0.000              50               0
  250         441.275      48.751           0.000       0.000             250               0
   96         935.041    1665.277           0.000       0.000              96               0
   69        -548.711     258.430           0.000       0.000              69               0
   61        1090.546      24.765           0.000       0.000              61               0
   38         -35.251    -847.137           0.000       0.000              38               0
  153        -665.883     952.507           0.000       0.000             153               0
  160         919.530    -253.278           0.000       0.000             160               0
  148         232.088     179.133           0.000       0.000             148               0
   40          77.716    -670.226           0.000       0.000              40               0
  228        1781.942    1116.751           0.000       0.000             228               0
  107        -914.519   -1235.618           0.000       0.000             107               0
   33          70.692     528.082           0.000       0.000              33               0
  154          98.264     523.882           0.000       0.000             154               0
  117        -342.809     999.775           0.000       0.000             117               0
