SINAL     NFT                         FFT                         NFT INVERSA     FFT INVERSA
-----     -----------------------     -----------------------     -----------     -----------
  101       34152.000       0.000           0.000       0.000             101               0
   64         648.614   -1446.831           0.000       0.000              64               0
   72         877.122     217.682           0.000       0.000              72               0
   58        -747.917     226.727           0.000       0.000              58               0
  165        1018.834    -975.862           0.000       0.000             165               0
  202       -1572.932    1178.049           0.000       0.000             202               0
  253        -534.853    -537.035           0.000       0.000             253               0
  114         375.312     708.135           0.000       0.000             114               0
   36         238.587    -911.511           0.000       0.000              36               0
   45       -1055.470    -252.571           0.000       0.000              45               0
  144         134.908     -78.648           0.000       0.000             144               0
  168        2178.995    -273.978           0.000       0.000             168               0
  182         447.020     840.550           0.000       0.000             182               0
  149        -886.958     668.840           0.000       0.000             149               0
  249        1052.860    1011.802           0.000       0.000             249               0
   91         123.308    1514.953           0.000       0.000              91               0
  152          41.839    -363.446           0.000       0.000             152               0
  222       -1997.977     698.153           0.000       0.000             222               0
   72         -50.537     559.649           0.000       0.000              72               0
  131         805.483     -27.347           0.000       0.000             131               0
  148        -426.437     334.449           0.000       0.000             148               0
  209        -722.177    -127.995           0.000       0.000             209               0
  114        -704.819    -646.620           0.000       0.000             114               0
  185       -1256.361    -682.483           0.000       0.000             185               0
  134         124.589   -2111.185           0.000       0.000             134               0
   73        1776.256    1648.178           0.000       0.000              73               0
  252        -137.701     911.876           0.000       0.000             252               0
   76       -1532.042    -151.235           0.000       0.000              76               0
  192          63.261     214.193           0.000       0.000             192               0
  243       -2023.499     434.274           0.000       0.000             243               0
  176         277.692      58.292           0.000       0.000             176               0
   38         -52.744     870.472           0.000       0.000              38               0
   51       -1468.421   -1566.320           0.000       0.000              51               0
  249         -21.250     974.079           0.000       0.000             249               0
   96          48.146    1462.590           0.000       0.000              96               0
  217         165.570     731.887           0.000       0.000             217               0
  195        -445.595     650.861           0.000       0.000             195               0
   93        1316.543     912.800           0.000       0.000              93               0
   75        -508.554   -1480.467           0.000       0.000              75               0
  232         633.340     417.100           0.000       0.000             232               0
  139        1098.527     675.478           0.000       0.000             139               0
  220         105.215     621.141           0.000       0.000             220               0
  144          38.551     758.328           0.000       0.000             144               0
   66         135.988    1296.814           0.000       0.000              66               0
  113         597.338    1985.571           0.000       0.000             113               0
  137        -162.528      76.612           0.000       0.000             137               0
  157         332.714    -981.164           0.000       0.000             157               0
    9        1024.346    -973.477           0.000       0.000               9               0
  104       -1163.987     129.617           0.000       0.000             104               0
  229         589.718     306.229           0.000       0.000             229               0
  141         255.458     561.095           0.000       0.000             141               0
  253        -342.681    -884.559           0.000       0.000             253               0
  182         882.982    -384.011           0.000       0.000             182               0
    0         337.105   -1155.949           0.000       0.000              -0               0
  183         -22.494    -867.633           0.000       0.000             183               0
   61         516.878     354.732           0.000       0.000              61               0
   73          69.972    -397.487           0.000       0.000              73               0
  179         511.235     188.933           0.000       0.000             179               0
  137         448.943    -308.935           0.000       0.000             137               0
   10         583.432     397.889           0.000       0.000              10               0
  166        -417.702     287.994           0.000       0.000             166               0
   58        1644.223    1949.453           0.000       0.000              58               0
   48       -1128.488    -588.355           0.000       0.000              48               0
  218        -222.419     461.033           0.000       0.000             218               0
   51        -139.019    -195.027           0.000       0.000              51               0
  145       -1068.976   -1324.135           0.000       0.000             145               0
  179        -788.571     568.361           0.000       0.000             179               0
  247        1262.648     292.717           0.000       0.000             247               0
  238        -592.165     571.698           0.000       0.000             238               0
  255        -874.648    2335.436           0.000       0.000             255               0
  223         287.148   -1360.190           0.000       0.000             223               0
  122        -967.063    1058.119           0.000       0.000             122               0
  219         905.721    -187.137           0.000       0.000             219               0
  112        -830.522      69.561           0.000       0.000             112               0
  188         192.744     552.801           0.000       0.000             188               0
   77        -473.685    -354.713           0.000       0.000              77               0
  249        -577.788     846.765           0.000       0.000             249               0
   89         787.533      87.689           0.000       0.000              89               0
   87          69.501    -229.351           0.000       0.000              87               0
   98         314.639     250.877           0.000       0.000              98               0
   63         313.519   -1033.441           0.000       0.000              63               0
  228        -157.631   -1470.155           0.000       0.000             228               0
   95        -484.092    -838.364           0.000       0.000              95               0
  245       -1506.697     722.970           0.000       0.000             245               0
  228        -771.545     711.157           0.000       0.000             228               0
   22        1338.168     793.054           0.000       0.000              22               0
   50          86.014   -1378.470           0.000       0.000              50               0
   46         536.883     731.198           0.000       0.000              46               0
  202         -67.732     762.100           0.000       0.000             202               0
  188        -441.923    1057.881           0.000       0.000             188               0
   56        1296.509   -1508.514           0.000       0.000              56               0
  113       -1106.959     198.709           0.000       0.000             113               0
  246        -123.987    -121.942           0.000       0.000             246               0
  105        -204.134    -533.175           0.000       0.000             105               0
   75        1342.146    -486.570           0.000       0.000              75               0
   42        1069.097    -475.547           0.000       0.000              42               0
  250        -601.549    -542.295           0.000       0.000             250               0
  254       -1184.990     514.387           0.000       0.000             254               0
   33        2665.520     -32.357           0.000       0.000              33               0
  233         434.858    1039.199           0.000       0.000             233               0
  254          55.673    1282.617           0.000       0.000             254               0
    1        -353.630    -409.935           0.000       0.000               1               0
   99        -275.488    -585.942           0.000       0.000              99               0
  218        -235.934    1789.806           0.000       0.000             218               0
  113       -1105.412     796.122           0.000       0.000             113               0
   31          26.173     380.955           0.000       0.000              31               0
   39        -518.652    1053.184           0.000       0.000              39               0
  107         942.421     261.356           0.000       0.000             107               0
  121         108.153    1526.369           0.000       0.000             121               0
  126        -940.594     401.739           0.000       0.000             126               0
  206         684.218    1083.267           0.000       0.000             206               0
  184        -484.283   -1442.709           0.000       0.000             184               0
   98        -875.344    -846.589           0.000       0.000              98               0
   45       -1546.521     253.570           0.000       0.000              45               0
  174         280.376     -39.584           0.000       0.000             174               0
   71        -972.451    -628.025           0.000       0.000              71               0
   68        -799.864     392.007           0.000       0.000              68               0
  225        1120.917     405.416           0.000       0.000             225               0
  118         609.946    1083.430           0.000       0.000             118               0
   14        -407.879    -249.377           0.000       0.000              14               0
  157        -304.424     607.523           0.000       0.000             157               0
  174       -1321.685     127.055           0.000       0.000             174               0
  128        -177.283    -321.939           0.000       0.000             128               0
  148         222.825     -76.120           0.000       0.000             148               0
   23        1157.300     667.507           0.000       0.000              23               0
  203        -388.747    1033.966           0.000       0.000             203               0
  190       -1168.908    -914.166           0.000       0.000             190               0
   18          73.185    -611.863           0.000       0.000              18               0
  202        1186.000       0.099           0.000       0.000             202               0
  224          72.975     611.836           0.000       0.000             224               0
  251       -1169.086     913.810           0.000       0.000             251               0
  200        -388.480   -1034.189           0.000       0.000             200               0
  225        1157.435    -667.351           0.000       0.000             225               0
   94         222.724      76.137           0.000       0.000              94               0
  162        -177.444     321.835           0.000       0.000             162               0
   83       -1321.689    -127.386           0.000       0.000              83               0
  126        -304.267    -607.644           0.000       0.000             126               0
  202        -407.845     249.222           0.000       0.000             202               0
  190         610.188   -1083.399           0.000       0.000             190               0
  247        1120.900    -405.225           0.000       0.000             247               0
   72        -799.926    -392.107           0.000       0.000              72               0
  141        -972.570     627.863           0.000       0.000             141               0
  175         280.330      39.576           0.000       0.000             175               0
  171       -1546.506    -253.840           0.000       0.000             171               0
  187        -875.396     846.420           0.000       0.000             187               0
   93        -484.395    1442.432           0.000       0.000              93               0
  242         684.457   -1083.379           0.000       0.000             242               0
  255        -940.477    -402.052           0.000       0.000             255               0
   62         108.526   -1526.440           0.000       0.000              62               0
  105         942.480    -261.245           0.000       0.000             105               0
   14        -518.500   -1053.317           0.000       0.000              14               0
  220          26.228    -380.978           0.000       0.000             220               0
   23       -1105.246    -796.355           0.000       0.000              23               0
  142        -235.537   -1789.770           0.000       0.000             142               0
  112        -275.494     585.998           0.000       0.000             112               0
   47        -353.575     409.821           0.000       0.000              47               0
   90          56.043   -1282.650           0.000       0.000              90               0
   46         435.207   -1039.041           0.000       0.000              46               0
   65        2665.488      32.900           0.000       0.000              65               0
   36       -1185.004    -514.482           0.000       0.000              36               0
   15        -601.534     542.299           0.000       0.000              15               0
   61        1069.122     475.771           0.000       0.000              61               0
  237        1342.017     486.806           0.000       0.000             237               0
  240        -204.315     533.113           0.000       0.000             240               0
  156        -124.058     121.873           0.000       0.000             156               0
  144       -1106.869    -198.893           0.000       0.000             144               0
   68        1296.297    1508.635           0.000       0.000              68               0
   26        -441.775   -1058.100           0.000       0.000              26               0
   90         -67.564    -762.130           0.000       0.000              90               0
    3         537.025    -731.034           0.000       0.000               3               0
   17          85.789    1378.475           0.000       0.000              17               0
  162        1338.209    -792.915           0.000       0.000             162               0
  144        -771.584    -711.269           0.000       0.000             144               0
  193       -1506.585    -723.105           0.000       0.000             193               0
   77        -484.143     838.417           0.000       0.000              77               0
   75        -157.781    1470.135           0.000       0.000              75               0
   31         313.418    1033.368           0.000       0.000              31               0
   64         314.710    -250.950           0.000       0.000              64               0
   75          69.486     229.267           0.000       0.000              75               0
   94         787.512     -87.676           0.000       0.000              94               0
  169        -577.704    -846.918           0.000       0.000             169               0
   89        -473.726     354.588           0.000       0.000              89               0
   58         192.844    -552.830           0.000       0.000              58               0
  193        -830.470     -69.731           0.000       0.000             193               0
  232         905.700     187.209           0.000       0.000             232               0
  171        -966.896   -1058.308           0.000       0.000             171               0
  241         286.936    1360.128           0.000       0.000             241               0
   66        -874.242   -2335.687           0.000       0.000              66               0
  218        -591.953    -571.728           0.000       0.000             218               0
   51        1262.723    -292.451           0.000       0.000              51               0
  103        -788.528    -568.393           0.000       0.000             103               0
  233       -1069.131    1323.992           0.000       0.000             233               0
  112        -138.943     194.918           0.000       0.000             112               0
   85        -222.260    -461.122           0.000       0.000              85               0
  218       -1128.402     588.064           0.000       0.000             218               0
   12        1644.692   -1949.226           0.000       0.000              12               0
  229        -417.588    -287.987           0.000       0.000             229               0
   30         583.605    -397.716           0.000       0.000              30               0
   38         448.958     309.068           0.000       0.000              38               0
   64         511.306    -188.803           0.000       0.000              64               0
   33          69.947     397.534           0.000       0.000              33               0
   56         516.975    -354.585           0.000       0.000              56               0
  226         -22.601     867.703           0.000       0.000             226               0
  178         336.975    1155.976           0.000       0.000             178               0
  250         882.918     384.084           0.000       0.000             250               0
   48        -342.833     884.376           0.000       0.000              48               0
  253         255.594    -561.180           0.000       0.000             253               0
   25         589.750    -306.178           0.000       0.000              25               0
  113       -1163.911    -129.814           0.000       0.000             113               0
   72        1024.277     973.604           0.000       0.000              72               0
  120         332.552     981.037           0.000       0.000             120               0
   27        -162.479     -76.917           0.000       0.000              27               0
  162         597.707   -1985.652           0.000       0.000             162               0
  179         136.214   -1296.818           0.000       0.000             179               0
  220          38.712    -758.309           0.000       0.000             220               0
  139         105.390    -621.108           0.000       0.000             139               0
   94        1098.670    -675.255           0.000       0.000              94               0
  205         633.349    -416.906           0.000       0.000             205               0
  206        -508.807    1480.343           0.000       0.000             206               0
   56        1316.663    -912.707           0.000       0.000              56               0
    0        -445.567    -650.987           0.000       0.000               0               0
   54         165.656    -731.900           0.000       0.000              54               0
   34          48.329   -1462.547           0.000       0.000              34               0
  113         -21.185    -973.915           0.000       0.000             113               0
  139       -1468.704    1566.131           0.000       0.000             139               0
  252         -52.547    -870.515           0.000       0.000             252               0
  125         277.646     -58.223           0.000       0.000             125               0
  112       -2023.409    -434.594           0.000       0.000             112               0
   26          63.385    -214.144           0.000       0.000              26               0
  164       -1531.946     150.975           0.000       0.000             164               0
  177        -137.313    -911.898           0.000       0.000             177               0
   60        1776.620   -1647.683           0.000       0.000              60               0
  221         124.159    2111.372           0.000       0.000             221               0
  147       -1256.478     682.248           0.000       0.000             147               0
  238        -704.832     646.438           0.000       0.000             238               0
  215        -722.061     127.779           0.000       0.000             215               0
  196        -426.192    -334.591           0.000       0.000             196               0
  236         805.606      27.414           0.000       0.000             236               0
  241         -50.423    -559.727           0.000       0.000             241               0
   53       -1997.707    -698.500           0.000       0.000              53               0
   53          42.054     363.391           0.000       0.000              53               0
  105         123.808   -1514.991           0.000       0.000             105               0
   80        1053.193   -1011.571           0.000       0.000              80               0
  215        -886.658    -668.904           0.000       0.000             215               0
   28         447.461    -840.341           0.000       0.000              28               0
   45        2179.100     274.479           0.000       0.000              45               0
   99         134.918      78.764           0.000       0.000              99               0
  123       -1055.355     252.480           0.000       0.000             123               0
  251         238.685     911.553           0.000       0.000             251               0
   49         375.639    -708.071           0.000       0.000              49               0
  180        -534.711     536.956           0.000       0.000             180               0
  252       -1572.293   -1178.254           0.000       0.000             252               0
  103        1019.216     976.108           0.000       0.000             103               0
  214        -747.211    -226.841           0.000       0.000             214               0
  109         878.157    -217.452           0.000       0.000             109               0
  242         650.187    1446.945           0.000       0.000             242               0
