SINAL     NFT                         FFT                         NFT INVERSA     FFT INVERSA
-----     -----------------------     -----------------------     -----------     -----------
  195       33824.000       0.000           0.000       0.000             195               0
   49        -437.953     516.228           0.000       0.000              49               0
   42        -575.884    -103.683           0.000       0.000              42               0
  151        -515.295     -95.192           0.000       0.000             151               0
   83          99.685      -8.159           0.000       0.000              83               0
   24          92.492    1146.699           0.000       0.000              24               0
  153           6.146     673.685           0.000       0.000             153               0
  185         337.260     599.312           0.000       0.000             185               0
  234          42.509    -146.696           0.000       0.000             234               0
   72       -1313.724   -2409.800           0.000       0.000              72               0
   72         286.517    -909.131           0.000       0.000              72               0
  144         970.028     838.959           0.000       0.000             144               0
  134         920.758    -803.704           0.000       0.000             134               0
  171        -585.392     655.726           0.000       0.000             171               0
   61          -6.146     388.562           0.000       0.000              61               0
  158        -795.008     307.959           0.000       0.000             158               0
  112        -731.166     443.013           0.000       0.000             112               0
    6        -663.792   -1698.612           0.000       0.000               6               0
  132         835.715    1551.252           0.000       0.000             132               0
   46         698.428     -13.216           0.000       0.000              46               0
    3        1649.739    1327.077           0.000       0.000               3               0
  177        -141.159    -203.365           0.000       0.000             177               0
  148        1818.529   -1073.372           0.000       0.000             148               0
   10        -948.385    1156.943           0.000       0.000              10               0
  196         986.648    1744.528           0.000       0.000             196               0
  209        -890.922    -244.086           0.000       0.000             209               0
  120        -318.119    -973.781           0.000       0.000             120               0
  141         570.630    2056.356           0.000       0.000             141               0
  185         907.318     573.310           0.000       0.000             185               0
   61         233.269    -640.929           0.000       0.000              61               0
  149       -1303.814    1572.593           0.000       0.000             149               0
  125        1679.245    1660.120           0.000       0.000             125               0
  111         -89.608     667.429           0.000       0.000             111               0
  192        -506.144     760.859           0.000       0.000             192               0
   21       -1325.582     361.120           0.000       0.000              21               0
  194         432.259    -800.873           0.000       0.000             194               0
  217        -799.883    -515.805           0.000       0.000             217               0
  175        1264.972     246.105           0.000       0.000             175               0
  124         316.698    -162.199           0.000       0.000             124               0
  195         651.613     327.854           0.000       0.000             195               0
  247         -11.920    -334.101           0.000       0.000             247               0
  196        -152.755    -753.410           0.000       0.000             196               0
   84          17.013     826.341           0.000       0.000              84               0
  125         543.088    -247.685           0.000       0.000             125               0
  112          -7.663    -463.706           0.000       0.000             112               0
  145        -571.390      -6.561           0.000       0.000             145               0
   28         494.619    -586.330           0.000       0.000              28               0
  224       -1229.722     637.820           0.000       0.000             224               0
  152        -137.496     744.809           0.000       0.000             152               0
  160        -236.811   -1276.740           0.000       0.000             160               0
   15         896.727    -590.521           0.000       0.000              15               0
  155        -891.670     291.754           0.000       0.000             155               0
   82          13.411     384.167           0.000       0.000              82               0
  164        -946.959    -340.489           0.000       0.000             164               0
  166        -257.899   -1619.951           0.000       0.000             166               0
   23          89.375     671.441           0.000       0.000              23               0
  117        -311.893     523.987           0.000       0.000             117               0
   31         593.589     417.929           0.000       0.000              31               0
  165         668.733     640.498           0.000       0.000             165               0
   47         282.719    -922.769           0.000       0.000              47               0
   92         948.786     608.613           0.000       0.000              92               0
   59         289.090    1676.646           0.000       0.000              59               0
  172         390.814     677.471           0.000       0.000             172               0
  204         136.064     739.782           0.000       0.000             204               0
  251        1606.952     955.047           0.000       0.000             251               0
  194         466.610      91.323           0.000       0.000             194               0
  143         -44.147    -423.959           0.000       0.000             143               0
  212         394.367    1785.292           0.000       0.000             212               0
  113        -592.522     784.192           0.000       0.000             113               0
   11        -490.739    1620.564           0.000       0.000              11               0
  152         536.610     662.420           0.000       0.000             152               0
  105         595.635    -315.791           0.000       0.000             105               0
  208        -731.988     350.860           0.000       0.000             208               0
  236         552.501    -609.293           0.000       0.000             236               0
  231        -882.671   -1306.493           0.000       0.000             231               0
   64         156.363    -116.013           0.000       0.000              64               0
  126         637.622   -1096.305           0.000       0.000             126               0
    3        -302.871      29.272           0.000       0.000               3               0
   33         122.653    -858.822           0.000       0.000              33               0
   22        -460.206     273.043           0.000       0.000              22               0
  164        1192.386     692.933           0.000       0.000             164               0
   48        1107.359     599.969           0.000       0.000              48               0
  177          97.097     107.276           0.000       0.000             177               0
  247        1094.937    1928.244           0.000       0.000             247               0
  212        1600.297     -22.199           0.000       0.000             212               0
   88        -640.672    1220.947           0.000       0.000              88               0
   14         353.199    -762.953           0.000       0.000              14               0
   74        -102.746    -580.078           0.000       0.000              74               0
  119        -151.627    -963.581           0.000       0.000             119               0
  179        -503.868     148.979           0.000       0.000             179               0
  121       -1202.213     564.408           0.000       0.000             121               0
  212         580.311     504.429           0.000       0.000             212               0
  238        -164.075     400.714           0.000       0.000             238               0
   38         472.930    1200.667           0.000       0.000              38               0
  160        -924.109    -289.633           0.000       0.000             160               0
  234        1648.462     441.362           0.000       0.000             234               0
  232         163.523     -80.583           0.000       0.000             232               0
   47        -575.066     243.562           0.000       0.000              47               0
  190         165.309     438.812           0.000       0.000             190               0
   89       -1810.230     274.719           0.000       0.000              89               0
   59         105.261   -1016.434           0.000       0.000              59               0
   86         -44.322   -1568.565           0.000       0.000              86               0
  195        1547.814    -246.405           0.000       0.000             195               0
   11        -325.576    -396.256           0.000       0.000              11               0
   66        -351.260    -336.334           0.000       0.000              66               0
  170        -697.453    -538.537           0.000       0.000             170               0
   75         -33.985      59.522           0.000       0.000              75               0
  192       -1231.345   -1072.306           0.000       0.000             192               0
  173        1145.361    -188.060           0.000       0.000             173               0
  109         417.873    1602.301           0.000       0.000             109               0
  215        -253.428     250.792           0.000       0.000             215               0
   82        -596.079   -1213.673           0.000       0.000              82               0
  157        -227.825     659.027           0.000       0.000             157               0
  136       -1940.192    -581.127           0.000       0.000             136               0
   73         407.965     941.818           0.000       0.000              73               0
  114        1228.760    -901.786           0.000       0.000             114               0
  224        -460.244      44.469           0.000       0.000             224               0
   88         -17.334    -557.378           0.000       0.000              88               0
  188        1524.075     834.586           0.000       0.000             188               0
   88         145.319     573.306           0.000       0.000              88               0
   12         -14.625     548.869           0.000       0.000              12               0
   54       -1107.913   -1280.771           0.000       0.000              54               0
   44          -0.134    -835.083           0.000       0.000              44               0
  251        -295.479    1222.409           0.000       0.000             251               0
   92        -435.834     186.676           0.000       0.000              92               0
  204        1056.232   -1234.897           0.000       0.000             204               0
  229        1057.908   -1031.788           0.000       0.000             229               0
   69        -461.137     970.110           0.000       0.000              69               0
  252         958.000       0.052           0.000       0.000             252               0
  164        -460.967    -970.143           0.000       0.000             164               0
  159        1057.761    1032.037           0.000       0.000             159               0
   55        1055.920    1234.989           0.000       0.000              55               0
  250        -435.921    -186.894           0.000       0.000             250               0
   98        -295.323   -1222.462           0.000       0.000              98               0
   67          -0.328     835.133           0.000       0.000              67               0
   61       -1108.118    1280.474           0.000       0.000              61               0
   12         -14.446    -549.026           0.000       0.000              12               0
  142         145.506    -573.355           0.000       0.000             142               0
  254        1524.205    -834.314           0.000       0.000             254               0
  186         -17.522     557.397           0.000       0.000             186               0
  251        -460.239     -44.558           0.000       0.000             251               0
  213        1228.570     901.919           0.000       0.000             213               0
   12         407.934    -941.807           0.000       0.000              12               0
  153       -1940.375     580.778           0.000       0.000             153               0
   94        -227.678    -659.076           0.000       0.000              94               0
   86        -596.245    1213.528           0.000       0.000              86               0
   11        -253.306    -250.979           0.000       0.000              11               0
   63         418.207   -1602.231           0.000       0.000              63               0
  174        1145.261     188.362           0.000       0.000             174               0
  200       -1231.591    1072.110           0.000       0.000             200               0
  151         -33.964     -59.557           0.000       0.000             151               0
  187        -697.522     538.408           0.000       0.000             187               0
  254        -351.244     336.241           0.000       0.000             254               0
  196        -325.519     396.167           0.000       0.000             196               0
  182        1547.807     246.656           0.000       0.000             182               0
   91         -44.658    1568.490           0.000       0.000              91               0
  144         105.003    1016.245           0.000       0.000             144               0
  155       -1810.169    -275.237           0.000       0.000             155               0
  160         165.484    -438.927           0.000       0.000             160               0
  141        -574.930    -243.760           0.000       0.000             141               0
   63         163.654      80.497           0.000       0.000              63               0
   64        1648.543    -441.192           0.000       0.000              64               0
  197        -924.182     289.343           0.000       0.000             197               0
   58         473.167   -1200.702           0.000       0.000              58               0
  162        -163.995    -400.782           0.000       0.000             162               0
    8         580.362    -504.368           0.000       0.000               8               0
  120       -1202.131    -564.603           0.000       0.000             120               0
  175        -503.748    -149.013           0.000       0.000             175               0
  150        -151.678     963.551           0.000       0.000             150               0
  118        -102.725     579.964           0.000       0.000             118               0
  106         353.171     762.819           0.000       0.000             106               0
  146        -640.303   -1221.222           0.000       0.000             146               0
   76        1600.450      22.334           0.000       0.000              76               0
  119        1095.274   -1928.124           0.000       0.000             119               0
   44          97.141    -107.241           0.000       0.000              44               0
  170        1107.491    -599.796           0.000       0.000             170               0
  205        1192.419    -692.695           0.000       0.000             205               0
   55        -460.242    -273.028           0.000       0.000              55               0
  234         122.490     858.884           0.000       0.000             234               0
  124        -302.851     -29.312           0.000       0.000             124               0
  255         637.445    1096.391           0.000       0.000             255               0
  130         156.287     115.988           0.000       0.000             130               0
   55        -882.876    1306.252           0.000       0.000              55               0
  254         552.431     609.183           0.000       0.000             254               0
   70        -731.885    -351.171           0.000       0.000              70               0
  237         595.656     315.692           0.000       0.000             237               0
   89         536.707    -662.568           0.000       0.000              89               0
  215        -490.479   -1620.790           0.000       0.000             215               0
  137        -592.308    -784.370           0.000       0.000             137               0
  250         394.767   -1785.212           0.000       0.000             250               0
  100         -44.121     423.982           0.000       0.000             100               0
  201         466.755     -91.334           0.000       0.000             201               0
   58        1607.144    -954.858           0.000       0.000              58               0
   41         136.159    -739.795           0.000       0.000              41               0
    3         390.937    -677.447           0.000       0.000               3               0
  221         289.395   -1676.558           0.000       0.000             221               0
   49         948.882    -608.309           0.000       0.000              49               0
  123         282.531     922.864           0.000       0.000             123               0
  140         668.801    -640.407           0.000       0.000             140               0
  200         593.563    -417.801           0.000       0.000             200               0
  242        -311.893    -523.983           0.000       0.000             242               0
  247          89.424    -671.282           0.000       0.000             247               0
   91        -258.247    1619.984           0.000       0.000              91               0
   62        -947.026     340.265           0.000       0.000              62               0
  110          13.495    -384.197           0.000       0.000             110               0
  135        -891.559    -291.861           0.000       0.000             135               0
  233         896.674     590.718           0.000       0.000             233               0
   59        -237.052    1276.615           0.000       0.000              59               0
  191        -137.392    -744.945           0.000       0.000             191               0
  211       -1229.555    -638.011           0.000       0.000             211               0
  184         494.606     586.426           0.000       0.000             184               0
  191        -571.330       6.441           0.000       0.000             191               0
   86          -7.629     463.666           0.000       0.000              86               0
  240         543.116     247.687           0.000       0.000             240               0
  189          17.187    -826.363           0.000       0.000             189               0
  156        -152.818     753.379           0.000       0.000             156               0
  222         -11.875     334.008           0.000       0.000             222               0
   22         651.748    -327.820           0.000       0.000              22               0
  116         316.726     162.194           0.000       0.000             116               0
  103        1264.979    -245.940           0.000       0.000             103               0
   17        -800.013     515.622           0.000       0.000              17               0
  216         432.106     800.793           0.000       0.000             216               0
   48       -1325.506    -361.546           0.000       0.000              48               0
   75        -505.880    -761.104           0.000       0.000              75               0
    2         -89.319    -667.590           0.000       0.000               2               0
   52        1679.569   -1659.924           0.000       0.000              52               0
   40       -1303.517   -1572.744           0.000       0.000              40               0
   52         233.324     640.999           0.000       0.000              52               0
  175         907.508    -573.243           0.000       0.000             175               0
  181         570.982   -2056.194           0.000       0.000             181               0
  253        -318.273     973.817           0.000       0.000             253               0
  161        -890.835     243.842           0.000       0.000             161               0
  172         987.062   -1744.402           0.000       0.000             172               0
   88        -948.034   -1156.961           0.000       0.000              88               0
  224        1818.498    1073.764           0.000       0.000             224               0
   26        -141.099     203.274           0.000       0.000              26               0
  224        1650.043   -1326.808           0.000       0.000             224               0
  201         698.407      13.369           0.000       0.000             201               0
   86         835.902   -1550.991           0.000       0.000              86               0
  159        -664.141    1698.585           0.000       0.000             159               0
  157        -731.058    -443.178           0.000       0.000             157               0
   15        -794.834    -308.080           0.000       0.000              15               0
   95          -5.927    -388.530           0.000       0.000              95               0
  243        -585.081    -655.724           0.000       0.000             243               0
  255         920.834     803.928           0.000       0.000             255               0
   28         970.270    -838.706           0.000       0.000              28               0
  144         286.400     909.336           0.000       0.000             144               0
  221       -1313.984    2409.532           0.000       0.000             221               0
   51          42.747     146.509           0.000       0.000              51               0
    4         337.605    -599.387           0.000       0.000               4               0
   69           6.520    -673.751           0.000       0.000              69               0
   68          93.001   -1146.656           0.000       0.000              68               0
  221         100.061       8.251           0.000       0.000             221               0
  118        -514.780      95.140           0.000       0.000             118               0
  144        -575.022     103.588           0.000       0.000             144               0
  224        -436.052    -516.276           0.000       0.000             224               0
