SINAL     NFT                         FFT                         NFT INVERSA     FFT INVERSA
-----     -----------------------     -----------------------     -----------     -----------
   35       31114.000       0.000           0.000       0.000              35               0
  248        1268.170     828.378           0.000       0.000             248               0
  218        -258.922    -455.310           0.000       0.000             218               0
   65         594.661    1010.613           0.000       0.000              65               0
   91        -306.584   -1546.836           0.000       0.000              91               0
  232         450.218     402.824           0.000       0.000             232               0
   74        -553.086     266.701           0.000       0.000              74               0
  230        -408.619    -557.111           0.000       0.000             230               0
   50         391.676     373.022           0.000       0.000              50               0
   77        -600.664    -600.943           0.000       0.000              77               0
   50          62.822      34.714           0.000       0.000              50               0
   85        -994.580    -655.159           0.000       0.000              85               0
  176         235.073     897.326           0.000       0.000             176               0
  249        1468.282   -1251.796           0.000       0.000             249               0
  199        -215.913     138.099           0.000       0.000             199               0
  122         393.665     409.089           0.000       0.000             122               0
  108        2359.230     131.127           0.000       0.000             108               0
   93        -827.712    1106.793           0.000       0.000              93               0
  230         798.479   -2403.945           0.000       0.000             230               0
   99         -80.010      -3.161           0.000       0.000              99               0
  234          24.576   -1918.248           0.000       0.000             234               0
   51         308.769     641.620           0.000       0.000              51               0
  232        -169.525    1471.629           0.000       0.000             232               0
   53         917.981    -127.305           0.000       0.000              53               0
   68         820.292   -1321.496           0.000       0.000              68               0
   17        -690.536     370.580           0.000       0.000              17               0
  100         493.735     895.507           0.000       0.000             100               0
  248         189.252    -545.555           0.000       0.000             248               0
   91        -898.500    -361.406           0.000       0.000              91               0
    6        -904.023     544.703           0.000       0.000               6               0
  168         353.027      61.648           0.000       0.000             168               0
  127         271.704     676.219           0.000       0.000             127               0
  255         -28.987     713.321           0.000       0.000             255               0
  131        -714.228     644.872           0.000       0.000             131               0
  192        -839.452     735.998           0.000       0.000             192               0
   91        -104.229     463.055           0.000       0.000              91               0
  107       -1101.718     628.091           0.000       0.000             107               0
   11         798.111     527.103           0.000       0.000              11               0
   65         107.226     985.105           0.000       0.000              65               0
  158        1146.280    -429.158           0.000       0.000             158               0
   89         468.388   -1254.784           0.000       0.000              89               0
  115        -715.834    -918.812           0.000       0.000             115               0
  243          -2.211    -221.727           0.000       0.000             243               0
    9         -20.143     321.964           0.000       0.000               9               0
  109         -14.032    -709.270           0.000       0.000             109               0
  187       -1650.803    -430.893           0.000       0.000             187               0
  131         266.266    -357.501           0.000       0.000             131               0
  218        1033.133   -1190.256           0.000       0.000             218               0
   24       -1933.775    -334.959           0.000       0.000              24               0
  105        -269.056      45.549           0.000       0.000             105               0
   62         451.870   -2473.331           0.000       0.000              62               0
    2        -439.871   -1422.033           0.000       0.000               2               0
  157         383.201    1244.220           0.000       0.000             157               0
   38       -1784.160    -409.666           0.000       0.000              38               0
   55        -184.433    -871.147           0.000       0.000              55               0
  225         522.195     768.870           0.000       0.000             225               0
   55         609.935    -356.999           0.000       0.000              55               0
  156         757.804    -141.029           0.000       0.000             156               0
  218         118.647    -818.355           0.000       0.000             218               0
  147        -262.075    -627.852           0.000       0.000             147               0
  163        1624.106   -1397.625           0.000       0.000             163               0
  130        -335.015     525.245           0.000       0.000             130               0
   18        -212.548      -7.442           0.000       0.000              18               0
  162       -1387.892    -569.585           0.000       0.000             162               0
    6        -732.952    -609.007           0.000       0.000               6               0
  211        1583.620     328.174           0.000       0.000             211               0
  253        -216.596     412.913           0.000       0.000             253               0
  114         264.783    -150.828           0.000       0.000             114               0
  223         487.615     -88.789           0.000       0.000             223               0
   63          64.670    -427.538           0.000       0.000              63               0
   16       -1966.537     162.832           0.000       0.000              16               0
   56         738.798    -554.808           0.000       0.000              56               0
  179         125.631     -35.570           0.000       0.000             179               0
    4        -854.231    1507.201           0.000       0.000               4               0
   65         546.701     445.180           0.000       0.000              65               0
   32        -785.859     135.327           0.000       0.000              32               0
  191       -2159.267    -961.990           0.000       0.000             191               0
  196         -10.101   -1158.236           0.000       0.000             196               0
  251         150.270     390.184           0.000       0.000             251               0
  215        1120.073    -747.790           0.000       0.000             215               0
   46        -709.102    -769.108           0.000       0.000              46               0
   57         476.719     175.206           0.000       0.000              57               0
  217        -145.557    -228.266           0.000       0.000             217               0
  203         -71.872    1615.063           0.000       0.000             203               0
   96       -1537.135     339.986           0.000       0.000              96               0
   17        1213.241     -73.107           0.000       0.000              17               0
  173       -1503.587     293.529           0.000       0.000             173               0
  151         541.756    -736.642           0.000       0.000             151               0
  174       -1092.319    -337.638           0.000       0.000             174               0
  135         577.265     503.772           0.000       0.000             135               0
   42        -554.982     747.419           0.000       0.000              42               0
   81       -1372.822     394.405           0.000       0.000              81               0
   10        -832.800    1807.687           0.000       0.000              10               0
   61         710.947     296.655           0.000       0.000              61               0
  244        -499.176    -492.316           0.000       0.000             244               0
   16       -1231.309    -138.611           0.000       0.000              16               0
   17       -1849.036     405.215           0.000       0.000              17               0
  242           3.375     822.378           0.000       0.000             242               0
  130         956.269     177.518           0.000       0.000             130               0
  240        -872.499   -1254.055           0.000       0.000             240               0
   49       -1227.486    -241.421           0.000       0.000              49               0
  147        1812.488     897.124           0.000       0.000             147               0
   40        -241.646    2354.173           0.000       0.000              40               0
  228         -23.976    1508.497           0.000       0.000             228               0
  151        -218.941    -762.968           0.000       0.000             151               0
  105          19.094    -689.211           0.000       0.000             105               0
    5        -122.609    -625.642           0.000       0.000               5               0
   86        -323.603      46.961           0.000       0.000              86               0
   46       -1990.033    -597.489           0.000       0.000              46               0
    1         102.090     275.078           0.000       0.000               1               0
   45        -652.246    -996.111           0.000       0.000              45               0
   92        -187.772    -364.273           0.000       0.000              92               0
   59         507.821   -1307.046           0.000       0.000              59               0
    7        1426.661     566.056           0.000       0.000               7               0
   40        2225.981      18.388           0.000       0.000              40               0
  155        -281.156    -606.987           0.000       0.000             155               0
   25         844.016     145.022           0.000       0.000              25               0
  213         364.770      48.664           0.000       0.000             213               0
   50        -537.799    -318.207           0.000       0.000              50               0
  199        -399.024    -698.510           0.000       0.000             199               0
   92        -544.605    -480.107           0.000       0.000              92               0
   93         181.929    -208.764           0.000       0.000              93               0
   25        -199.372    -983.642           0.000       0.000              25               0
  103       -1362.052    -134.715           0.000       0.000             103               0
  155       -1483.146    1276.441           0.000       0.000             155               0
   14         630.891    -564.290           0.000       0.000              14               0
  119       -1007.609    2031.593           0.000       0.000             119               0
  172         251.930    -228.825           0.000       0.000             172               0
    0          28.000      -0.024           0.000       0.000              -0               0
  250         251.839     228.762           0.000       0.000             250               0
  156       -1007.289   -2031.756           0.000       0.000             156               0
   50         630.747     564.464           0.000       0.000              50               0
  141       -1483.002   -1276.617           0.000       0.000             141               0
  197       -1361.992     134.653           0.000       0.000             197               0
   22        -199.411     983.693           0.000       0.000              22               0
   37         181.954     208.827           0.000       0.000              37               0
   47        -544.640     480.055           0.000       0.000              47               0
   28        -399.057     698.440           0.000       0.000              28               0
  123        -537.716     318.078           0.000       0.000             123               0
   93         364.934     -48.629           0.000       0.000              93               0
   29         844.125    -144.860           0.000       0.000              29               0
  169        -281.135     606.945           0.000       0.000             169               0
  186        2226.059     -18.041           0.000       0.000             186               0
   88        1426.637    -565.752           0.000       0.000              88               0
  177         507.421    1307.181           0.000       0.000             177               0
  226        -188.002     364.217           0.000       0.000             226               0
  244        -652.520     995.935           0.000       0.000             244               0
  202         102.011    -275.129           0.000       0.000             202               0
  184       -1990.179     597.109           0.000       0.000             184               0
   39        -323.522     -47.068           0.000       0.000              39               0
  146        -122.671     625.570           0.000       0.000             146               0
   20          18.995     689.094           0.000       0.000              20               0
  132        -219.057     762.693           0.000       0.000             132               0
  172         -23.706   -1508.741           0.000       0.000             172               0
  123        -241.200   -2354.236           0.000       0.000             123               0
   31        1812.559    -896.684           0.000       0.000              31               0
  186       -1227.670     241.345           0.000       0.000             186               0
  243        -872.685    1253.898           0.000       0.000             243               0
  204         956.273    -177.466           0.000       0.000             204               0
  187           3.343    -822.418           0.000       0.000             187               0
  238       -1849.064    -405.499           0.000       0.000             238               0
  105       -1231.278     138.424           0.000       0.000             105               0
  237        -499.156     492.172           0.000       0.000             237               0
  124         711.000    -296.665           0.000       0.000             124               0
   46        -832.563   -1807.851           0.000       0.000              46               0
    4       -1372.715    -394.570           0.000       0.000               4               0
  161        -554.735    -747.444           0.000       0.000             161               0
   93         577.393    -503.555           0.000       0.000              93               0
   32       -1092.337     337.567           0.000       0.000              32               0
   29         541.665     736.749           0.000       0.000              29               0
  187       -1503.470    -293.796           0.000       0.000             187               0
   62        1213.270      73.301           0.000       0.000              62               0
  198       -1537.066    -340.280           0.000       0.000             198               0
  117         -71.490   -1614.996           0.000       0.000             117               0
  151        -145.503     228.392           0.000       0.000             151               0
  119         476.793    -174.997           0.000       0.000             119               0
   88        -709.163     769.099           0.000       0.000              88               0
  140        1119.992     747.997           0.000       0.000             140               0
   66         150.269    -390.107           0.000       0.000              66               0
   16         -10.411    1158.288           0.000       0.000              16               0
  179       -2159.439     961.554           0.000       0.000             179               0
  212        -785.681    -135.569           0.000       0.000             212               0
   37         546.865    -445.169           0.000       0.000              37               0
   55        -853.911   -1507.302           0.000       0.000              55               0
  128         125.735      35.722           0.000       0.000             128               0
  161         738.693     554.992           0.000       0.000             161               0
   87       -1966.457    -163.119           0.000       0.000              87               0
   58          64.783     427.590           0.000       0.000              58               0
  149         487.713      88.886           0.000       0.000             149               0
   35         264.817     150.878           0.000       0.000              35               0
  245        -216.435    -412.922           0.000       0.000             245               0
  131        1583.670    -327.811           0.000       0.000             131               0
  140        -733.145     608.979           0.000       0.000             140               0
  227       -1387.928     569.380           0.000       0.000             227               0
    0        -212.406       7.421           0.000       0.000              -0               0
  187        -334.749    -525.191           0.000       0.000             187               0
  231        1623.961    1397.994           0.000       0.000             231               0
  161        -262.169     627.814           0.000       0.000             161               0
   24         118.588     818.347           0.000       0.000              24               0
    8         757.829     141.116           0.000       0.000               8               0
  190         609.859     357.060           0.000       0.000             190               0
  212         522.249    -768.753           0.000       0.000             212               0
   71        -184.695     871.174           0.000       0.000              71               0
  133       -1784.212     409.339           0.000       0.000             133               0
   74         383.492   -1244.054           0.000       0.000              74               0
  223        -440.064    1422.143           0.000       0.000             223               0
  252         451.476    2473.367           0.000       0.000             252               0
  162        -269.098     -45.708           0.000       0.000             162               0
  107       -1933.733     334.622           0.000       0.000             107               0
   62        1033.066    1190.377           0.000       0.000              62               0
  179         266.172     357.452           0.000       0.000             179               0
   30       -1650.827     430.545           0.000       0.000              30               0
   19         -14.007     709.160           0.000       0.000              19               0
  217         -19.988    -322.053           0.000       0.000             217               0
   86          -2.170     221.709           0.000       0.000              86               0
  147        -715.857     918.647           0.000       0.000             147               0
  122         468.348    1254.709           0.000       0.000             122               0
  173        1146.274     429.101           0.000       0.000             173               0
  206         107.402    -985.286           0.000       0.000             206               0
   16         798.157    -527.086           0.000       0.000              16               0
  209       -1101.639    -628.366           0.000       0.000             209               0
  196        -104.114    -463.149           0.000       0.000             196               0
  148        -839.278    -736.197           0.000       0.000             148               0
   94        -713.992    -645.020           0.000       0.000              94               0
  168         -28.718    -713.326           0.000       0.000             168               0
  148         271.927    -676.131           0.000       0.000             148               0
   25         353.076     -61.546           0.000       0.000              25               0
  143        -903.879    -544.797           0.000       0.000             143               0
   53        -898.391     361.317           0.000       0.000              53               0
   50         189.362     545.557           0.000       0.000              50               0
  152         494.015    -895.435           0.000       0.000             152               0
  243        -690.306    -370.593           0.000       0.000             243               0
    7         820.270    1321.658           0.000       0.000               7               0
  223         918.053     127.356           0.000       0.000             223               0
  121        -169.195   -1471.656           0.000       0.000             121               0
   81         308.991    -641.384           0.000       0.000              81               0
  190          24.370    1918.349           0.000       0.000             190               0
  117         -79.851       3.168           0.000       0.000             117               0
  244         798.210    2403.979           0.000       0.000             244               0
   42        -827.318   -1107.094           0.000       0.000              42               0
  180        2359.421    -130.766           0.000       0.000             180               0
  168         393.754    -409.029           0.000       0.000             168               0
   72        -215.775    -138.083           0.000       0.000              72               0
  199        1468.157    1252.007           0.000       0.000             199               0
  129         235.208    -897.326           0.000       0.000             129               0
  158        -994.610     655.001           0.000       0.000             158               0
   91          62.982     -34.727           0.000       0.000              91               0
  252        -600.572     600.798           0.000       0.000             252               0
   76         391.954    -372.997           0.000       0.000              76               0
   42        -408.490     557.005           0.000       0.000              42               0
   12        -552.707    -266.852           0.000       0.000              12               0
   29         450.673    -402.724           0.000       0.000              29               0
  239        -306.376    1546.722           0.000       0.000             239               0
  160         595.433   -1010.609           0.000       0.000             160               0
  124        -258.104     455.219           0.000       0.000             124               0
  151        1270.002    -828.202           0.000       0.000             151               0
