SINAL     NFT                         FFT                         NFT INVERSA     FFT INVERSA
-----     -----------------------     -----------------------     -----------     -----------
   74       31625.000       0.000           0.000       0.000              74               0
  169         617.651     330.721           0.000       0.000             169               0
  120          32.314    1228.296           0.000       0.000             120               0
   41         744.080     543.560           0.000       0.000              41               0
  176         224.395     -74.035           0.000       0.000             176               0
   29           8.139    -810.399           0.000       0.000              29               0
  221         605.021    -194.306           0.000       0.000             221               0
   73        -417.674    1020.794           0.000       0.000              73               0
   52         592.974     753.533           0.000       0.000              52               0
  184        -234.459    -136.008           0.000       0.000             184               0
   86        1005.728     630.262           0.000       0.000              86               0
  242        -419.262    -290.357           0.000       0.000             242               0
  204         243.571      88.039           0.000       0.000             204               0
    8        -640.907    -631.381           0.000       0.000               8               0
   54         541.763    2584.820           0.000       0.000              54               0
   81          62.119     573.027           0.000       0.000              81               0
  251         834.388      24.813           0.000       0.000             251               0
  136       -1000.341    1314.541           0.000       0.000             136               0
   57        -874.632   -1048.474           0.000       0.000              57               0
  115        -845.727     293.429           0.000       0.000             115               0
  157         442.764     133.492           0.000       0.000             157               0
  115         537.213     779.197           0.000       0.000             115               0
   88         383.607     870.302           0.000       0.000              88               0
   60        -744.768   -1135.158           0.000       0.000              60               0
  141         139.115     912.866           0.000       0.000             141               0
  170        -179.960    -785.358           0.000       0.000             170               0
  101        -305.400     414.501           0.000       0.000             101               0
  181           5.842     436.978           0.000       0.000             181               0
   55         133.993    -759.812           0.000       0.000              55               0
  106         846.901     670.651           0.000       0.000             106               0
  107        -354.435    -377.005           0.000       0.000             107               0
  130         896.377    -880.465           0.000       0.000             130               0
   19         563.467     494.671           0.000       0.000              19               0
  227        1005.826    -546.412           0.000       0.000             227               0
  172       -1220.188    -296.413           0.000       0.000             172               0
  196       -1147.884    1274.370           0.000       0.000             196               0
    0        -273.112     844.637           0.000       0.000               0               0
  137        -327.298     940.454           0.000       0.000             137               0
   13         230.164    -448.270           0.000       0.000              13               0
   53       -1151.692    -206.694           0.000       0.000              53               0
   66        -708.948     555.361           0.000       0.000              66               0
   99        -724.249    1068.718           0.000       0.000              99               0
   39         -63.122    -487.233           0.000       0.000              39               0
   15        -444.440    -629.957           0.000       0.000              15               0
  108        -853.303      86.002           0.000       0.000             108               0
   93         374.611   -1267.697           0.000       0.000              93               0
   96        3169.239    1405.453           0.000       0.000              96               0
  104        -691.859    -992.138           0.000       0.000             104               0
  229         262.786    -434.791           0.000       0.000             229               0
  154         339.688    -332.551           0.000       0.000             154               0
  219        1414.562    -383.454           0.000       0.000             219               0
  131        1057.956     250.238           0.000       0.000             131               0
   13         281.496    -688.273           0.000       0.000              13               0
   51         599.424    -438.725           0.000       0.000              51               0
  192         380.510   -1228.025           0.000       0.000             192               0
  155       -1722.708    1032.218           0.000       0.000             155               0
  221         504.390     818.138           0.000       0.000             221               0
   37       -1001.773    -898.117           0.000       0.000              37               0
   80        -986.160    1507.991           0.000       0.000              80               0
   21       -1065.777     508.301           0.000       0.000              21               0
  144         131.962     678.055           0.000       0.000             144               0
  188          16.922    -671.057           0.000       0.000             188               0
  152         223.368    1458.535           0.000       0.000             152               0
  164        -382.559      61.672           0.000       0.000             164               0
  159        -275.992    -389.043           0.000       0.000             159               0
   68        -643.183    -743.666           0.000       0.000              68               0
  104         386.050    -205.391           0.000       0.000             104               0
  160         821.097    -255.680           0.000       0.000             160               0
  206        -492.892    -100.832           0.000       0.000             206               0
  117        1347.586    -665.968           0.000       0.000             117               0
  213         -63.113    1174.559           0.000       0.000             213               0
   16       -1347.919     -47.064           0.000       0.000              16               0
  217       -1455.496     579.146           0.000       0.000             217               0
  253       -2231.731      71.721           0.000       0.000             253               0
   31        -659.297   -1159.658           0.000       0.000              31               0
   69         479.221     292.673           0.000       0.000              69               0
   91         286.709    -932.637           0.000       0.000              91               0
  128         920.430     -65.895           0.000       0.000             128               0
  174        -863.320    -414.766           0.000       0.000             174               0
   64        -551.123     334.785           0.000       0.000              64               0
   26         103.264    -537.284           0.000       0.000              26               0
  138         566.238    1669.309           0.000       0.000             138               0
  196       -1065.865    -382.983           0.000       0.000             196               0
   40       -1063.639   -2057.673           0.000       0.000              40               0
  190        2055.149     596.301           0.000       0.000             190               0
  132         732.841    -214.227           0.000       0.000             132               0
  195        -655.982     326.153           0.000       0.000             195               0
  156        -591.943    -872.113           0.000       0.000             156               0
  170         574.060      81.219           0.000       0.000             170               0
   20        -485.809   -1285.966           0.000       0.000              20               0
  177        -388.775    -323.209           0.000       0.000             177               0
   58         919.120     214.355           0.000       0.000              58               0
  208        1021.287   -1028.328           0.000       0.000             208               0
   74         -15.138    -214.488           0.000       0.000              74               0
  223          88.776     595.975           0.000       0.000             223               0
  112        -513.147      30.046           0.000       0.000             112               0
  142        -549.429   -1299.392           0.000       0.000             142               0
   71         323.549   -1132.159           0.000       0.000              71               0
   17        -733.512     517.838           0.000       0.000              17               0
   92       -1540.510    -953.097           0.000       0.000              92               0
  188        -687.300    -192.352           0.000       0.000             188               0
  230        -334.183    -600.563           0.000       0.000             230               0
  109         822.288     731.973           0.000       0.000             109               0
  149       -1250.633     587.434           0.000       0.000             149               0
  228        -226.045     -47.597           0.000       0.000             228               0
  141        -741.809    1151.164           0.000       0.000             141               0
  219         619.869     416.048           0.000       0.000             219               0
   63       -1268.900    -289.190           0.000       0.000              63               0
   13        -367.337    1017.324           0.000       0.000              13               0
  138         -87.560    1051.442           0.000       0.000             138               0
  127        -622.831    -294.976           0.000       0.000             127               0
   40         752.220    -453.481           0.000       0.000              40               0
   20        -188.395     226.306           0.000       0.000              20               0
   68         149.955     775.718           0.000       0.000              68               0
   80          24.510    -375.853           0.000       0.000              80               0
  210           5.278     342.037           0.000       0.000             210               0
  201          74.217     158.927           0.000       0.000             201               0
   20        1807.567    -716.043           0.000       0.000              20               0
  110          49.665     306.156           0.000       0.000             110               0
  115         184.487     472.164           0.000       0.000             115               0
   41        -780.165    -571.707           0.000       0.000              41               0
   32        -551.763     620.222           0.000       0.000              32               0
  174         -49.108    1487.504           0.000       0.000             174               0
  250        1038.947     404.135           0.000       0.000             250               0
  106          34.398    1001.082           0.000       0.000             106               0
  141         636.133    -742.416           0.000       0.000             141               0
  106        -464.145   -1308.559           0.000       0.000             106               0
  248        -331.271    1134.969           0.000       0.000             248               0
  213         603.000      -0.003           0.000       0.000             213               0
  123        -331.109   -1135.018           0.000       0.000             123               0
   85        -464.316    1308.490           0.000       0.000              85               0
  145         636.052     742.356           0.000       0.000             145               0
   98          34.584   -1001.228           0.000       0.000              98               0
  195        1038.981    -404.055           0.000       0.000             195               0
   39         -48.958   -1487.535           0.000       0.000              39               0
   70        -551.712    -620.229           0.000       0.000              70               0
   80        -780.220     571.607           0.000       0.000              80               0
    2         184.645    -472.144           0.000       0.000               2               0
  133          49.808    -306.099           0.000       0.000             133               0
   93        1807.439     716.348           0.000       0.000              93               0
  141          74.134    -158.965           0.000       0.000             141               0
    5           5.268    -342.047           0.000       0.000               5               0
  134          24.398     375.820           0.000       0.000             134               0
  161         150.030    -775.725           0.000       0.000             161               0
   73        -188.395    -226.302           0.000       0.000              73               0
  215         752.060     453.604           0.000       0.000             215               0
  116        -622.986     294.778           0.000       0.000             116               0
   19         -87.454   -1051.532           0.000       0.000              19               0
  236        -367.257   -1017.343           0.000       0.000             236               0
  226       -1268.950     289.012           0.000       0.000             226               0
  135         619.931    -415.969           0.000       0.000             135               0
   21        -741.672   -1151.237           0.000       0.000              21               0
    3        -226.087      47.638           0.000       0.000               3               0
   53       -1250.500    -587.582           0.000       0.000              53               0
   15         822.431    -731.692           0.000       0.000              15               0
  109        -334.364     600.652           0.000       0.000             109               0
  195        -687.397     192.340           0.000       0.000             195               0
  121       -1540.645     952.888           0.000       0.000             121               0
  102        -733.299    -517.890           0.000       0.000             102               0
  152         323.441    1132.312           0.000       0.000             152               0
  245        -549.600    1299.263           0.000       0.000             245               0
  188        -513.039     -30.216           0.000       0.000             188               0
   42          88.990    -595.949           0.000       0.000              42               0
   87         -15.054     214.564           0.000       0.000              87               0
  127        1021.191    1028.508           0.000       0.000             127               0
   81         919.109    -214.208           0.000       0.000              81               0
  158        -388.892     323.199           0.000       0.000             158               0
  207        -486.000    1285.865           0.000       0.000             207               0
   84         574.076     -81.172           0.000       0.000              84               0
   35        -592.104     871.959           0.000       0.000              35               0
   45        -655.834    -326.326           0.000       0.000              45               0
  225         732.922     214.324           0.000       0.000             225               0
   41        2055.159    -595.906           0.000       0.000              41               0
  179       -1064.141    2057.476           0.000       0.000             179               0
  131       -1065.905     382.607           0.000       0.000             131               0
  115         566.553   -1669.275           0.000       0.000             115               0
  139         103.124     537.327           0.000       0.000             139               0
  247        -551.104    -334.878           0.000       0.000             247               0
  134        -863.327     414.635           0.000       0.000             134               0
  119         920.465      66.056           0.000       0.000             119               0
  217         286.499     932.649           0.000       0.000             217               0
   13         479.144    -292.631           0.000       0.000              13               0
  140        -659.674    1159.483           0.000       0.000             140               0
  221       -2231.779     -72.233           0.000       0.000             221               0
   67       -1455.305    -579.464           0.000       0.000              67               0
  155       -1347.736      46.779           0.000       0.000             155               0
   74         -62.677   -1174.558           0.000       0.000              74               0
    6        1347.580     666.239           0.000       0.000               6               0
   21        -492.855     100.734           0.000       0.000              21               0
  177         821.113     255.802           0.000       0.000             177               0
  159         385.978     205.438           0.000       0.000             159               0
   11        -643.326     743.501           0.000       0.000              11               0
  109        -276.024     388.872           0.000       0.000             109               0
  201        -382.491     -61.894           0.000       0.000             201               0
   98         223.661   -1458.548           0.000       0.000              98               0
  236          16.819     671.030           0.000       0.000             236               0
   27         132.037    -678.121           0.000       0.000              27               0
    0       -1065.716    -508.531           0.000       0.000              -0               0
  188        -985.844   -1508.099           0.000       0.000             188               0
  111       -1001.776     897.997           0.000       0.000             111               0
   36         504.630    -818.069           0.000       0.000              36               0
  234       -1722.385   -1032.375           0.000       0.000             234               0
   81         380.552    1228.205           0.000       0.000              81               0
   77         599.521     438.837           0.000       0.000              77               0
  158         281.540     688.291           0.000       0.000             158               0
  212        1058.139    -250.083           0.000       0.000             212               0
  192        1414.529     383.700           0.000       0.000             192               0
   41         339.613     332.597           0.000       0.000              41               0
  203         262.715     434.813           0.000       0.000             203               0
   71        -691.895     991.912           0.000       0.000              71               0
  160        3169.488   -1404.961           0.000       0.000             160               0
  165         374.183    1267.764           0.000       0.000             165               0
   84        -853.415     -86.215           0.000       0.000              84               0
   44        -444.578     629.811           0.000       0.000              44               0
  130         -63.245     487.063           0.000       0.000             130               0
  151        -724.108   -1068.962           0.000       0.000             151               0
  200        -708.851    -555.493           0.000       0.000             200               0
  205       -1151.641     206.485           0.000       0.000             205               0
  158         230.185     448.201           0.000       0.000             158               0
  222        -327.096    -940.622           0.000       0.000             222               0
  126        -272.935    -844.719           0.000       0.000             126               0
   62       -1147.590   -1274.494           0.000       0.000              62               0
  233       -1220.008     296.313           0.000       0.000             233               0
  235        1005.964     546.590           0.000       0.000             235               0
    8         563.675    -494.555           0.000       0.000               8               0
   76         896.285     880.629           0.000       0.000              76               0
  216        -354.434     376.866           0.000       0.000             216               0
   35         847.081    -670.541           0.000       0.000              35               0
   76         133.879     759.798           0.000       0.000              76               0
  149           5.935    -437.052           0.000       0.000             149               0
  147        -305.285    -414.552           0.000       0.000             147               0
  113        -180.013     785.279           0.000       0.000             113               0
  127         139.330    -912.880           0.000       0.000             127               0
  229        -744.853    1134.968           0.000       0.000             229               0
  190         383.895    -870.362           0.000       0.000             190               0
   29         537.421    -779.127           0.000       0.000              29               0
  185         442.788    -133.414           0.000       0.000             185               0
  127        -845.663    -293.559           0.000       0.000             127               0
   71        -874.696    1048.244           0.000       0.000              71               0
  132        -999.896   -1314.809           0.000       0.000             132               0
  198         834.611     -24.717           0.000       0.000             198               0
  231          62.367    -573.122           0.000       0.000             231               0
   42         542.320   -2584.663           0.000       0.000              42               0
   27        -640.863     631.421           0.000       0.000              27               0
   20         243.780     -87.958           0.000       0.000              20               0
  173        -419.077     290.286           0.000       0.000             173               0
  179        1006.054    -630.094           0.000       0.000             179               0
  221        -234.278     135.969           0.000       0.000             221               0
  122         593.329    -753.444           0.000       0.000             122               0
   82        -417.232   -1020.773           0.000       0.000              82               0
  188         605.315     194.536           0.000       0.000             188               0
  248           8.364     810.433           0.000       0.000             248               0
  144         224.856      74.025           0.000       0.000             144               0
  165         744.748    -543.474           0.000       0.000             165               0
  228          33.365   -1228.233           0.000       0.000             228               0
  153         619.393    -330.480           0.000       0.000             153               0
