SINAL     NFT                         FFT                         NFT INVERSA     FFT INVERSA
-----     -----------------------     -----------------------     -----------     -----------
  159       33641.000       0.000           0.000       0.000             159               0
  117         693.404    -588.303           0.000       0.000             117               0
  245         866.755     403.068           0.000       0.000             245               0
  254       -1056.393     335.871           0.000       0.000             254               0
   53         100.805    -835.339           0.000       0.000              53               0
   67        1172.462    -634.428           0.000       0.000              67               0
   26         674.862   -1025.150           0.000       0.000              26               0
  131        2019.334    1778.186           0.000       0.000             131               0
  205        -995.527     458.324           0.000       0.000             205               0
  141         519.729     720.988           0.000       0.000             141               0
  241        -801.327      61.839           0.000       0.000             241               0
  238         877.214     581.747           0.000       0.000             238               0
   79        -714.593      -5.085           0.000       0.000              79               0
   92        -212.522    -341.956           0.000       0.000              92               0
   45         124.012   -1107.846           0.000       0.000              45               0
  190         -73.922    1494.652           0.000       0.000             190               0
  144       -1335.763    -880.141           0.000       0.000             144               0
  153         765.877    1201.288           0.000       0.000             153               0
  161        -112.442    1344.275           0.000       0.000             161               0
  119         533.186     848.942           0.000       0.000             119               0
   93         -65.638   -1041.423           0.000       0.000              93               0
    8        1157.726    -977.838           0.000       0.000               8               0
  152         988.380     -94.080           0.000       0.000             152               0
  154       -1562.122     451.347           0.000       0.000             154               0
   87          -9.070    -579.145           0.000       0.000              87               0
  248         405.906     167.862           0.000       0.000             248               0
  254        -100.809    1368.304           0.000       0.000             254               0
  134         576.725    -336.642           0.000       0.000             134               0
  165         534.307     543.792           0.000       0.000             165               0
  150         541.296    -501.630           0.000       0.000             150               0
  144        -849.071   -2297.293           0.000       0.000             144               0
   69         325.579    -444.838           0.000       0.000              69               0
   12         210.616    -589.698           0.000       0.000              12               0
  133        1745.785   -2033.241           0.000       0.000             133               0
   68        -879.867   -1729.857           0.000       0.000              68               0
   65         369.313   -1152.480           0.000       0.000              65               0
  201         484.067    -879.369           0.000       0.000             201               0
   95        -366.575    1022.094           0.000       0.000              95               0
  197        -458.443    -135.022           0.000       0.000             197               0
  151         496.722    -491.237           0.000       0.000             151               0
  237       -1143.577     -45.628           0.000       0.000             237               0
  182         793.238    -232.597           0.000       0.000             182               0
  133       -1117.238     398.981           0.000       0.000             133               0
   60       -1186.936     837.149           0.000       0.000              60               0
   18        1360.688    -111.130           0.000       0.000              18               0
  179         211.451    -370.888           0.000       0.000             179               0
  250        -229.995    -771.451           0.000       0.000             250               0
  163       -1021.739     843.673           0.000       0.000             163               0
   76         515.355       5.543           0.000       0.000              76               0
  156        -484.343    -213.378           0.000       0.000             156               0
   26         627.633     210.432           0.000       0.000              26               0
  169         901.562     501.962           0.000       0.000             169               0
  164        -471.354    -370.058           0.000       0.000             164               0
  179        -504.302    -474.333           0.000       0.000             179               0
   68        -965.776    -440.353           0.000       0.000              68               0
  251        1767.159    1537.863           0.000       0.000             251               0
  171        -168.534    -441.862           0.000       0.000             171               0
   66        -240.214     739.141           0.000       0.000              66               0
  130       -1174.599    -797.606           0.000       0.000             130               0
   80        1688.510    1755.110           0.000       0.000              80               0
  217       -1226.063    1233.319           0.000       0.000             217               0
   19        -465.642    -261.440           0.000       0.000              19               0
  150        1004.683     358.936           0.000       0.000             150               0
  229        -866.929    1240.762           0.000       0.000             229               0
  152        -690.065    1274.952           0.000       0.000             152               0
  218        -579.837       7.528           0.000       0.000             218               0
   39       -1214.129    1041.467           0.000       0.000              39               0
   98        -622.995    1023.973           0.000       0.000              98               0
   58          65.369   -1046.389           0.000       0.000              58               0
  236        1672.868     583.608           0.000       0.000             236               0
  249         204.787     490.285           0.000       0.000             249               0
   39         140.297   -1604.182           0.000       0.000              39               0
  162         377.374     436.644           0.000       0.000             162               0
  127         290.533     411.965           0.000       0.000             127               0
   99         546.817     524.917           0.000       0.000              99               0
  181       -2174.787    -523.772           0.000       0.000             181               0
   50        -610.313     -95.098           0.000       0.000              50               0
   93         214.031     726.875           0.000       0.000              93               0
   88        1328.270    -279.288           0.000       0.000              88               0
  127         944.728      47.870           0.000       0.000             127               0
  250         474.937     982.344           0.000       0.000             250               0
  114        -785.058    -284.184           0.000       0.000             114               0
   40          88.116     954.244           0.000       0.000              40               0
  159         -88.998      -8.169           0.000       0.000             159               0
   37        -435.533     970.190           0.000       0.000              37               0
  108        -161.707    -466.810           0.000       0.000             108               0
  155          98.783     139.682           0.000       0.000             155               0
  209        -993.236     740.696           0.000       0.000             209               0
  175        -344.667    1069.085           0.000       0.000             175               0
   29        -300.728    -291.661           0.000       0.000              29               0
   33         884.859     524.023           0.000       0.000              33               0
  137        -167.835     518.578           0.000       0.000             137               0
   49        -531.789    1419.390           0.000       0.000              49               0
  184         205.299    -213.428           0.000       0.000             184               0
  111        -744.044   -1678.269           0.000       0.000             111               0
  201        1901.050     474.721           0.000       0.000             201               0
  147         189.269     950.314           0.000       0.000             147               0
  150       -1580.270     769.855           0.000       0.000             150               0
   44        -818.383    1319.354           0.000       0.000              44               0
  205         521.994    -266.372           0.000       0.000             205               0
  131        -264.565    -243.426           0.000       0.000             131               0
   37          37.094    -398.919           0.000       0.000              37               0
  245        1352.074     -36.301           0.000       0.000             245               0
   37         621.516    -975.906           0.000       0.000              37               0
  164       -1425.249    -443.766           0.000       0.000             164               0
   88       -1285.402     128.185           0.000       0.000              88               0
  219         185.335    -507.761           0.000       0.000             219               0
  215        -796.875   -1825.848           0.000       0.000             215               0
  182         737.207   -1353.176           0.000       0.000             182               0
   52       -1028.327   -1054.865           0.000       0.000              52               0
   86        1473.760     -35.145           0.000       0.000              86               0
  176         423.456   -1204.961           0.000       0.000             176               0
  166         657.427    -663.197           0.000       0.000             166               0
  127         -56.779    2013.637           0.000       0.000             127               0
   79         -91.566    -263.877           0.000       0.000              79               0
  204        1117.119     190.880           0.000       0.000             204               0
  235        1298.305    -642.360           0.000       0.000             235               0
  234        -672.404    -169.481           0.000       0.000             234               0
  157         295.420     709.433           0.000       0.000             157               0
  155         594.796    -589.707           0.000       0.000             155               0
    8         748.940    1829.606           0.000       0.000               8               0
  191          34.606    -307.396           0.000       0.000             191               0
   37        -559.490    -387.181           0.000       0.000              37               0
   57         -98.174     593.008           0.000       0.000              57               0
  120       -1140.795    -776.343           0.000       0.000             120               0
  148         613.573     181.169           0.000       0.000             148               0
    3        -723.518     746.935           0.000       0.000               3               0
   11         -36.400   -1178.989           0.000       0.000              11               0
   43          43.000       0.033           0.000       0.000              43               0
   47         -36.623    1178.934           0.000       0.000              47               0
  217        -723.372    -747.135           0.000       0.000             217               0
  174         613.597    -181.052           0.000       0.000             174               0
   85       -1140.926     776.109           0.000       0.000              85               0
  206         -98.008    -593.078           0.000       0.000             206               0
  212        -559.469     387.056           0.000       0.000             212               0
  250          34.685     307.280           0.000       0.000             250               0
   39         749.336   -1829.501           0.000       0.000              39               0
  176         594.721     589.848           0.000       0.000             176               0
  209         295.530    -709.370           0.000       0.000             209               0
  222        -672.355     169.428           0.000       0.000             222               0
  228        1298.287     642.569           0.000       0.000             228               0
   39        1117.101    -190.729           0.000       0.000              39               0
  142         -91.675     263.799           0.000       0.000             142               0
  139         -56.434   -2013.581           0.000       0.000             139               0
  166         657.324     663.497           0.000       0.000             166               0
  222         423.240    1205.092           0.000       0.000             222               0
   88        1473.635      35.436           0.000       0.000              88               0
  146       -1028.617    1054.765           0.000       0.000             146               0
  201         736.904    1353.307           0.000       0.000             201               0
  246        -797.272    1825.600           0.000       0.000             246               0
   46         185.170     507.604           0.000       0.000              46               0
  210       -1285.442    -128.522           0.000       0.000             210               0
  181       -1425.210     443.453           0.000       0.000             181               0
   83         621.511     975.877           0.000       0.000              83               0
   12        1352.070      36.369           0.000       0.000              12               0
   45          36.947     398.778           0.000       0.000              45               0
  232        -264.638     243.206           0.000       0.000             232               0
   16         521.882     266.229           0.000       0.000              16               0
   57        -818.251   -1319.679           0.000       0.000              57               0
   20       -1580.069    -770.207           0.000       0.000              20               0
   64         189.601    -950.309           0.000       0.000              64               0
   18        1901.124    -474.345           0.000       0.000              18               0
  194        -744.403    1678.092           0.000       0.000             194               0
  149         205.244     213.236           0.000       0.000             149               0
  225        -531.560   -1419.629           0.000       0.000             225               0
  151        -167.698    -518.658           0.000       0.000             151               0
  143         884.931    -523.910           0.000       0.000             143               0
    8        -300.850     291.527           0.000       0.000               8               0
   71        -344.533   -1069.232           0.000       0.000              71               0
   96        -993.089    -740.863           0.000       0.000              96               0
  230          98.861    -139.651           0.000       0.000             230               0
   44        -161.768     466.718           0.000       0.000              44               0
  136        -435.330    -970.329           0.000       0.000             136               0
  117         -88.938       8.115           0.000       0.000             117               0
  183          88.312    -954.248           0.000       0.000             183               0
   47        -785.016     284.032           0.000       0.000              47               0
   84         475.239    -982.281           0.000       0.000              84               0
   15         944.806     -47.678           0.000       0.000              15               0
  193        1328.170     279.482           0.000       0.000             193               0
   29         214.012    -726.854           0.000       0.000              29               0
    5        -610.456      95.020           0.000       0.000               5               0
  239       -2174.812     523.360           0.000       0.000             239               0
  240         547.061    -524.892           0.000       0.000             240               0
  187         290.670    -411.927           0.000       0.000             187               0
   67         377.484    -436.526           0.000       0.000              67               0
  252         140.058    1604.162           0.000       0.000             252               0
  233         204.927    -490.390           0.000       0.000             233               0
   44        1672.918    -583.366           0.000       0.000              44               0
   12          65.029    1046.289           0.000       0.000              12               0
   34        -622.953   -1024.244           0.000       0.000              34               0
   64       -1213.992   -1041.725           0.000       0.000              64               0
   77        -579.807      -7.695           0.000       0.000              77               0
   53        -689.805   -1275.144           0.000       0.000              53               0
    3        -866.598   -1240.879           0.000       0.000               3               0
  226        1004.814    -358.706           0.000       0.000             226               0
   22        -465.700     261.333           0.000       0.000              22               0
  155       -1225.733   -1233.574           0.000       0.000             155               0
  113        1688.861   -1754.710           0.000       0.000             113               0
   30       -1174.742     797.518           0.000       0.000              30               0
  227        -239.987    -739.136           0.000       0.000             227               0
  210        -168.468     441.856           0.000       0.000             210               0
    4        1767.428   -1537.496           0.000       0.000               4               0
   15        -965.904     440.333           0.000       0.000              15               0
   91        -504.318     474.303           0.000       0.000              91               0
  122        -471.286     369.968           0.000       0.000             122               0
  198         901.749    -501.811           0.000       0.000             198               0
  138         627.660    -210.275           0.000       0.000             138               0
  206        -484.372     213.334           0.000       0.000             206               0
  214         515.354      -5.454           0.000       0.000             214               0
   75       -1021.580    -843.772           0.000       0.000              75               0
  236        -230.015     771.497           0.000       0.000             236               0
  220         211.498     370.919           0.000       0.000             220               0
   59        1360.643     111.319           0.000       0.000              59               0
  220       -1186.856    -837.340           0.000       0.000             220               0
  152       -1117.059    -399.075           0.000       0.000             152               0
  127         793.282     232.822           0.000       0.000             127               0
  217       -1143.505      45.517           0.000       0.000             217               0
  129         496.753     491.380           0.000       0.000             129               0
  171        -458.385     134.967           0.000       0.000             171               0
  230        -366.256   -1022.024           0.000       0.000             230               0
  164         484.061     879.655           0.000       0.000             164               0
  236         369.196    1152.685           0.000       0.000             236               0
   51        -879.995    1729.782           0.000       0.000              51               0
  217        1745.581    2033.468           0.000       0.000             217               0
  239         210.538     589.618           0.000       0.000             239               0
   22         325.524     444.859           0.000       0.000              22               0
  239        -849.365    2297.023           0.000       0.000             239               0
  139         541.357     501.458           0.000       0.000             139               0
  135         534.488    -543.888           0.000       0.000             135               0
   14         576.714     336.572           0.000       0.000              14               0
  110        -100.532   -1368.426           0.000       0.000             110               0
   90         405.986    -167.787           0.000       0.000              90               0
   19          -9.154     579.094           0.000       0.000              19               0
  125       -1561.894    -451.665           0.000       0.000             125               0
  181         988.590      94.247           0.000       0.000             181               0
  141        1157.642     977.981           0.000       0.000             141               0
   68         -65.757    1041.216           0.000       0.000              68               0
   63         533.396    -849.077           0.000       0.000              63               0
   92        -112.148   -1344.392           0.000       0.000              92               0
   27         766.103   -1201.116           0.000       0.000              27               0
  139       -1335.844     879.912           0.000       0.000             139               0
   72         -73.496   -1494.650           0.000       0.000              72               0
  247         123.975    1107.915           0.000       0.000             247               0
  199        -212.435     341.843           0.000       0.000             199               0
   37        -714.366       4.864           0.000       0.000              37               0
  143         877.527    -581.671           0.000       0.000             143               0
   70        -801.091     -62.032           0.000       0.000              70               0
  255         520.125    -720.953           0.000       0.000             255               0
   17        -995.076    -458.520           0.000       0.000              17               0
  242        2020.022   -1777.744           0.000       0.000             242               0
  229         674.989    1025.409           0.000       0.000             229               0
  181        1172.663     634.646           0.000       0.000             181               0
  222         101.012     835.296           0.000       0.000             222               0
   25       -1055.713    -336.126           0.000       0.000              25               0
  142         867.799    -402.922           0.000       0.000             142               0
  206         695.088     588.406           0.000       0.000             206               0
