SINAL     NFT                         FFT                         NFT INVERSA     FFT INVERSA
-----     -----------------------     -----------------------     -----------     -----------
  186       30976.000       0.000           0.000       0.000             186               0
   64        -510.888    -125.402           0.000       0.000              64               0
  153        -173.386    1198.324           0.000       0.000             153               0
   30         268.369   -1513.476           0.000       0.000              30               0
  169         169.206      96.200           0.000       0.000             169               0
   42        -619.975    -747.723           0.000       0.000              42               0
  153         673.887     730.916           0.000       0.000             153               0
   45       -1356.692   -1333.511           0.000       0.000              45               0
   70       -1208.672     319.352           0.000       0.000              70               0
   39        -979.314    -623.171           0.000       0.000              39               0
  179         -87.834     541.478           0.000       0.000             179               0
  192        1028.637    1019.934           0.000       0.000             192               0
  197         123.093    -130.607           0.000       0.000             197               0
  215       -1105.950     366.129           0.000       0.000             215               0
  188        1371.652    -427.056           0.000       0.000             188               0
  208        -561.039     -91.030           0.000       0.000             208               0
    6         328.486    1487.341           0.000       0.000               6               0
   70        1271.983    -706.649           0.000       0.000              70               0
  195        -762.633     267.087           0.000       0.000             195               0
  129        -352.335     335.614           0.000       0.000             129               0
  100         665.774     -78.179           0.000       0.000             100               0
  202         954.760     970.674           0.000       0.000             202               0
  254         964.219     633.313           0.000       0.000             254               0
   74         122.601    -541.133           0.000       0.000              74               0
  233        -244.770    -170.322           0.000       0.000             233               0
    3         204.584     249.866           0.000       0.000               3               0
    5          32.627   -1166.746           0.000       0.000               5               0
  116       -1086.919    -538.150           0.000       0.000             116               0
  108         226.429   -1421.912           0.000       0.000             108               0
   69        -471.633    -963.575           0.000       0.000              69               0
  161        -842.063    -638.189           0.000       0.000             161               0
   38        -261.353     157.928           0.000       0.000              38               0
  134         256.528     -31.650           0.000       0.000             134               0
   59        -105.267    1323.418           0.000       0.000              59               0
   68         181.758    1665.893           0.000       0.000              68               0
   47         615.027    1538.466           0.000       0.000              47               0
  102        -247.445   -2085.870           0.000       0.000             102               0
  222        -989.511     120.877           0.000       0.000             222               0
   93         104.471     395.677           0.000       0.000              93               0
  172        -410.992     -80.992           0.000       0.000             172               0
    6        -195.371    -620.835           0.000       0.000               6               0
   16        2173.933     591.733           0.000       0.000              16               0
  109        -227.292      68.988           0.000       0.000             109               0
  204         238.277     218.166           0.000       0.000             204               0
  232        -628.672     210.339           0.000       0.000             232               0
   41         239.616     220.040           0.000       0.000              41               0
  157        -177.081   -1327.001           0.000       0.000             157               0
  239        -505.255    1232.605           0.000       0.000             239               0
  112         502.453   -1194.667           0.000       0.000             112               0
   97        1007.883   -1293.956           0.000       0.000              97               0
  113        -835.714    -749.798           0.000       0.000             113               0
  212        -100.820     -79.532           0.000       0.000             212               0
   43         650.380     460.529           0.000       0.000              43               0
  111        1135.303     892.348           0.000       0.000             111               0
   30         -64.419      75.416           0.000       0.000              30               0
   21         574.865    -597.773           0.000       0.000              21               0
  115        1288.407     343.612           0.000       0.000             115               0
   35         -69.917    -997.921           0.000       0.000              35               0
  137        -295.719     218.543           0.000       0.000             137               0
  223         355.059     507.921           0.000       0.000             223               0
  104         -92.557     383.278           0.000       0.000             104               0
   43         313.156    -806.401           0.000       0.000              43               0
    5        -952.282     -68.568           0.000       0.000               5               0
  238       -1523.725    -111.793           0.000       0.000             238               0
  102         618.958    1349.015           0.000       0.000             102               0
   74       -1144.981    -720.702           0.000       0.000              74               0
   30        1391.450    -139.524           0.000       0.000              30               0
  204        -242.508    -932.379           0.000       0.000             204               0
   41        -797.963     961.694           0.000       0.000              41               0
  124        1357.876     644.112           0.000       0.000             124               0
  121         267.944    1296.455           0.000       0.000             121               0
   47        -623.377   -1285.689           0.000       0.000              47               0
  141         972.673    -219.096           0.000       0.000             141               0
  230        1890.130     162.796           0.000       0.000             230               0
  252        -513.641    -651.289           0.000       0.000             252               0
  117         292.387      67.212           0.000       0.000             117               0
   16         158.627    1586.676           0.000       0.000              16               0
  153         723.604   -1438.283           0.000       0.000             153               0
  100        -989.530     169.617           0.000       0.000             100               0
  128        -446.894   -1223.769           0.000       0.000             128               0
  250        -476.680    1706.817           0.000       0.000             250               0
  213        -865.400    -221.761           0.000       0.000             213               0
   85         631.982     329.417           0.000       0.000              85               0
   38         726.654      14.531           0.000       0.000              38               0
   69         694.560     352.087           0.000       0.000              69               0
  115        1114.143     557.068           0.000       0.000             115               0
   59         361.858     493.722           0.000       0.000              59               0
  184         -90.563     460.349           0.000       0.000             184               0
  150       -1293.368    -893.746           0.000       0.000             150               0
  197        -564.047   -1199.946           0.000       0.000             197               0
  151          -5.910    -378.115           0.000       0.000             151               0
  255          76.512     747.168           0.000       0.000             255               0
  240          -4.351    1660.179           0.000       0.000             240               0
  157       -1168.708     -52.182           0.000       0.000             157               0
  238        -453.755     295.073           0.000       0.000             238               0
   86        -875.678     -70.103           0.000       0.000              86               0
  231        1007.516    -201.642           0.000       0.000             231               0
   13         340.360    -472.909           0.000       0.000              13               0
   35        -986.124     175.451           0.000       0.000              35               0
   17         717.404    -207.232           0.000       0.000              17               0
  137       -1051.316     447.216           0.000       0.000             137               0
  157        -695.009     -55.538           0.000       0.000             157               0
   64       -1438.376    -744.530           0.000       0.000              64               0
   22         -29.689    -363.610           0.000       0.000              22               0
  132        2004.420    -838.647           0.000       0.000             132               0
   60         181.632     595.467           0.000       0.000              60               0
  139        1490.716    -528.586           0.000       0.000             139               0
  149        -491.683   -1656.197           0.000       0.000             149               0
  214        -316.744     424.127           0.000       0.000             214               0
  240         -83.193     816.194           0.000       0.000             240               0
   22         182.524     848.254           0.000       0.000              22               0
  209          64.157   -1101.891           0.000       0.000             209               0
  198         729.654     432.911           0.000       0.000             198               0
  107        -628.682     723.810           0.000       0.000             107               0
  247       -1107.520     727.983           0.000       0.000             247               0
   11        1443.482    -217.683           0.000       0.000              11               0
  222        -780.602     994.539           0.000       0.000             222               0
   51          22.166    1313.021           0.000       0.000              51               0
  195         960.934   -2164.701           0.000       0.000             195               0
  117        2199.847     648.824           0.000       0.000             117               0
  249         660.817     -22.991           0.000       0.000             249               0
   91         583.516     687.129           0.000       0.000              91               0
  116          -3.792    -678.010           0.000       0.000             116               0
  233        1488.012     578.713           0.000       0.000             233               0
  248        -384.860     596.189           0.000       0.000             248               0
   98         444.307    1819.242           0.000       0.000              98               0
   64        1237.176     468.453           0.000       0.000              64               0
  224        -472.259     -97.429           0.000       0.000             224               0
  112         626.000      -0.021           0.000       0.000             112               0
  100        -472.236      97.177           0.000       0.000             100               0
  241        1237.296    -468.448           0.000       0.000             241               0
  249         444.570   -1819.259           0.000       0.000             249               0
    2        -384.720    -596.238           0.000       0.000               2               0
   50        1488.132    -578.424           0.000       0.000              50               0
   15          -3.927     677.994           0.000       0.000              15               0
  134         583.663    -687.076           0.000       0.000             134               0
  111         660.863      23.091           0.000       0.000             111               0
  155        2199.903    -648.412           0.000       0.000             155               0
   28         960.377    2164.772           0.000       0.000              28               0
   69          22.198   -1313.203           0.000       0.000              69               0
  139        -780.501    -994.686           0.000       0.000             139               0
   51        1443.339     217.903           0.000       0.000              51               0
   23       -1107.539    -728.214           0.000       0.000              23               0
   81        -628.546    -723.895           0.000       0.000              81               0
  158         729.727    -432.709           0.000       0.000             158               0
   15          63.919    1101.892           0.000       0.000              15               0
   93         182.613    -848.285           0.000       0.000              93               0
  125         -83.111    -816.155           0.000       0.000             125               0
   66        -316.693    -424.031           0.000       0.000              66               0
   32        -491.890    1656.184           0.000       0.000              32               0
  242        1490.656     528.760           0.000       0.000             242               0
   60         181.700    -595.446           0.000       0.000              60               0
  123        2004.148     838.999           0.000       0.000             123               0
  103         -30.018     363.568           0.000       0.000             103               0
   37       -1438.656     744.212           0.000       0.000              37               0
  116        -695.063      55.308           0.000       0.000             116               0
  202       -1051.208    -447.453           0.000       0.000             202               0
  102         717.374     207.314           0.000       0.000             102               0
   85        -986.099    -175.650           0.000       0.000              85               0
   58         340.332     472.924           0.000       0.000              58               0
  202        1007.403     201.724           0.000       0.000             202               0
   71        -875.798      69.853           0.000       0.000              71               0
   51        -453.749    -295.244           0.000       0.000              51               0
  204       -1168.690      51.865           0.000       0.000             204               0
  121          -4.002   -1660.232           0.000       0.000             121               0
   67          76.661    -747.057           0.000       0.000              67               0
   83          -5.989     378.222           0.000       0.000              83               0
  232        -564.266    1199.857           0.000       0.000             232               0
  222       -1293.431     893.399           0.000       0.000             222               0
  112         -90.319    -460.510           0.000       0.000             112               0
   46         362.092    -493.745           0.000       0.000              46               0
  105        1114.316    -556.922           0.000       0.000             105               0
  163         694.623    -351.979           0.000       0.000             163               0
   69         726.620     -14.427           0.000       0.000              69               0
  187         631.926    -329.329           0.000       0.000             187               0
   66        -865.524     221.564           0.000       0.000              66               0
   84        -476.396   -1706.849           0.000       0.000              84               0
   24        -447.078    1223.771           0.000       0.000              24               0
  191        -989.393    -169.783           0.000       0.000             191               0
  151         723.483    1438.312           0.000       0.000             151               0
   57         158.947   -1586.732           0.000       0.000              57               0
  178         292.445     -67.103           0.000       0.000             178               0
  211        -513.628     651.200           0.000       0.000             211               0
  181        1890.239    -162.510           0.000       0.000             181               0
   26         972.545     219.258           0.000       0.000              26               0
  249        -623.639    1285.460           0.000       0.000             249               0
   41         268.204   -1296.549           0.000       0.000              41               0
  228        1357.919    -643.901           0.000       0.000             228               0
   95        -797.885    -961.754           0.000       0.000              95               0
  127        -242.625     932.397           0.000       0.000             127               0
   31        1391.367     139.733           0.000       0.000              31               0
   42       -1145.178     720.420           0.000       0.000              42               0
  198         619.127   -1348.956           0.000       0.000             198               0
   82       -1523.790     111.586           0.000       0.000              82               0
  247        -952.182      68.435           0.000       0.000             247               0
   63         313.134     806.415           0.000       0.000              63               0
  149         -92.414    -383.367           0.000       0.000             149               0
   75         355.206    -507.866           0.000       0.000              75               0
   40        -295.615    -218.536           0.000       0.000              40               0
  116         -69.947     997.905           0.000       0.000             116               0
  187        1288.552    -343.433           0.000       0.000             187               0
   87         574.760     597.832           0.000       0.000              87               0
  222         -64.370     -75.517           0.000       0.000             222               0
   94        1135.473    -892.183           0.000       0.000              94               0
  156         650.387    -460.354           0.000       0.000             156               0
  153        -100.909      79.614           0.000       0.000             153               0
  161        -835.806     749.737           0.000       0.000             161               0
  241        1007.711    1294.114           0.000       0.000             241               0
  178         502.189    1194.602           0.000       0.000             178               0
   96        -505.092   -1232.766           0.000       0.000              96               0
  137        -177.282    1326.925           0.000       0.000             137               0
  235         239.655    -220.129           0.000       0.000             235               0
   19        -628.605    -210.525           0.000       0.000              19               0
   93         238.384    -218.182           0.000       0.000              93               0
  161        -227.171     -69.079           0.000       0.000             161               0
   45        2174.031    -591.376           0.000       0.000              45               0
   86        -195.600     620.790           0.000       0.000              86               0
  202        -411.047      80.848           0.000       0.000             202               0
   18         104.500    -395.703           0.000       0.000              18               0
  182        -989.483    -121.020           0.000       0.000             182               0
   74        -247.699    2085.679           0.000       0.000              74               0
   49         615.340   -1538.599           0.000       0.000              49               0
  224         182.032   -1665.903           0.000       0.000             224               0
   16        -105.042   -1323.332           0.000       0.000              16               0
  132         256.512      31.828           0.000       0.000             132               0
  216        -261.363    -157.848           0.000       0.000             216               0
   80        -842.151     638.170           0.000       0.000              80               0
   26        -471.710     963.564           0.000       0.000              26               0
   35         226.243    1421.923           0.000       0.000              35               0
  120       -1086.924     537.891           0.000       0.000             120               0
  142          32.582    1166.623           0.000       0.000             142               0
  222         204.737    -249.976           0.000       0.000             222               0
  207        -244.676     170.189           0.000       0.000             207               0
  108         122.679     541.007           0.000       0.000             108               0
   61         964.460    -633.309           0.000       0.000              61               0
  108         954.974    -970.568           0.000       0.000             108               0
    6         665.744      78.264           0.000       0.000               6               0
  222        -352.284    -335.719           0.000       0.000             222               0
   94        -762.464    -267.227           0.000       0.000              94               0
  185        1271.976     706.776           0.000       0.000             185               0
   63         328.742   -1487.338           0.000       0.000              63               0
  231        -560.972      90.979           0.000       0.000             231               0
  165        1371.618     427.253           0.000       0.000             165               0
   82       -1105.857    -366.364           0.000       0.000              82               0
   68         123.219     130.569           0.000       0.000              68               0
   70        1028.869   -1019.789           0.000       0.000              70               0
  128         -87.758    -541.417           0.000       0.000             128               0
  155        -979.373     623.053           0.000       0.000             155               0
   17       -1208.461    -319.515           0.000       0.000              17               0
  146       -1356.600    1333.264           0.000       0.000             146               0
   81         674.346    -730.841           0.000       0.000              81               0
   91        -619.757     747.618           0.000       0.000              91               0
  195         169.674     -96.187           0.000       0.000             195               0
   50         268.650    1513.417           0.000       0.000              50               0
  107        -172.402   -1198.468           0.000       0.000             107               0
   71        -509.266     125.301           0.000       0.000              71               0
