SINAL     NFT                         FFT                         NFT INVERSA     FFT INVERSA
-----     -----------------------     -----------------------     -----------     -----------
  142       32146.000       0.000           0.000       0.000             142               0
  151         920.792     882.321           0.000       0.000             151               0
  193        1533.752     258.274           0.000       0.000             193               0
  148          91.446     512.159           0.000       0.000             148               0
   14         592.121    -344.978           0.000       0.000              14               0
  158         579.913    1523.580           0.000       0.000             158               0
    1        -337.815     295.103           0.000       0.000               1               0
  105         502.000    -222.186           0.000       0.000             105               0
  219       -1608.511      91.004           0.000       0.000             219               0
  172        -537.083    -363.213           0.000       0.000             172               0
  210         363.638    1492.570           0.000       0.000             210               0
   46         302.428     750.409           0.000       0.000              46               0
  110       -1080.219    -671.059           0.000       0.000             110               0
  218         344.862    -642.822           0.000       0.000             218               0
  131          76.342    -114.452           0.000       0.000             131               0
  104        -131.738    1039.564           0.000       0.000             104               0
  184        1149.130     276.042           0.000       0.000             184               0
  141        -570.844    -946.025           0.000       0.000             141               0
  153        -790.940    1193.761           0.000       0.000             153               0
    4        1059.384      64.617           0.000       0.000               4               0
  250         160.223     482.557           0.000       0.000             250               0
    6         109.419    -238.786           0.000       0.000               6               0
  182        1002.189     593.877           0.000       0.000             182               0
  119          86.340   -1518.427           0.000       0.000             119               0
  124         655.591     831.160           0.000       0.000             124               0
  192         564.778    -562.536           0.000       0.000             192               0
  223         159.791     146.859           0.000       0.000             223               0
   67        -540.983     372.932           0.000       0.000              67               0
    0         -93.057     383.623           0.000       0.000               0               0
   64        1921.106    -101.470           0.000       0.000              64               0
   70        -258.729     381.199           0.000       0.000              70               0
  142         995.432     669.888           0.000       0.000             142               0
  216        1065.242     142.607           0.000       0.000             216               0
    8        -119.076     468.569           0.000       0.000               8               0
   35       -1087.753    -700.250           0.000       0.000              35               0
  230         275.179   -1316.733           0.000       0.000             230               0
  167        -387.592      45.372           0.000       0.000             167               0
   36        -353.190     332.235           0.000       0.000              36               0
   79         144.314    -903.249           0.000       0.000              79               0
  130        -914.098     548.702           0.000       0.000             130               0
  208         -51.669   -1020.295           0.000       0.000             208               0
   34         875.940    -603.555           0.000       0.000              34               0
  177         817.258     681.360           0.000       0.000             177               0
   63        -713.576     263.702           0.000       0.000              63               0
  252        -859.411     544.295           0.000       0.000             252               0
   53       -2285.221   -1132.933           0.000       0.000              53               0
  167       -1133.033     379.192           0.000       0.000             167               0
  180        -127.679    -414.507           0.000       0.000             180               0
  194        -609.821    -923.047           0.000       0.000             194               0
   64        -685.130     885.934           0.000       0.000              64               0
  185         675.840     712.700           0.000       0.000             185               0
  188         499.512   -1521.193           0.000       0.000             188               0
   71        -562.700   -1421.780           0.000       0.000              71               0
  111         153.943    -499.153           0.000       0.000             111               0
   52         610.669     643.487           0.000       0.000              52               0
  195        -615.621      16.040           0.000       0.000             195               0
   48        -346.756     528.207           0.000       0.000              48               0
   20        1922.509     855.687           0.000       0.000              20               0
    7         129.486     648.488           0.000       0.000               7               0
   48         526.748    -200.841           0.000       0.000              48               0
   84         323.996     158.350           0.000       0.000              84               0
   78         359.765   -2167.137           0.000       0.000              78               0
  190         163.146    1837.269           0.000       0.000             190               0
   44       -2034.322    -503.051           0.000       0.000              44               0
   86         236.011     233.985           0.000       0.000              86               0
  225         328.463    -848.688           0.000       0.000             225               0
   19         401.729   -2148.647           0.000       0.000              19               0
  254         513.121   -1018.039           0.000       0.000             254               0
    6        -394.332     130.190           0.000       0.000               6               0
   99        -823.661    -243.988           0.000       0.000              99               0
  129        1476.141    1462.199           0.000       0.000             129               0
  215         -28.771     567.145           0.000       0.000             215               0
  133        -530.843     482.257           0.000       0.000             133               0
   51        -380.630     245.608           0.000       0.000              51               0
   22        -884.511    -210.794           0.000       0.000              22               0
  130        -201.433     171.635           0.000       0.000             130               0
  104         -67.901      48.539           0.000       0.000             104               0
  189        1104.482     590.793           0.000       0.000             189               0
   55       -1863.929     329.417           0.000       0.000              55               0
   42        2294.579     938.587           0.000       0.000              42               0
  254          32.261   -1069.567           0.000       0.000             254               0
  240         340.597     421.242           0.000       0.000             240               0
  231         -31.597    -321.535           0.000       0.000             231               0
   69       -1176.654    -327.931           0.000       0.000              69               0
   96        -454.554    -980.590           0.000       0.000              96               0
   28        -475.232     422.950           0.000       0.000              28               0
    9         365.047    1840.046           0.000       0.000               9               0
  144        -484.250     589.035           0.000       0.000             144               0
   48          35.169    -263.307           0.000       0.000              48               0
   17        1039.291    -474.208           0.000       0.000              17               0
  192        -961.905     973.741           0.000       0.000             192               0
  132        2135.760     -87.613           0.000       0.000             132               0
   95        -357.862    1268.374           0.000       0.000              95               0
  127          54.932     219.395           0.000       0.000             127               0
  177        -656.787    1510.078           0.000       0.000             177               0
  181       -1039.815     606.663           0.000       0.000             181               0
   97         -63.233     -63.457           0.000       0.000              97               0
  197         -25.985    -404.059           0.000       0.000             197               0
  180         601.575     470.559           0.000       0.000             180               0
  103         -53.257      62.944           0.000       0.000             103               0
   40        1724.958    -671.729           0.000       0.000              40               0
   53         269.116     169.120           0.000       0.000              53               0
   63        1388.930    2849.134           0.000       0.000              63               0
  173         658.515    -351.815           0.000       0.000             173               0
  104         266.717    -808.353           0.000       0.000             104               0
   85        -475.992     272.309           0.000       0.000              85               0
   48        -446.442    -774.260           0.000       0.000              48               0
  208         753.523    -948.403           0.000       0.000             208               0
   19        -694.185    -631.718           0.000       0.000              19               0
  103        -280.807     550.312           0.000       0.000             103               0
  251        -595.997     643.583           0.000       0.000             251               0
   18         789.562     454.355           0.000       0.000              18               0
   87        -807.564     -38.591           0.000       0.000              87               0
  227       -1074.730    -717.786           0.000       0.000             227               0
   88        -571.495     378.108           0.000       0.000              88               0
  183        1347.201     121.889           0.000       0.000             183               0
  255         794.847    -277.850           0.000       0.000             255               0
   98         252.496    -697.208           0.000       0.000              98               0
   72        -547.942    -255.864           0.000       0.000              72               0
   47       -1177.546    -261.917           0.000       0.000              47               0
  115       -1099.568   -1631.426           0.000       0.000             115               0
    8         -60.385    1274.879           0.000       0.000               8               0
  180         698.435    -129.110           0.000       0.000             180               0
  210        -205.550     224.813           0.000       0.000             210               0
  135       -1796.462     148.396           0.000       0.000             135               0
  102        -679.794     527.990           0.000       0.000             102               0
  136         455.694    1196.925           0.000       0.000             136               0
  232         635.391     676.624           0.000       0.000             232               0
   43        -598.000      -0.142           0.000       0.000              43               0
   60         635.511    -676.671           0.000       0.000              60               0
   80         455.795   -1196.906           0.000       0.000              80               0
   83        -679.831    -528.084           0.000       0.000              83               0
  114       -1796.420    -148.679           0.000       0.000             114               0
  143        -205.392    -224.834           0.000       0.000             143               0
    1         698.439     129.216           0.000       0.000               1               0
  218         -60.242   -1274.802           0.000       0.000             218               0
  229       -1099.875    1631.320           0.000       0.000             229               0
   49       -1177.512     261.674           0.000       0.000              49               0
  171        -547.831     255.749           0.000       0.000             171               0
  249         252.534     697.196           0.000       0.000             249               0
  152         794.893     277.885           0.000       0.000             152               0
  167        1347.165    -121.753           0.000       0.000             167               0
   11        -571.547    -378.234           0.000       0.000              11               0
  240       -1074.857     717.556           0.000       0.000             240               0
  138        -807.465      38.341           0.000       0.000             138               0
  100         789.697    -454.314           0.000       0.000             100               0
  168        -595.880    -643.713           0.000       0.000             168               0
  138        -280.661    -550.308           0.000       0.000             138               0
  198        -694.181     631.659           0.000       0.000             198               0
  240         753.449     948.498           0.000       0.000             240               0
  186        -446.529     774.064           0.000       0.000             186               0
   58        -475.821    -272.499           0.000       0.000              58               0
  249         266.743     808.272           0.000       0.000             249               0
  110         658.598     351.664           0.000       0.000             110               0
   13        1389.463   -2849.007           0.000       0.000              13               0
  128         269.175    -168.988           0.000       0.000             128               0
  213        1724.813     672.003           0.000       0.000             213               0
  149         -53.334     -63.041           0.000       0.000             149               0
  105         601.586    -470.508           0.000       0.000             105               0
    0         -26.144     403.992           0.000       0.000              -0               0
  210         -63.335      63.310           0.000       0.000             210               0
  185       -1039.749    -606.989           0.000       0.000             185               0
   84        -656.467   -1510.244           0.000       0.000              84               0
   68          55.051    -219.403           0.000       0.000              68               0
   72        -357.523   -1268.423           0.000       0.000              72               0
   86        2135.753      87.996           0.000       0.000              86               0
   31        -961.785    -973.865           0.000       0.000              31               0
   45        1039.213     474.425           0.000       0.000              45               0
  135          35.045     263.251           0.000       0.000             135               0
  203        -484.179    -589.210           0.000       0.000             203               0
   38         365.325   -1839.948           0.000       0.000              38               0
   32        -475.213    -422.860           0.000       0.000              32               0
  114        -454.740     980.608           0.000       0.000             114               0
   50       -1176.647     327.732           0.000       0.000              50               0
   17         -31.522     321.496           0.000       0.000              17               0
  253         340.758    -421.188           0.000       0.000             253               0
  150          32.187    1069.513           0.000       0.000             150               0
  186        2294.678    -938.294           0.000       0.000             186               0
  135       -1863.930    -329.745           0.000       0.000             135               0
   93        1104.617    -590.596           0.000       0.000              93               0
  171         -67.957     -48.523           0.000       0.000             171               0
   65        -201.458    -171.651           0.000       0.000              65               0
  152        -884.549     210.637           0.000       0.000             152               0
  164        -380.536    -245.708           0.000       0.000             164               0
  176        -530.675    -482.365           0.000       0.000             176               0
  165         -28.544    -567.151           0.000       0.000             165               0
   37        1476.398   -1461.844           0.000       0.000              37               0
  133        -823.737     244.018           0.000       0.000             133               0
   59        -394.229    -130.092           0.000       0.000              59               0
  142         513.026    1018.294           0.000       0.000             142               0
  134         401.387    2148.724           0.000       0.000             134               0
   14         328.301     848.608           0.000       0.000              14               0
   71         235.966    -234.045           0.000       0.000              71               0
  219       -2034.369     502.608           0.000       0.000             219               0
   83         163.619   -1837.209           0.000       0.000              83               0
  143         359.509    2167.225           0.000       0.000             143               0
   49         324.104    -158.418           0.000       0.000              49               0
  114         526.771     200.825           0.000       0.000             114               0
  189         129.672    -648.561           0.000       0.000             189               0
  185        1922.623    -855.381           0.000       0.000             185               0
   62        -346.784    -528.217           0.000       0.000              62               0
  228        -615.613     -16.094           0.000       0.000             228               0
  218         610.792    -643.293           0.000       0.000             218               0
  177         153.812     499.318           0.000       0.000             177               0
   22        -562.937    1421.735           0.000       0.000              22               0
  235         499.275    1521.152           0.000       0.000             235               0
  174         675.873    -712.730           0.000       0.000             174               0
  173        -685.085    -886.025           0.000       0.000             173               0
  166        -610.012     922.978           0.000       0.000             166               0
   54        -127.808     414.425           0.000       0.000              54               0
   10       -1133.048    -379.400           0.000       0.000              10               0
   81       -2285.339    1132.493           0.000       0.000              81               0
  119        -859.122    -544.539           0.000       0.000             119               0
  162        -713.295    -263.855           0.000       0.000             162               0
  245         817.575    -681.185           0.000       0.000             245               0
   40         875.903     603.765           0.000       0.000              40               0
   72         -51.840    1020.237           0.000       0.000              72               0
   26        -913.934    -548.896           0.000       0.000              26               0
  174         144.269     903.240           0.000       0.000             174               0
  131        -353.048    -332.352           0.000       0.000             131               0
  168        -387.457     -45.413           0.000       0.000             168               0
   53         275.060    1316.745           0.000       0.000              53               0
  145       -1087.726     699.909           0.000       0.000             145               0
  240        -118.745    -468.736           0.000       0.000             240               0
   16        1065.473    -142.535           0.000       0.000              16               0
  228         995.640    -669.796           0.000       0.000             228               0
  128        -258.534    -381.264           0.000       0.000             128               0
   66        1921.162     101.756           0.000       0.000              66               0
   87         -93.018    -383.684           0.000       0.000              87               0
   61        -540.841    -373.031           0.000       0.000              61               0
  251         159.959    -146.812           0.000       0.000             251               0
  149         564.810     562.601           0.000       0.000             149               0
   33         655.813    -831.041           0.000       0.000              33               0
  214          86.180    1518.407           0.000       0.000             214               0
   71        1002.359    -593.813           0.000       0.000              71               0
   56         109.417     238.735           0.000       0.000              56               0
  194         160.386    -482.603           0.000       0.000             194               0
  245        1059.411     -64.505           0.000       0.000             245               0
  229        -790.726   -1193.883           0.000       0.000             229               0
  104        -570.845     945.932           0.000       0.000             104               0
   43        1149.298    -275.941           0.000       0.000              43               0
  239        -131.502   -1039.587           0.000       0.000             239               0
  185          76.425     114.523           0.000       0.000             185               0
  163         344.822     642.873           0.000       0.000             163               0
  146       -1080.199     670.762           0.000       0.000             146               0
  174         302.755    -750.497           0.000       0.000             174               0
  204         364.024   -1492.501           0.000       0.000             204               0
  219        -537.012     363.174           0.000       0.000             219               0
  201       -1608.196     -91.284           0.000       0.000             201               0
  122         502.346     222.226           0.000       0.000             122               0
   95        -337.368    -295.246           0.000       0.000              95               0
  114         580.637   -1523.466           0.000       0.000             114               0
  176         592.568     345.132           0.000       0.000             176               0
  240          92.208    -512.135           0.000       0.000             240               0
   98        1534.722    -257.990           0.000       0.000              98               0
  192         922.616    -882.085           0.000       0.000             192               0
