SINAL     NFT                         FFT                         NFT INVERSA     FFT INVERSA
-----     -----------------------     -----------------------     -----------     -----------
   10       32824.000       0.000           0.000       0.000              10               0
  233        -427.045    1135.948           0.000       0.000             233               0
  243         476.727     302.994           0.000       0.000             243               0
   39        -835.515     -42.399           0.000       0.000              39               0
  227        -234.704     641.421           0.000       0.000             227               0
   94        -901.478     371.260           0.000       0.000              94               0
   87        -541.132   -1212.182           0.000       0.000              87               0
   44         170.046     107.780           0.000       0.000              44               0
  202         194.437    -504.409           0.000       0.000             202               0
   74        2134.745     611.362           0.000       0.000              74               0
   62        1685.093    -677.913           0.000       0.000              62               0
  114        -465.482     349.874           0.000       0.000             114               0
   14        -588.539     798.176           0.000       0.000              14               0
  185        1442.973    -537.787           0.000       0.000             185               0
  149        -115.837    -179.055           0.000       0.000             149               0
   96        -254.939   -1662.341           0.000       0.000              96               0
  126         285.603     231.928           0.000       0.000             126               0
   23          92.669    1132.257           0.000       0.000              23               0
   93         131.011    -138.464           0.000       0.000              93               0
   77        -680.400     357.177           0.000       0.000              77               0
  142         811.319      50.922           0.000       0.000             142               0
   22         837.808    1131.030           0.000       0.000              22               0
  247        -309.663    -693.081           0.000       0.000             247               0
  221         669.673   -1069.880           0.000       0.000             221               0
  142        -110.956   -1174.485           0.000       0.000             142               0
  250         370.772     100.585           0.000       0.000             250               0
  118        -569.705    1242.826           0.000       0.000             118               0
   69       -2005.882   -1065.138           0.000       0.000              69               0
  116         501.153    1406.921           0.000       0.000             116               0
  208       -1501.833    -971.709           0.000       0.000             208               0
   12        -104.840     201.927           0.000       0.000              12               0
  126       -1039.377   -1940.849           0.000       0.000             126               0
  186        1075.599    -528.969           0.000       0.000             186               0
    0         388.042     633.970           0.000       0.000               0               0
  166         737.092    2001.635           0.000       0.000             166               0
  158         193.899   -2152.073           0.000       0.000             158               0
   94         232.497   -1338.196           0.000       0.000              94               0
  253         218.908    -161.392           0.000       0.000             253               0
  202        -255.395     -81.625           0.000       0.000             202               0
   41        -970.628    -521.694           0.000       0.000              41               0
   71        1201.294    -261.392           0.000       0.000              71               0
    9         619.092     479.081           0.000       0.000               9               0
  155        -150.827     593.424           0.000       0.000             155               0
   86       -1040.893    -964.929           0.000       0.000              86               0
  195         -90.317     417.087           0.000       0.000             195               0
   49        -988.430   -1976.208           0.000       0.000              49               0
  182          44.090    -508.728           0.000       0.000             182               0
   65        1238.732     986.835           0.000       0.000              65               0
   73          62.453     115.388           0.000       0.000              73               0
   20        -886.557    -149.319           0.000       0.000              20               0
  143         107.809     361.019           0.000       0.000             143               0
  215        -499.625    1435.846           0.000       0.000             215               0
   42          -3.089    -449.876           0.000       0.000              42               0
  134        -181.365     521.631           0.000       0.000             134               0
  180         489.902     423.476           0.000       0.000             180               0
  185        -355.526    1006.164           0.000       0.000             185               0
  129         271.232    -514.460           0.000       0.000             129               0
   43        -836.228    -201.965           0.000       0.000              43               0
  254        -640.148   -1424.751           0.000       0.000             254               0
  246        -921.569    -417.407           0.000       0.000             246               0
  252         308.407    -640.549           0.000       0.000             252               0
   11        1652.454     385.087           0.000       0.000              11               0
  117         924.275    -792.970           0.000       0.000             117               0
  182       -1580.622    -818.560           0.000       0.000             182               0
   11       -1059.994     425.965           0.000       0.000              11               0
   27        1327.078    -293.608           0.000       0.000              27               0
   85         765.581   -1536.387           0.000       0.000              85               0
  106         526.322    -838.907           0.000       0.000             106               0
   25         322.325    1457.798           0.000       0.000              25               0
   31         269.487     -80.569           0.000       0.000              31               0
  147          34.834     241.712           0.000       0.000             147               0
   97         923.996    -688.499           0.000       0.000              97               0
   40        -862.133    1097.836           0.000       0.000              40               0
   47          27.180      73.014           0.000       0.000              47               0
  183       -1120.220   -1036.251           0.000       0.000             183               0
  235         178.574    -904.398           0.000       0.000             235               0
   96         121.613     675.431           0.000       0.000              96               0
  110       -1374.136     134.691           0.000       0.000             110               0
   44         450.887    -807.919           0.000       0.000              44               0
  169        -579.916    1744.748           0.000       0.000             169               0
  130         -28.928     268.582           0.000       0.000             130               0
  187        1180.218     580.426           0.000       0.000             187               0
  129        -991.637     472.963           0.000       0.000             129               0
  173        -752.546   -1619.133           0.000       0.000             173               0
   66       -1769.949    -863.923           0.000       0.000              66               0
   54        -764.217    -451.049           0.000       0.000              54               0
  102        -171.438     894.016           0.000       0.000             102               0
  196       -1365.907    1678.444           0.000       0.000             196               0
   98       -1227.557     485.218           0.000       0.000              98               0
  100         811.103    1327.273           0.000       0.000             100               0
  186        -398.136     -92.209           0.000       0.000             186               0
   94         432.983     616.926           0.000       0.000              94               0
  112        -633.460     187.695           0.000       0.000             112               0
   48       -1618.167     592.490           0.000       0.000              48               0
   21        -610.626     266.111           0.000       0.000              21               0
  123        -604.042     -80.628           0.000       0.000             123               0
   75        -273.572     248.955           0.000       0.000              75               0
  107         551.240    -142.047           0.000       0.000             107               0
  229        -381.356    -385.093           0.000       0.000             229               0
  101        -573.668      38.499           0.000       0.000             101               0
  138        -218.067     102.553           0.000       0.000             138               0
  121       -1730.825     494.055           0.000       0.000             121               0
  198        -552.164    -165.524           0.000       0.000             198               0
  179        -735.552   -1382.232           0.000       0.000             179               0
  168         220.165    -628.869           0.000       0.000             168               0
  126         350.712     280.962           0.000       0.000             126               0
  158        -256.359    -405.382           0.000       0.000             158               0
    8        -389.796    -722.330           0.000       0.000               8               0
  236       -1455.229    -273.684           0.000       0.000             236               0
  203        -962.964    1476.046           0.000       0.000             203               0
  178        -233.681     760.704           0.000       0.000             178               0
  111         314.176     721.804           0.000       0.000             111               0
  135        -447.098    -834.883           0.000       0.000             135               0
   52         651.310    1622.092           0.000       0.000              52               0
   28          59.135    1161.905           0.000       0.000              28               0
  202        -360.235     731.890           0.000       0.000             202               0
  106        1202.298    -157.486           0.000       0.000             106               0
  131        -245.293     720.580           0.000       0.000             131               0
  142       -1134.948    -487.368           0.000       0.000             142               0
  205        -832.234     112.351           0.000       0.000             205               0
  232        -646.487     522.650           0.000       0.000             232               0
   73        -307.911    -735.401           0.000       0.000              73               0
   43          54.956     276.772           0.000       0.000              43               0
   88         870.868     217.786           0.000       0.000              88               0
  121        -330.303   -1623.959           0.000       0.000             121               0
   65         604.845     144.743           0.000       0.000              65               0
  212         336.415     937.748           0.000       0.000             212               0
  197         152.263     312.395           0.000       0.000             197               0
  172        1292.000       0.066           0.000       0.000             172               0
  185         152.259    -312.443           0.000       0.000             185               0
   42         336.541    -937.684           0.000       0.000              42               0
   55         604.799    -144.543           0.000       0.000              55               0
   50        -330.626    1623.890           0.000       0.000              50               0
  241         870.839    -217.746           0.000       0.000             241               0
  234          54.867    -276.793           0.000       0.000             234               0
  219        -308.160     735.283           0.000       0.000             219               0
  111        -646.496    -522.846           0.000       0.000             111               0
  137        -832.265    -112.524           0.000       0.000             137               0
  227       -1134.990     487.090           0.000       0.000             227               0
   91        -245.058    -720.713           0.000       0.000              91               0
   84        1202.285     157.600           0.000       0.000              84               0
  150        -360.164    -732.067           0.000       0.000             150               0
  203          59.324   -1161.953           0.000       0.000             203               0
  219         651.516   -1621.902           0.000       0.000             219               0
  202        -447.319     834.864           0.000       0.000             202               0
  232         314.214    -721.787           0.000       0.000             232               0
  166        -233.690    -760.730           0.000       0.000             166               0
   53        -962.830   -1476.082           0.000       0.000              53               0
  107       -1455.279     273.625           0.000       0.000             107               0
   53        -389.859     722.357           0.000       0.000              53               0
    2        -256.382     405.362           0.000       0.000               2               0
   84         350.760    -280.850           0.000       0.000              84               0
  126         219.975     628.987           0.000       0.000             126               0
   46        -735.877    1382.076           0.000       0.000              46               0
  172        -552.268     165.316           0.000       0.000             172               0
  248       -1730.733    -494.404           0.000       0.000             248               0
  111        -217.981    -102.599           0.000       0.000             111               0
  128        -573.619     -38.595           0.000       0.000             128               0
  190        -381.352     385.006           0.000       0.000             190               0
   28         551.225     142.075           0.000       0.000              28               0
   58        -273.593    -249.056           0.000       0.000              58               0
  232        -604.103      80.471           0.000       0.000             232               0
   84        -610.626    -266.288           0.000       0.000              84               0
  109       -1618.034    -592.804           0.000       0.000             109               0
  217        -633.298    -187.835           0.000       0.000             217               0
   62         433.158    -616.878           0.000       0.000              62               0
   72        -398.121      92.089           0.000       0.000              72               0
   72         811.276   -1327.175           0.000       0.000              72               0
  199       -1227.569    -485.418           0.000       0.000             199               0
   44       -1365.590   -1678.604           0.000       0.000              44               0
  164        -171.243    -893.843           0.000       0.000             164               0
   28        -764.302     451.122           0.000       0.000              28               0
  195       -1770.017     863.747           0.000       0.000             195               0
  112        -752.657    1618.965           0.000       0.000             112               0
  248        -991.339    -473.240           0.000       0.000             248               0
  141        1180.471    -580.257           0.000       0.000             141               0
   88         -28.854    -268.607           0.000       0.000              88               0
  158        -579.554   -1744.750           0.000       0.000             158               0
  194         450.789     808.124           0.000       0.000             194               0
  196       -1374.047    -134.884           0.000       0.000             196               0
  211         121.858    -675.295           0.000       0.000             211               0
  196         178.470     904.549           0.000       0.000             196               0
   24       -1120.307    1036.052           0.000       0.000              24               0
   82          27.322     -73.079           0.000       0.000              82               0
  242        -861.779   -1097.940           0.000       0.000             242               0
  197         924.043     688.717           0.000       0.000             197               0
   74          34.970    -241.693           0.000       0.000              74               0
   98         269.582      80.625           0.000       0.000              98               0
   70         322.670   -1457.625           0.000       0.000              70               0
    8         526.270     839.195           0.000       0.000               8               0
  127         765.376    1536.560           0.000       0.000             127               0
  129        1326.950     293.788           0.000       0.000             129               0
  241       -1060.019    -426.105           0.000       0.000             241               0
  211       -1580.634     818.357           0.000       0.000             211               0
  239         924.329     793.099           0.000       0.000             239               0
  203        1652.521    -384.809           0.000       0.000             203               0
   18         308.175     640.640           0.000       0.000              18               0
   56        -921.709     417.276           0.000       0.000              56               0
   20        -640.372    1424.592           0.000       0.000              20               0
  217        -836.178     201.706           0.000       0.000             217               0
  101         271.234     514.361           0.000       0.000             101               0
  184        -355.284   -1006.337           0.000       0.000             184               0
  245         490.028    -423.421           0.000       0.000             245               0
   40        -181.256    -521.654           0.000       0.000              40               0
   41          -3.139     449.833           0.000       0.000              41               0
  237        -499.339   -1435.944           0.000       0.000             237               0
  181         107.915    -360.908           0.000       0.000             181               0
  129        -886.500     149.233           0.000       0.000             129               0
  140          62.625    -115.349           0.000       0.000             140               0
  120        1238.946    -986.514           0.000       0.000             120               0
   70          43.948     508.920           0.000       0.000              70               0
   95        -988.747    1976.062           0.000       0.000              95               0
   61         -90.191    -417.141           0.000       0.000              61               0
   95       -1040.955     964.723           0.000       0.000              95               0
  177        -150.550    -593.500           0.000       0.000             177               0
   47         619.317    -478.925           0.000       0.000              47               0
   36        1201.259     261.673           0.000       0.000              36               0
  252        -970.712     521.570           0.000       0.000             252               0
  146        -255.295      81.615           0.000       0.000             146               0
  107         218.993     161.511           0.000       0.000             107               0
    4         232.364    1338.286           0.000       0.000               4               0
   17         193.633    2151.928           0.000       0.000              17               0
  237         737.490   -2001.661           0.000       0.000             237               0
  246         388.173    -633.812           0.000       0.000             246               0
  229        1075.444     529.274           0.000       0.000             229               0
  220       -1039.769    1940.647           0.000       0.000             220               0
  193        -104.819    -202.040           0.000       0.000             193               0
  247       -1501.940     971.344           0.000       0.000             247               0
   20         501.440   -1406.892           0.000       0.000              20               0
  213       -2005.976    1064.774           0.000       0.000             213               0
  209        -569.260   -1242.952           0.000       0.000             209               0
  121         370.989    -100.418           0.000       0.000             121               0
  142        -110.977    1174.518           0.000       0.000             142               0
  199         669.639    1069.923           0.000       0.000             199               0
  162        -309.629     692.861           0.000       0.000             162               0
  183         838.153   -1131.002           0.000       0.000             183               0
  180         811.379     -50.813           0.000       0.000             180               0
   87        -680.264    -357.315           0.000       0.000              87               0
   57         131.132     138.445           0.000       0.000              57               0
   64          92.998   -1132.230           0.000       0.000              64               0
  208         285.770    -231.748           0.000       0.000             208               0
  128        -255.070    1662.330           0.000       0.000             128               0
  160        -115.645     178.961           0.000       0.000             160               0
   13        1443.033     537.932           0.000       0.000              13               0
  223        -588.283    -798.347           0.000       0.000             223               0
   81        -465.132    -349.926           0.000       0.000              81               0
   61        1685.274     678.180           0.000       0.000              61               0
    4        2134.946    -611.020           0.000       0.000               4               0
   77         194.387     504.451           0.000       0.000              77               0
  207         170.154    -107.750           0.000       0.000             207               0
  111        -541.182    1212.027           0.000       0.000             111               0
   82        -901.121    -371.539           0.000       0.000              82               0
  225        -234.178    -641.506           0.000       0.000             225               0
   92        -834.915      42.233           0.000       0.000              92               0
   73         477.669    -302.966           0.000       0.000              73               0
  198        -425.122   -1135.985           0.000       0.000             198               0
