SINAL     NFT                         FFT                         NFT INVERSA     FFT INVERSA
-----     -----------------------     -----------------------     -----------     -----------
   69       31901.000       0.000           0.000       0.000              69               0
  208         965.870     670.117           0.000       0.000             208               0
  219         -36.091    1561.646           0.000       0.000             219               0
  142        -158.902    -944.176           0.000       0.000             142               0
  204         563.284     799.004           0.000       0.000             204               0
   37       -1067.485    -153.045           0.000       0.000              37               0
  249         745.974     477.520           0.000       0.000             249               0
   18         924.924    -494.331           0.000       0.000              18               0
  221         409.769     870.958           0.000       0.000             221               0
  117        -100.384     483.839           0.000       0.000             117               0
   34        1265.206     807.258           0.000       0.000              34               0
   57        -277.308     150.020           0.000       0.000              57               0
  240         351.174    -743.033           0.000       0.000             240               0
    3        -789.129    -933.015           0.000       0.000               3               0
   28         994.401    -517.761           0.000       0.000              28               0
   27        -688.467   -1559.639           0.000       0.000              27               0
  106         476.588    -173.623           0.000       0.000             106               0
  152       -1089.202   -1626.552           0.000       0.000             152               0
  104         363.053    -113.551           0.000       0.000             104               0
    1        -394.928     725.877           0.000       0.000               1               0
  255         -63.110     125.874           0.000       0.000             255               0
  219         597.677     255.530           0.000       0.000             219               0
  203         651.176     375.375           0.000       0.000             203               0
   68       -1250.814    -910.128           0.000       0.000              68               0
  228         818.932     849.747           0.000       0.000             228               0
   97        -386.195    -774.505           0.000       0.000              97               0
   13        1341.839    -297.743           0.000       0.000              13               0
  243         333.200    -617.878           0.000       0.000             243               0
  204        -537.025    1060.162           0.000       0.000             204               0
   44         -13.978    -330.789           0.000       0.000              44               0
   47        -262.472     403.217           0.000       0.000              47               0
   17        -649.029    -803.689           0.000       0.000              17               0
  253        -399.127   -1030.214           0.000       0.000             253               0
   10        -958.753   -1076.987           0.000       0.000              10               0
  160         153.961    -516.598           0.000       0.000             160               0
  201          74.948     447.199           0.000       0.000             201               0
   47        1575.651    -864.826           0.000       0.000              47               0
  153        1588.557     396.421           0.000       0.000             153               0
  220         -73.763    -130.859           0.000       0.000             220               0
   13         470.224   -1631.446           0.000       0.000              13               0
   15         167.471    1249.294           0.000       0.000              15               0
  254         187.762    1662.093           0.000       0.000             254               0
   70       -1038.449    -656.577           0.000       0.000              70               0
  255        -650.868     589.787           0.000       0.000             255               0
    1        -602.746   -1357.889           0.000       0.000               1               0
   99         649.181     319.859           0.000       0.000              99               0
   27         649.024      -4.502           0.000       0.000              27               0
  108        1378.529     950.009           0.000       0.000             108               0
  251        -774.828    -500.003           0.000       0.000             251               0
  132        -357.774     336.572           0.000       0.000             132               0
  109         725.556   -3146.734           0.000       0.000             109               0
  251        -792.422    -395.709           0.000       0.000             251               0
   95         243.170     922.680           0.000       0.000              95               0
   57        -536.601    1191.681           0.000       0.000              57               0
   64        -256.264     833.224           0.000       0.000              64               0
   68        -800.082     874.831           0.000       0.000              68               0
  154        -242.100    -479.363           0.000       0.000             154               0
   77        -434.797    -141.889           0.000       0.000              77               0
   55       -1157.064    1387.413           0.000       0.000              55               0
  102       -1113.159     323.531           0.000       0.000             102               0
  121          78.052    -645.356           0.000       0.000             121               0
  102        1121.877    -196.969           0.000       0.000             102               0
  120         629.209      51.382           0.000       0.000             120               0
  118         607.833    1112.341           0.000       0.000             118               0
  113         673.987    -147.003           0.000       0.000             113               0
   24         474.428    -609.288           0.000       0.000              24               0
   64         497.708    -439.260           0.000       0.000              64               0
  160        -554.659   -1474.637           0.000       0.000             160               0
  178        -498.966    -312.892           0.000       0.000             178               0
   29         661.475     -79.232           0.000       0.000              29               0
  173         -82.668     -54.717           0.000       0.000             173               0
  194        -742.909    1513.561           0.000       0.000             194               0
   27       -2775.316    1723.071           0.000       0.000              27               0
  244        2231.018     465.393           0.000       0.000             244               0
  193        -688.777      63.085           0.000       0.000             193               0
   29        -301.541     653.087           0.000       0.000              29               0
   87         415.451    -891.385           0.000       0.000              87               0
  221       -1264.723    -540.777           0.000       0.000             221               0
  137       -2338.044       5.430           0.000       0.000             137               0
   83       -1317.025    1214.523           0.000       0.000              83               0
   98        -504.932     521.948           0.000       0.000              98               0
  247         150.230   -1402.511           0.000       0.000             247               0
   78         165.150    1424.770           0.000       0.000              78               0
  194        -648.058    -235.808           0.000       0.000             194               0
   48         -62.488    -401.267           0.000       0.000              48               0
  143        -182.931    -205.187           0.000       0.000             143               0
    6        1007.628     342.960           0.000       0.000               6               0
  203        -308.753     616.648           0.000       0.000             203               0
  220        1305.269   -2345.192           0.000       0.000             220               0
   61         854.837     253.925           0.000       0.000              61               0
   50         497.404      49.530           0.000       0.000              50               0
   85         285.951    -757.899           0.000       0.000              85               0
  164       -1309.889   -1173.018           0.000       0.000             164               0
  170         322.546     667.479           0.000       0.000             170               0
  204         252.563    1022.993           0.000       0.000             204               0
   21         362.872      -3.058           0.000       0.000              21               0
  195         445.139    -900.198           0.000       0.000             195               0
   13        -459.244    -912.787           0.000       0.000              13               0
  182       -2322.283      99.821           0.000       0.000             182               0
  118       -1130.376   -1121.629           0.000       0.000             118               0
   42        -513.635     662.503           0.000       0.000              42               0
  100        -249.659    1350.142           0.000       0.000             100               0
   56          94.621   -1359.153           0.000       0.000              56               0
   69        -290.024    -144.559           0.000       0.000              69               0
   88         133.754      61.466           0.000       0.000              88               0
  250         702.867    -253.271           0.000       0.000             250               0
   99         803.383     799.396           0.000       0.000              99               0
  176       -2012.948    -267.068           0.000       0.000             176               0
  215         242.880    -385.219           0.000       0.000             215               0
  237       -1849.123    -641.073           0.000       0.000             237               0
    4         221.384     261.537           0.000       0.000               4               0
   58        -912.267     667.616           0.000       0.000              58               0
  229        1499.094    1228.466           0.000       0.000             229               0
   83        -647.659    -235.053           0.000       0.000              83               0
  252         272.223    1086.795           0.000       0.000             252               0
   22          37.321   -1583.647           0.000       0.000              22               0
  226       -1133.740    1385.490           0.000       0.000             226               0
    2         616.809    1130.275           0.000       0.000               2               0
  225        -425.274     271.501           0.000       0.000             225               0
  190         394.422    2461.032           0.000       0.000             190               0
   64         230.230    -168.326           0.000       0.000              64               0
   19        -300.661    -123.391           0.000       0.000              19               0
   20       -1365.542    1597.810           0.000       0.000              20               0
  228       -1421.225    1288.594           0.000       0.000             228               0
  189         -11.930     -91.927           0.000       0.000             189               0
  225        -315.299     768.866           0.000       0.000             225               0
  250        2010.610    -254.706           0.000       0.000             250               0
  129         607.305     479.725           0.000       0.000             129               0
  238         403.000      -0.054           0.000       0.000             238               0
  176         607.403    -479.762           0.000       0.000             176               0
  247        2010.447     254.893           0.000       0.000             247               0
   24        -315.377    -769.066           0.000       0.000              24               0
   21         -12.122      91.766           0.000       0.000              21               0
   47       -1421.134   -1288.994           0.000       0.000              47               0
   94       -1365.248   -1598.058           0.000       0.000              94               0
  110        -300.592     123.341           0.000       0.000             110               0
   41         230.256     168.220           0.000       0.000              41               0
  193         394.820   -2461.026           0.000       0.000             193               0
   30        -425.240    -271.530           0.000       0.000              30               0
    1         616.953   -1130.154           0.000       0.000               1               0
  175       -1133.536   -1385.529           0.000       0.000             175               0
   34          37.102    1583.714           0.000       0.000              34               0
   59         272.395   -1086.777           0.000       0.000              59               0
  148        -647.670     234.944           0.000       0.000             148               0
  117        1499.253   -1228.208           0.000       0.000             117               0
   55        -912.264    -667.664           0.000       0.000              55               0
  170         221.335    -261.363           0.000       0.000             170               0
   87       -1849.258     640.859           0.000       0.000              87               0
   58         242.829     385.281           0.000       0.000              58               0
  139       -2012.909     266.707           0.000       0.000             139               0
   22         803.670    -799.239           0.000       0.000              22               0
  122         702.835     253.451           0.000       0.000             122               0
  158         133.715     -61.399           0.000       0.000             158               0
   42        -290.083     144.577           0.000       0.000              42               0
   95          94.352    1359.118           0.000       0.000              95               0
   92        -249.506   -1350.238           0.000       0.000              92               0
   11        -513.607    -662.465           0.000       0.000              11               0
   90       -1130.629    1121.524           0.000       0.000              90               0
  221       -2322.170    -100.173           0.000       0.000             221               0
  250        -459.172     912.745           0.000       0.000             250               0
   11         445.150     900.206           0.000       0.000              11               0
  213         362.957       3.005           0.000       0.000             213               0
   18         252.781   -1022.980           0.000       0.000              18               0
   32         322.649    -667.312           0.000       0.000              32               0
    4       -1310.019    1172.887           0.000       0.000               4               0
  113         285.978     757.914           0.000       0.000             113               0
  142         497.524     -49.484           0.000       0.000             142               0
   46         854.948    -253.720           0.000       0.000              46               0
   51        1304.837    2345.350           0.000       0.000              51               0
  173        -308.698    -616.861           0.000       0.000             173               0
   47        1007.630    -342.833           0.000       0.000              47               0
  226        -183.071     205.135           0.000       0.000             226               0
  207         -62.639     401.196           0.000       0.000             207               0
  107        -648.142     235.581           0.000       0.000             107               0
  118         165.357   -1424.757           0.000       0.000             118               0
   69         149.894    1402.512           0.000       0.000              69               0
  162        -504.988    -522.168           0.000       0.000             162               0
   33       -1316.939   -1214.754           0.000       0.000              33               0
  157       -2338.009      -5.756           0.000       0.000             157               0
  221       -1264.621     540.582           0.000       0.000             221               0
  172         415.452     891.358           0.000       0.000             172               0
  179        -301.361    -653.253           0.000       0.000             179               0
   87        -688.625     -63.284           0.000       0.000              87               0
   75        2231.057    -465.140           0.000       0.000              75               0
  222       -2775.083   -1723.578           0.000       0.000             222               0
  183        -742.475   -1513.561           0.000       0.000             183               0
  168         -82.500      54.868           0.000       0.000             168               0
  234         661.555      79.466           0.000       0.000             234               0
   18        -498.958     312.934           0.000       0.000              18               0
  134        -554.759    1474.579           0.000       0.000             134               0
  228         497.792     439.290           0.000       0.000             228               0
   29         474.437     609.289           0.000       0.000              29               0
   91         674.038     146.990           0.000       0.000              91               0
  247         608.059   -1112.290           0.000       0.000             247               0
   61         629.233     -51.246           0.000       0.000              61               0
   96        1121.773     197.164           0.000       0.000              96               0
  104          77.790     645.302           0.000       0.000             104               0
  204       -1113.203    -323.836           0.000       0.000             204               0
  142       -1156.810   -1387.616           0.000       0.000             142               0
  156        -434.750     141.870           0.000       0.000             156               0
  121        -242.135     479.273           0.000       0.000             121               0
  189        -799.868    -875.032           0.000       0.000             189               0
  126        -256.029    -833.265           0.000       0.000             126               0
   73        -536.290   -1191.691           0.000       0.000              73               0
   40         243.419    -922.440           0.000       0.000              40               0
  245        -792.369     395.842           0.000       0.000             245               0
  142         725.140    3146.884           0.000       0.000             142               0
  203        -357.656    -336.755           0.000       0.000             203               0
   22        -774.737     499.795           0.000       0.000              22               0
   43        1378.841    -949.817           0.000       0.000              43               0
  168         649.053       4.644           0.000       0.000             168               0
  195         649.200    -319.686           0.000       0.000             195               0
  223        -603.007    1357.776           0.000       0.000             223               0
    0        -650.731    -589.955           0.000       0.000              -0               0
   15       -1038.425     656.327           0.000       0.000              15               0
  189         188.218   -1662.105           0.000       0.000             189               0
  184         167.829   -1249.090           0.000       0.000             184               0
  183         470.078    1631.649           0.000       0.000             183               0
  167         -73.624     130.833           0.000       0.000             167               0
  202        1588.755    -396.101           0.000       0.000             202               0
   62        1575.469     865.129           0.000       0.000              62               0
  140          74.934    -447.146           0.000       0.000             140               0
  231         153.799     516.722           0.000       0.000             231               0
  153        -958.959    1076.868           0.000       0.000             153               0
  131        -399.253    1030.108           0.000       0.000             131               0
   37        -649.083     803.467           0.000       0.000              37               0
  249        -262.287    -403.351           0.000       0.000             249               0
  236         -13.926     330.717           0.000       0.000             236               0
  241        -536.703   -1060.257           0.000       0.000             241               0
  135         333.282     617.980           0.000       0.000             135               0
  136        1341.864     297.961           0.000       0.000             136               0
  107        -386.280     774.372           0.000       0.000             107               0
   69         819.108    -849.641           0.000       0.000              69               0
    7       -1250.884     909.899           0.000       0.000               7               0
  180         651.394    -375.333           0.000       0.000             180               0
  110         597.782    -255.443           0.000       0.000             110               0
  253         -63.051    -125.887           0.000       0.000             253               0
   66        -394.717    -725.881           0.000       0.000              66               0
   57         363.110     113.756           0.000       0.000              57               0
   20       -1089.350    1626.423           0.000       0.000              20               0
  110         476.721     173.706           0.000       0.000             110               0
  226        -688.550    1559.498           0.000       0.000             226               0
  215         994.475     517.835           0.000       0.000             215               0
   77        -789.129     932.774           0.000       0.000              77               0
  227         351.268     742.911           0.000       0.000             227               0
  231        -277.032    -150.270           0.000       0.000             231               0
   11        1265.566    -807.182           0.000       0.000              11               0
  155        -100.106    -483.933           0.000       0.000             155               0
  159         410.180    -870.899           0.000       0.000             159               0
  178         925.088     494.467           0.000       0.000             178               0
  102         746.246    -477.444           0.000       0.000             102               0
  221       -1067.196     152.820           0.000       0.000             221               0
   63         563.877    -798.923           0.000       0.000              63               0
   77        -158.484     944.085           0.000       0.000              77               0
  119         -34.917   -1561.717           0.000       0.000             119               0
  194         967.705    -669.872           0.000       0.000             194               0
