SINAL     NFT                         FFT                         NFT INVERSA     FFT INVERSA
-----     -----------------------     -----------------------     -----------     -----------
  113       34931.000       0.000           0.000       0.000             113               0
  201         473.897    -486.745           0.000       0.000             201               0
  220         579.895    -569.105           0.000       0.000             220               0
  138         795.785    -865.100           0.000       0.000             138               0
  208         833.399   -1150.954           0.000       0.000             208               0
   97        1395.550   -1562.199           0.000       0.000              97               0
  176         248.715     -88.022           0.000       0.000             176               0
  245        -263.326   -1192.735           0.000       0.000             245               0
  240          61.799     988.836           0.000       0.000             240               0
  193       -1527.129     313.429           0.000       0.000             193               0
   95         198.031     237.524           0.000       0.000              95               0
  224        1270.470     496.108           0.000       0.000             224               0
  227        1634.258    -912.912           0.000       0.000             227               0
   83        -228.732    -693.840           0.000       0.000              83               0
  211        -773.577    -957.766           0.000       0.000             211               0
  229        -161.387     638.695           0.000       0.000             229               0
   20        1321.493     180.946           0.000       0.000              20               0
  155         393.685     150.435           0.000       0.000             155               0
  158       -1030.098     627.435           0.000       0.000             158               0
  182       -1716.314     590.297           0.000       0.000             182               0
  232         286.101    1827.003           0.000       0.000             232               0
  222        -201.176     306.803           0.000       0.000             222               0
  220        -245.753    -618.596           0.000       0.000             220               0
  196         411.986     780.737           0.000       0.000             196               0
  196         214.727    -502.113           0.000       0.000             196               0
  173         138.387     464.673           0.000       0.000             173               0
  128         635.522   -1222.309           0.000       0.000             128               0
    6       -1108.619    1034.342           0.000       0.000               6               0
  173          82.504    -576.153           0.000       0.000             173               0
  144        -672.898    1443.563           0.000       0.000             144               0
   95         255.524   -1575.767           0.000       0.000              95               0
   30        -755.976    -355.177           0.000       0.000              30               0
   90          15.691    -195.959           0.000       0.000              90               0
   60         561.741    2607.055           0.000       0.000              60               0
  169        -300.803    -875.060           0.000       0.000             169               0
   43       -1223.219     898.132           0.000       0.000              43               0
  157         130.002    -148.644           0.000       0.000             157               0
   89         -32.135    -834.243           0.000       0.000              89               0
   33         -33.597   -1395.260           0.000       0.000              33               0
  141        -247.457    -341.762           0.000       0.000             141               0
   27         176.923    -266.355           0.000       0.000              27               0
  128        -703.965    -322.919           0.000       0.000             128               0
  110        -580.195   -1061.975           0.000       0.000             110               0
  254        1500.901    -598.280           0.000       0.000             254               0
  212         384.807    -312.605           0.000       0.000             212               0
   65         -30.348    -548.749           0.000       0.000              65               0
  228        -835.468    1187.806           0.000       0.000             228               0
  232       -1818.627   -1420.689           0.000       0.000             232               0
  221         887.051    -402.400           0.000       0.000             221               0
  130        -515.968      20.405           0.000       0.000             130               0
  159        -226.721    -148.373           0.000       0.000             159               0
  198       -1832.227      30.955           0.000       0.000             198               0
   97         407.608    -159.162           0.000       0.000              97               0
  123        1735.780    -748.214           0.000       0.000             123               0
  139        -449.804     128.505           0.000       0.000             139               0
   38         119.701    -131.088           0.000       0.000              38               0
   41         -87.392    -314.618           0.000       0.000              41               0
   11        -893.990      82.663           0.000       0.000              11               0
   44        -565.421    -209.195           0.000       0.000              44               0
  215       -1058.778     755.724           0.000       0.000             215               0
  156          33.044    -251.713           0.000       0.000             156               0
  140        1275.508    -371.646           0.000       0.000             140               0
  246        -190.701    -545.651           0.000       0.000             246               0
  247        -703.728     668.477           0.000       0.000             247               0
  200        1321.994     435.051           0.000       0.000             200               0
  159         544.108    -201.120           0.000       0.000             159               0
   34         290.571     563.428           0.000       0.000              34               0
  101        -243.290     -27.655           0.000       0.000             101               0
  249         810.844     254.985           0.000       0.000             249               0
   67        -751.002    1674.675           0.000       0.000              67               0
  242        -107.572     393.524           0.000       0.000             242               0
   20        1686.025   -1170.287           0.000       0.000              20               0
  196         387.461     488.162           0.000       0.000             196               0
   97       -1029.303    -591.832           0.000       0.000              97               0
   18         594.946    -893.781           0.000       0.000              18               0
  152       -1300.793     341.197           0.000       0.000             152               0
  162        -563.630     306.506           0.000       0.000             162               0
  246        -879.291   -1096.048           0.000       0.000             246               0
  129        -897.018    -228.984           0.000       0.000             129               0
  128        -210.935   -1015.864           0.000       0.000             128               0
  121        -546.760     295.462           0.000       0.000             121               0
   32       -1221.017    1078.223           0.000       0.000              32               0
   70         140.734   -1376.247           0.000       0.000              70               0
  219          15.119     783.319           0.000       0.000             219               0
  156        -523.463     350.812           0.000       0.000             156               0
  210       -1311.366    -200.199           0.000       0.000             210               0
    1        -529.907    -513.029           0.000       0.000               1               0
  197         937.736    -609.654           0.000       0.000             197               0
  221        -136.808    -942.144           0.000       0.000             221               0
   46        1015.879    -244.252           0.000       0.000              46               0
  156         561.360     213.819           0.000       0.000             156               0
  122         766.416     245.974           0.000       0.000             122               0
  186        -496.095   -1329.780           0.000       0.000             186               0
  147        -756.800   -1472.511           0.000       0.000             147               0
  113         764.810     293.063           0.000       0.000             113               0
  131       -1339.685    -670.560           0.000       0.000             131               0
   50        -101.635    -653.954           0.000       0.000              50               0
  147        -762.352    -577.407           0.000       0.000             147               0
  232       -1196.988     331.849           0.000       0.000             232               0
   43        1442.812    -156.143           0.000       0.000              43               0
  215        1259.664   -1403.866           0.000       0.000             215               0
  219           6.815     552.323           0.000       0.000             219               0
   63         410.360    1015.376           0.000       0.000              63               0
  156         949.389     241.843           0.000       0.000             156               0
   60       -1347.220    1646.629           0.000       0.000              60               0
   82         963.717    1900.566           0.000       0.000              82               0
   52        -437.003    -321.838           0.000       0.000              52               0
  223         424.189    -827.268           0.000       0.000             223               0
   73        -644.928     636.754           0.000       0.000              73               0
  181        -673.944     419.076           0.000       0.000             181               0
   95        -210.462     653.298           0.000       0.000              95               0
  195        -704.007    -523.014           0.000       0.000             195               0
  214          34.192     458.802           0.000       0.000             214               0
  166        -220.572    -647.547           0.000       0.000             166               0
  158         126.364   -1058.607           0.000       0.000             158               0
  114           7.930    -107.768           0.000       0.000             114               0
  120       -1522.052    1062.751           0.000       0.000             120               0
  160        1255.949    -365.651           0.000       0.000             160               0
   56        1013.857    -525.051           0.000       0.000              56               0
   86        -190.007    1410.216           0.000       0.000              86               0
  207         282.397    -359.854           0.000       0.000             207               0
  213          94.955   -1124.652           0.000       0.000             213               0
  208        -398.566   -1013.836           0.000       0.000             208               0
  137         967.800   -1601.114           0.000       0.000             137               0
  104        1647.805    1232.906           0.000       0.000             104               0
   65         132.255     -69.413           0.000       0.000              65               0
   13          85.082    1632.403           0.000       0.000              13               0
  154        -394.016      81.058           0.000       0.000             154               0
  213         517.000       0.006           0.000       0.000             213               0
  245        -393.999     -81.221           0.000       0.000             245               0
  197          85.412   -1632.386           0.000       0.000             197               0
  173         132.337      69.512           0.000       0.000             173               0
  209        1648.037   -1232.479           0.000       0.000             209               0
    5         967.416    1601.432           0.000       0.000               5               0
   73        -398.829    1013.776           0.000       0.000              73               0
   13          94.742    1124.588           0.000       0.000              13               0
   87         282.304     359.743           0.000       0.000              87               0
  125        -189.771   -1410.295           0.000       0.000             125               0
  237        1013.758     525.249           0.000       0.000             237               0
  161        1255.715     365.794           0.000       0.000             161               0
   51       -1522.005   -1063.016           0.000       0.000              51               0
   76           7.905     107.854           0.000       0.000              76               0
  100         126.139    1058.638           0.000       0.000             100               0
    9        -220.735     647.412           0.000       0.000               9               0
  243          34.202    -458.874           0.000       0.000             243               0
    3        -704.142     522.816           0.000       0.000               3               0
  123        -210.372    -653.426           0.000       0.000             123               0
  108        -673.877    -419.226           0.000       0.000             108               0
  163        -644.755    -636.842           0.000       0.000             163               0
  179         424.102     827.320           0.000       0.000             179               0
  194        -437.011     321.597           0.000       0.000             194               0
  114         964.031   -1900.522           0.000       0.000             114               0
  136       -1346.909   -1646.782           0.000       0.000             136               0
  146         949.522    -241.580           0.000       0.000             146               0
  252         410.532   -1015.193           0.000       0.000             252               0
  240           6.940    -552.109           0.000       0.000             240               0
  211        1259.432    1404.213           0.000       0.000             211               0
    9        1442.607     156.410           0.000       0.000               9               0
  139       -1197.114    -331.965           0.000       0.000             139               0
  169        -762.487     577.389           0.000       0.000             169               0
  255        -101.781     653.999           0.000       0.000             255               0
   81       -1339.763     670.352           0.000       0.000              81               0
   86         764.897    -292.867           0.000       0.000              86               0
  208        -757.051    1472.451           0.000       0.000             208               0
   86        -496.220    1329.613           0.000       0.000              86               0
  159         766.541    -245.943           0.000       0.000             159               0
  222         561.413    -213.729           0.000       0.000             222               0
  174        1015.780     244.462           0.000       0.000             174               0
   28        -137.043     942.122           0.000       0.000              28               0
  203         937.516     609.753           0.000       0.000             203               0
   79        -530.168     512.854           0.000       0.000              79               0
   80       -1311.466     199.872           0.000       0.000              80               0
   24        -523.385    -350.984           0.000       0.000              24               0
  179          15.251    -783.293           0.000       0.000             179               0
   89         140.428    1376.237           0.000       0.000              89               0
   11       -1220.887   -1078.490           0.000       0.000              11               0
  182        -546.688    -295.477           0.000       0.000             182               0
  213        -211.112    1015.865           0.000       0.000             213               0
  119        -897.063     228.819           0.000       0.000             119               0
   90        -879.426    1095.832           0.000       0.000              90               0
  137        -563.516    -306.698           0.000       0.000             137               0
   57       -1300.597    -341.415           0.000       0.000              57               0
  205         594.927     893.867           0.000       0.000             205               0
   18       -1029.272     591.553           0.000       0.000              18               0
  204         387.747    -488.165           0.000       0.000             204               0
  201        1685.884    1170.461           0.000       0.000             201               0
    3        -107.550    -393.741           0.000       0.000               3               0
  160        -750.657   -1674.866           0.000       0.000             160               0
  211         810.958    -254.814           0.000       0.000             211               0
  142        -243.255      27.605           0.000       0.000             142               0
   73         290.742    -563.377           0.000       0.000              73               0
  210         544.134     201.212           0.000       0.000             210               0
  223        1322.017    -434.846           0.000       0.000             223               0
  159        -703.681    -668.535           0.000       0.000             159               0
  163        -190.742     545.683           0.000       0.000             163               0
   54        1275.421     371.854           0.000       0.000              54               0
   62          32.866     251.670           0.000       0.000              62               0
  129       -1058.722    -755.904           0.000       0.000             129               0
  228        -565.451     209.140           0.000       0.000             228               0
   91        -893.917     -82.785           0.000       0.000              91               0
   76         -87.349     314.627           0.000       0.000              76               0
   51         119.741     131.111           0.000       0.000              51               0
  171        -449.677    -128.546           0.000       0.000             171               0
  100        1735.680     748.519           0.000       0.000             100               0
  231         407.423     159.200           0.000       0.000             231               0
    5       -1832.275     -31.269           0.000       0.000               5               0
  112        -226.682     148.342           0.000       0.000             112               0
  158        -515.895     -20.465           0.000       0.000             158               0
  218         886.962     402.595           0.000       0.000             218               0
  232       -1818.876    1420.317           0.000       0.000             232               0
  249        -835.117   -1187.989           0.000       0.000             249               0
  100         -30.268     548.799           0.000       0.000             100               0
   34         384.902     312.692           0.000       0.000              34               0
  198        1500.810     598.553           0.000       0.000             198               0
  118        -580.430    1061.841           0.000       0.000             118               0
  238        -703.968     322.728           0.000       0.000             238               0
  143         176.945     266.340           0.000       0.000             143               0
  121        -247.466     341.708           0.000       0.000             121               0
  142         -33.774    1395.186           0.000       0.000             142               0
   99         -32.230     834.062           0.000       0.000              99               0
    8         129.979     148.458           0.000       0.000               8               0
  216       -1223.016    -898.462           0.000       0.000             216               0
   53        -300.801     874.843           0.000       0.000              53               0
  231         562.273   -2607.036           0.000       0.000             231               0
  119          15.684     196.055           0.000       0.000             119               0
  216        -755.962     355.084           0.000       0.000             216               0
   30         255.343    1575.692           0.000       0.000              30               0
  182        -672.574   -1443.787           0.000       0.000             182               0
   90          82.500     576.124           0.000       0.000              90               0
    2       -1108.296   -1034.543           0.000       0.000               2               0
   17         635.495    1222.386           0.000       0.000              17               0
  166         138.578    -464.740           0.000       0.000             166               0
   54         214.751     502.059           0.000       0.000              54               0
  189         412.187    -780.745           0.000       0.000             189               0
   11        -245.796     618.472           0.000       0.000              11               0
   30        -201.033    -307.009           0.000       0.000              30               0
  195         286.447   -1827.022           0.000       0.000             195               0
  123       -1716.116    -590.544           0.000       0.000             123               0
  189       -1029.715    -627.557           0.000       0.000             189               0
  158         394.019    -150.311           0.000       0.000             158               0
  100        1321.701    -180.684           0.000       0.000             100               0
  182        -161.175    -638.619           0.000       0.000             182               0
    2        -773.529     957.733           0.000       0.000               2               0
  134        -228.518     693.807           0.000       0.000             134               0
  124        1634.385     913.105           0.000       0.000             124               0
  120        1270.676    -495.984           0.000       0.000             120               0
  117         198.136    -237.516           0.000       0.000             117               0
   12       -1526.866    -313.692           0.000       0.000              12               0
  242          62.308    -988.726           0.000       0.000             242               0
    4        -263.140    1192.794           0.000       0.000               4               0
  111         249.177      88.124           0.000       0.000             111               0
  250        1395.767    1562.465           0.000       0.000             250               0
  220         833.694    1151.015           0.000       0.000             220               0
  165         796.258     865.105           0.000       0.000             165               0
  226         580.709     569.048           0.000       0.000             226               0
   84         475.646     486.642           0.000       0.000              84               0
