SINAL     NFT                         FFT                         NFT INVERSA     FFT INVERSA
-----     -----------------------     -----------------------     -----------     -----------
  149       32318.000       0.000           0.000       0.000             149               0
   35        1075.317     270.292           0.000       0.000              35               0
  215          78.005     421.068           0.000       0.000             215               0
  112         395.773     -85.037           0.000       0.000             112               0
  242        1391.106     318.542           0.000       0.000             242               0
   46        -848.057     330.023           0.000       0.000              46               0
  238        -559.988    -766.989           0.000       0.000             238               0
  177          42.203    -643.377           0.000       0.000             177               0
  187        -539.947      -9.975           0.000       0.000             187               0
  187         820.839   -1246.139           0.000       0.000             187               0
  244         110.576    -976.292           0.000       0.000             244               0
  220       -1107.511     509.897           0.000       0.000             220               0
  104         684.401   -1008.019           0.000       0.000             104               0
   48        -828.402    -429.855           0.000       0.000              48               0
  123        -942.036     768.664           0.000       0.000             123               0
    7         433.651   -1153.387           0.000       0.000               7               0
   51        -569.379    -450.348           0.000       0.000              51               0
  112         168.450   -1425.073           0.000       0.000             112               0
  201         202.905    -513.843           0.000       0.000             201               0
  252         652.444     242.890           0.000       0.000             252               0
  171       -1327.113       4.277           0.000       0.000             171               0
  195       -1728.844    1286.121           0.000       0.000             195               0
   74         596.263    1010.119           0.000       0.000              74               0
   98         729.031    -665.927           0.000       0.000              98               0
   16         472.309    2443.491           0.000       0.000              16               0
    3         452.634     495.632           0.000       0.000               3               0
  137        2294.387      72.410           0.000       0.000             137               0
  132          -5.615     584.158           0.000       0.000             132               0
  141         414.268    -158.234           0.000       0.000             141               0
  115         632.334    -661.074           0.000       0.000             115               0
  255         -25.340      50.390           0.000       0.000             255               0
   34        -169.189     201.955           0.000       0.000              34               0
  151       -1095.199    -110.186           0.000       0.000             151               0
  215       -1152.338     450.593           0.000       0.000             215               0
  146        -930.254    -147.748           0.000       0.000             146               0
  137        -715.695    -336.776           0.000       0.000             137               0
    6        -852.726     258.858           0.000       0.000               6               0
  129        -195.850    1984.064           0.000       0.000             129               0
   58         854.032   -1091.362           0.000       0.000              58               0
  193        -802.039    -302.868           0.000       0.000             193               0
   61         -95.599     870.592           0.000       0.000              61               0
   47        -439.547    -888.893           0.000       0.000              47               0
  157        -430.450     977.815           0.000       0.000             157               0
  165        -471.843     -31.902           0.000       0.000             165               0
   95       -1612.502    -191.355           0.000       0.000              95               0
   25         148.345   -1200.573           0.000       0.000              25               0
  173         184.117    1005.237           0.000       0.000             173               0
  146        -591.079    -644.024           0.000       0.000             146               0
  137         679.848    -132.285           0.000       0.000             137               0
  118        -545.669    -518.383           0.000       0.000             118               0
  143       -1152.567    -386.026           0.000       0.000             143               0
   53          20.248     545.566           0.000       0.000              53               0
   58       -1152.548    -447.809           0.000       0.000              58               0
  218         972.762    -924.935           0.000       0.000             218               0
  151        1079.045    -585.863           0.000       0.000             151               0
   74        1398.377    1029.242           0.000       0.000              74               0
  221       -1539.170   -1628.561           0.000       0.000             221               0
   32         215.674    1427.767           0.000       0.000              32               0
  206        -679.512    -228.820           0.000       0.000             206               0
  106         788.515    -538.007           0.000       0.000             106               0
  148         -85.211     480.341           0.000       0.000             148               0
  206         196.033     636.746           0.000       0.000             206               0
  141        -822.077    -664.577           0.000       0.000             141               0
   43       -1035.438     259.715           0.000       0.000              43               0
  165       -1320.954    -521.048           0.000       0.000             165               0
   32         152.199    1010.462           0.000       0.000              32               0
  181        -538.504     791.894           0.000       0.000             181               0
  171        -595.717    -183.856           0.000       0.000             171               0
  162         709.274    -739.306           0.000       0.000             162               0
  240         444.938     -19.655           0.000       0.000             240               0
  109        -789.562    -284.651           0.000       0.000             109               0
  223         502.238    -145.267           0.000       0.000             223               0
   31        1105.879   -1055.261           0.000       0.000              31               0
   11         917.504    -793.847           0.000       0.000              11               0
  133          19.830    -877.847           0.000       0.000             133               0
  126        1402.668    1080.010           0.000       0.000             126               0
   36         924.696    -219.550           0.000       0.000              36               0
   50        1325.783    1509.223           0.000       0.000              50               0
   17        1204.510    -197.412           0.000       0.000              17               0
  174          41.011      56.789           0.000       0.000             174               0
  169        -461.965     -65.382           0.000       0.000             169               0
  160          96.057    -249.685           0.000       0.000             160               0
  227       -1192.042     889.182           0.000       0.000             227               0
  227         632.071     230.232           0.000       0.000             227               0
  122        -330.250     -69.976           0.000       0.000             122               0
  123        -102.512    -649.189           0.000       0.000             123               0
   46        1578.704    1680.042           0.000       0.000              46               0
   88       -1096.477     246.053           0.000       0.000              88               0
  156         174.730    -757.720           0.000       0.000             156               0
  253         114.144     -79.523           0.000       0.000             253               0
  195        -790.006    -681.950           0.000       0.000             195               0
   49        1784.442    1086.703           0.000       0.000              49               0
  203       -1821.517    1589.805           0.000       0.000             203               0
   80           2.324   -1093.779           0.000       0.000              80               0
   93        -759.321    -795.673           0.000       0.000              93               0
  113         -65.043    -286.971           0.000       0.000             113               0
  113         671.174     535.865           0.000       0.000             113               0
   18        1184.849   -1275.419           0.000       0.000              18               0
   29        -202.477    -492.234           0.000       0.000              29               0
   19        -621.598     575.055           0.000       0.000              19               0
    2        -354.002     911.503           0.000       0.000               2               0
  139        1285.063   -1347.166           0.000       0.000             139               0
  242        -583.618    1282.145           0.000       0.000             242               0
   34        -426.108     158.549           0.000       0.000              34               0
  150         301.832     933.186           0.000       0.000             150               0
  119        -871.164     620.279           0.000       0.000             119               0
  160        -421.845    -390.190           0.000       0.000             160               0
  186       -1201.188     219.658           0.000       0.000             186               0
  170        -277.725     842.267           0.000       0.000             170               0
  178           1.773    -150.956           0.000       0.000             178               0
  104         457.178     116.506           0.000       0.000             104               0
   84        2319.504    -664.817           0.000       0.000              84               0
   83        1163.432      28.695           0.000       0.000              83               0
   76        -246.030    -718.231           0.000       0.000              76               0
   55         763.856     654.752           0.000       0.000              55               0
  205        -210.469    1469.670           0.000       0.000             205               0
  200         375.925     911.664           0.000       0.000             200               0
  102        -529.154    1516.330           0.000       0.000             102               0
   38         -80.850     251.152           0.000       0.000              38               0
  100         778.113     642.138           0.000       0.000             100               0
   99         520.033    -510.777           0.000       0.000              99               0
  233         219.970    -448.913           0.000       0.000             233               0
  149         242.862    1161.672           0.000       0.000             149               0
   47        1923.724    1458.125           0.000       0.000              47               0
   57        -702.297     340.262           0.000       0.000              57               0
  242         504.697     325.984           0.000       0.000             242               0
  161        -877.923      -0.033           0.000       0.000             161               0
  170        1042.663    -131.794           0.000       0.000             170               0
    5         716.000      -0.001           0.000       0.000               5               0
  191        1042.559     131.831           0.000       0.000             191               0
  190        -877.967      -0.277           0.000       0.000             190               0
    8         504.770    -326.067           0.000       0.000               8               0
   74        -702.160    -340.557           0.000       0.000              74               0
  176        1924.010   -1457.921           0.000       0.000             176               0
   42         242.987   -1161.612           0.000       0.000              42               0
  224         219.872     448.965           0.000       0.000             224               0
   40         519.930     510.752           0.000       0.000              40               0
  203         778.149    -642.146           0.000       0.000             203               0
  154         -80.901    -251.303           0.000       0.000             154               0
  211        -528.914   -1516.516           0.000       0.000             211               0
  126         376.090    -911.624           0.000       0.000             126               0
    3        -210.197   -1469.658           0.000       0.000               3               0
   39         763.985    -654.485           0.000       0.000              39               0
  209        -246.108     718.272           0.000       0.000             209               0
   80        1163.515     -28.481           0.000       0.000              80               0
   95        2319.293     665.183           0.000       0.000              95               0
  158         456.975    -116.492           0.000       0.000             158               0
   24           1.553     150.879           0.000       0.000              24               0
  197        -277.763    -842.363           0.000       0.000             197               0
  197       -1201.250    -219.851           0.000       0.000             197               0
  124        -421.941     390.070           0.000       0.000             124               0
   40        -871.043    -620.506           0.000       0.000              40               0
  174         302.007    -933.141           0.000       0.000             174               0
   18        -426.091    -158.610           0.000       0.000              18               0
   88        -583.330   -1282.158           0.000       0.000              88               0
  232        1284.849    1347.422           0.000       0.000             232               0
    5        -353.921    -911.593           0.000       0.000               5               0
  249        -621.488    -575.068           0.000       0.000             249               0
  147        -202.469     492.306           0.000       0.000             147               0
   10        1184.671    1275.597           0.000       0.000              10               0
  185         671.180    -535.796           0.000       0.000             185               0
   81         -65.204     286.985           0.000       0.000              81               0
   19        -759.506     795.520           0.000       0.000              19               0
    3           2.104    1093.611           0.000       0.000               3               0
    2       -1821.165   -1590.252           0.000       0.000               2               0
   62        1784.689   -1086.348           0.000       0.000              62               0
  227        -790.153     681.871           0.000       0.000             227               0
   43         114.167      79.530           0.000       0.000              43               0
    9         174.597     757.679           0.000       0.000               9               0
  126       -1096.352    -246.373           0.000       0.000             126               0
  254        1579.043   -1679.777           0.000       0.000             254               0
  136        -102.674     649.224           0.000       0.000             136               0
  130        -330.249      69.877           0.000       0.000             130               0
   37         632.086    -230.181           0.000       0.000              37               0
   89       -1191.884    -889.369           0.000       0.000              89               0
  210          96.100     249.739           0.000       0.000             210               0
  132        -461.873      65.294           0.000       0.000             132               0
  248          41.193     -56.801           0.000       0.000             248               0
  235        1204.622     197.548           0.000       0.000             235               0
   74        1326.082   -1508.996           0.000       0.000              74               0
  189         924.659     219.768           0.000       0.000             189               0
  104        1402.782   -1079.669           0.000       0.000             104               0
  115          19.615     877.992           0.000       0.000             115               0
  107         917.338     794.050           0.000       0.000             107               0
  122        1105.591    1055.414           0.000       0.000             122               0
  203         502.035     145.286           0.000       0.000             203               0
   83        -789.716     284.471           0.000       0.000              83               0
  128         444.886      19.696           0.000       0.000             128               0
  197         709.010     739.361           0.000       0.000             197               0
  230        -595.902     183.623           0.000       0.000             230               0
  138        -538.452    -792.085           0.000       0.000             138               0
  126         152.256   -1010.414           0.000       0.000             126               0
   55       -1321.137     520.857           0.000       0.000              55               0
  158       -1035.382    -259.890           0.000       0.000             158               0
  129        -822.105     664.402           0.000       0.000             129               0
   58         196.219    -636.767           0.000       0.000              58               0
  220         -85.078    -480.320           0.000       0.000             220               0
  101         788.413     538.160           0.000       0.000             101               0
  101        -679.575     228.646           0.000       0.000             101               0
  230         215.904   -1427.679           0.000       0.000             230               0
  227       -1539.349    1628.336           0.000       0.000             227               0
   99        1398.680   -1029.017           0.000       0.000              99               0
  110        1078.916     586.119           0.000       0.000             110               0
  102         972.452     925.084           0.000       0.000             102               0
  137       -1152.747     447.532           0.000       0.000             137               0
  199          20.277    -545.598           0.000       0.000             199               0
   57       -1152.663     385.843           0.000       0.000              57               0
   14        -545.690     518.256           0.000       0.000              14               0
  191         679.834     132.351           0.000       0.000             191               0
   36        -591.212     643.837           0.000       0.000              36               0
   88         184.275   -1005.233           0.000       0.000              88               0
  124         148.050    1200.584           0.000       0.000             124               0
  140       -1612.570     190.973           0.000       0.000             140               0
  203        -471.789      31.704           0.000       0.000             203               0
  232        -430.238    -977.924           0.000       0.000             232               0
    7        -439.637     888.773           0.000       0.000               7               0
  151         -95.409    -870.669           0.000       0.000             151               0
   59        -802.005     302.732           0.000       0.000              59               0
  135         853.898    1091.356           0.000       0.000             135               0
   92        -195.568   -1984.200           0.000       0.000              92               0
   34        -852.698    -258.946           0.000       0.000              34               0
   17        -715.723     336.663           0.000       0.000              17               0
  219        -930.224     147.541           0.000       0.000             219               0
   90       -1152.150    -450.819           0.000       0.000              90               0
  176       -1095.018     109.985           0.000       0.000             176               0
   92        -168.921    -202.007           0.000       0.000              92               0
  148         -25.105     -50.393           0.000       0.000             148               0
  140         632.417     661.135           0.000       0.000             140               0
  194         414.390     158.186           0.000       0.000             194               0
  249          -5.313    -584.255           0.000       0.000             249               0
  114        2294.511     -72.113           0.000       0.000             114               0
  166         452.702    -495.690           0.000       0.000             166               0
   93         472.732   -2443.389           0.000       0.000              93               0
  224         728.900     666.117           0.000       0.000             224               0
   12         596.316   -1010.032           0.000       0.000              12               0
  230       -1728.680   -1286.300           0.000       0.000             230               0
  168       -1326.950      -4.345           0.000       0.000             168               0
   69         652.657    -242.630           0.000       0.000              69               0
  245         202.905     514.042           0.000       0.000             245               0
  103         168.270    1425.168           0.000       0.000             103               0
  106        -569.364     450.255           0.000       0.000             106               0
   77         433.536    1153.402           0.000       0.000              77               0
  228        -941.827    -768.854           0.000       0.000             228               0
  246        -828.272     429.772           0.000       0.000             246               0
   25         684.404    1008.108           0.000       0.000              25               0
  204       -1107.240    -510.083           0.000       0.000             204               0
  253         110.692     976.352           0.000       0.000             253               0
  176         820.835    1246.205           0.000       0.000             176               0
    8        -539.744       9.795           0.000       0.000               8               0
  132          42.362     643.318           0.000       0.000             132               0
   12        -559.796     766.758           0.000       0.000              12               0
   42        -847.507    -330.309           0.000       0.000              42               0
  150        1391.713    -318.390           0.000       0.000             150               0
  232         396.347      85.027           0.000       0.000             232               0
  133          78.987    -421.123           0.000       0.000             133               0
   70        1077.101    -270.138           0.000       0.000              70               0
