SINAL     NFT                         FFT                         NFT INVERSA     FFT INVERSA
-----     -----------------------     -----------------------     -----------     -----------
  153       34934.000       0.000           0.000       0.000             153               0
    4        -625.613     301.139           0.000       0.000               4               0
  113        -517.407     701.633           0.000       0.000             113               0
  174        -500.120    -777.155           0.000       0.000             174               0
    5       -1243.359     327.310           0.000       0.000               5               0
  131         570.429    -704.159           0.000       0.000             131               0
   97        -696.168    -681.840           0.000       0.000              97               0
  103         -32.424     709.989           0.000       0.000             103               0
  175        -218.722     -73.879           0.000       0.000             175               0
  161        -405.885    1870.805           0.000       0.000             161               0
    5        1229.248     483.437           0.000       0.000               5               0
  137         148.112    -918.582           0.000       0.000             137               0
  120       -1384.013     -43.660           0.000       0.000             120               0
  134        -791.325     445.956           0.000       0.000             134               0
  201        -409.397     360.667           0.000       0.000             201               0
   15        1212.986     285.527           0.000       0.000              15               0
  253       -1154.562    -502.289           0.000       0.000             253               0
   86        1261.985   -1262.702           0.000       0.000              86               0
  172        1240.643     561.080           0.000       0.000             172               0
  212        -952.353    -197.263           0.000       0.000             212               0
  179          75.269    -533.574           0.000       0.000             179               0
    0         -88.190     252.676           0.000       0.000               0               0
  116         415.984    -468.761           0.000       0.000             116               0
  244        1265.282     943.133           0.000       0.000             244               0
  176          68.195    1245.413           0.000       0.000             176               0
   72         -15.375    1586.197           0.000       0.000              72               0
   48        -538.318    -409.084           0.000       0.000              48               0
  255        -801.070     373.609           0.000       0.000             255               0
   90          -2.224      46.616           0.000       0.000              90               0
  179        -359.697     150.890           0.000       0.000             179               0
  152        -272.744    -112.703           0.000       0.000             152               0
  243        1075.547    1280.205           0.000       0.000             243               0
  183        -338.992    -861.714           0.000       0.000             183               0
    9       -2020.682    -629.286           0.000       0.000               9               0
  162        2046.795    -217.669           0.000       0.000             162               0
  189         544.541    -258.617           0.000       0.000             189               0
  141         364.439     396.814           0.000       0.000             141               0
    3        -112.624     162.391           0.000       0.000               3               0
   36         354.049     869.766           0.000       0.000              36               0
   60        -347.840    -733.956           0.000       0.000              60               0
  164        -677.238     606.517           0.000       0.000             164               0
   42         243.313    -665.396           0.000       0.000              42               0
  197          28.720    1583.583           0.000       0.000             197               0
   29        1073.417    -448.022           0.000       0.000              29               0
  177         428.277    -566.027           0.000       0.000             177               0
  142         290.444     119.474           0.000       0.000             142               0
   45       -1201.598    -316.079           0.000       0.000              45               0
  175        -773.790    -226.097           0.000       0.000             175               0
  229        -291.426      38.809           0.000       0.000             229               0
  218        -145.248     -30.283           0.000       0.000             218               0
  131        -307.076    1079.943           0.000       0.000             131               0
  152        -866.951    1171.924           0.000       0.000             152               0
  219        -616.114     334.020           0.000       0.000             219               0
  248        -986.387     391.444           0.000       0.000             248               0
  140        -480.294    -100.574           0.000       0.000             140               0
  139         504.846    -470.407           0.000       0.000             139               0
   64       -1842.675     -89.686           0.000       0.000              64               0
  188        1128.459    1070.326           0.000       0.000             188               0
  139         702.266   -1001.496           0.000       0.000             139               0
  155         904.679   -1080.827           0.000       0.000             155               0
  112       -1783.955   -1601.989           0.000       0.000             112               0
   36         445.556      68.780           0.000       0.000              36               0
  142         138.365    1620.007           0.000       0.000             142               0
   39        1079.127    -222.363           0.000       0.000              39               0
   46       -1418.068    2105.933           0.000       0.000              46               0
   48        1976.942     155.510           0.000       0.000              48               0
  228        1230.640    -659.382           0.000       0.000             228               0
  187         254.248   -1011.170           0.000       0.000             187               0
   52         515.901    1653.897           0.000       0.000              52               0
    9        -129.953   -1064.862           0.000       0.000               9               0
  247        -676.617    -744.151           0.000       0.000             247               0
  216        -972.306     316.933           0.000       0.000             216               0
   51         138.395     671.010           0.000       0.000              51               0
  188       -1165.167    1743.416           0.000       0.000             188               0
  246         281.646    -527.982           0.000       0.000             246               0
  228          21.085    -505.253           0.000       0.000             228               0
   75         812.139    1538.125           0.000       0.000              75               0
   35          -0.267     440.374           0.000       0.000              35               0
  147         186.853     405.487           0.000       0.000             147               0
   48        -623.575    1437.048           0.000       0.000              48               0
  253         -73.315     491.252           0.000       0.000             253               0
   23        -304.215    -963.696           0.000       0.000              23               0
  201       -1096.207    -679.926           0.000       0.000             201               0
  217         844.142      66.079           0.000       0.000             217               0
   15        -211.531     190.213           0.000       0.000              15               0
   86        -447.657     281.422           0.000       0.000              86               0
  100         790.195     808.352           0.000       0.000             100               0
   80        -273.319     283.917           0.000       0.000              80               0
   19         -78.218      14.148           0.000       0.000              19               0
  240         290.432     340.269           0.000       0.000             240               0
  236         -13.978     977.431           0.000       0.000             236               0
  131         125.943   -1302.600           0.000       0.000             131               0
   20        1279.200    -322.860           0.000       0.000              20               0
  123        1713.898    -221.626           0.000       0.000             123               0
  171         525.834     320.105           0.000       0.000             171               0
   66         948.038     384.116           0.000       0.000              66               0
  172        1012.981     -71.658           0.000       0.000             172               0
  144        1158.008    -218.324           0.000       0.000             144               0
  253         124.259     608.004           0.000       0.000             253               0
  224         795.491   -1180.453           0.000       0.000             224               0
  153       -1080.819    -893.508           0.000       0.000             153               0
  245        -348.945     133.282           0.000       0.000             245               0
  185         251.588    1681.889           0.000       0.000             185               0
  205        -536.353    -818.660           0.000       0.000             205               0
  177        1201.308     900.647           0.000       0.000             177               0
  175       -1443.256      73.714           0.000       0.000             175               0
  178        -125.614    -793.124           0.000       0.000             178               0
  253         -38.201    -885.529           0.000       0.000             253               0
  211          22.630     922.619           0.000       0.000             211               0
   70        1267.654    -645.702           0.000       0.000              70               0
   46        -108.584    -600.449           0.000       0.000              46               0
  209        1696.071    1690.282           0.000       0.000             209               0
   93         255.186     858.199           0.000       0.000              93               0
  247         966.099    -902.086           0.000       0.000             247               0
  170         192.771    1133.978           0.000       0.000             170               0
  109        1328.509     471.133           0.000       0.000             109               0
   78         269.822   -1629.432           0.000       0.000              78               0
   15          58.311     345.309           0.000       0.000              15               0
  190       -1607.558    -768.993           0.000       0.000             190               0
   97       -1608.468     901.998           0.000       0.000              97               0
  255       -1415.090    -369.899           0.000       0.000             255               0
  170         402.462    -220.294           0.000       0.000             170               0
  228         575.267    -573.804           0.000       0.000             228               0
   20        -466.921     562.690           0.000       0.000              20               0
   38        -677.733     -15.011           0.000       0.000              38               0
  143         114.134    -854.137           0.000       0.000             143               0
   87         776.122     282.009           0.000       0.000              87               0
  210         281.601    1901.143           0.000       0.000             210               0
   31       -1334.000      -0.224           0.000       0.000              31               0
   84         282.005   -1901.171           0.000       0.000              84               0
  178         776.162    -281.799           0.000       0.000             178               0
  185         113.912     854.162           0.000       0.000             185               0
   74        -677.778      14.828           0.000       0.000              74               0
  108        -466.791    -562.776           0.000       0.000             108               0
  134         575.178     573.903           0.000       0.000             134               0
  252         402.309     220.313           0.000       0.000             252               0
   28       -1415.255     369.576           0.000       0.000              28               0
   57       -1608.280    -902.295           0.000       0.000              57               0
  249       -1607.497     768.716           0.000       0.000             249               0
  239          58.615    -345.315           0.000       0.000             239               0
  127         269.763    1629.385           0.000       0.000             127               0
   39        1328.714    -471.098           0.000       0.000              39               0
  193         193.038   -1133.994           0.000       0.000             193               0
  221         966.018     902.180           0.000       0.000             221               0
   31         255.398    -858.292           0.000       0.000              31               0
  108        1696.356   -1689.961           0.000       0.000             108               0
   75        -108.717     600.522           0.000       0.000              75               0
  109        1267.503     645.874           0.000       0.000             109               0
  123          22.684    -922.615           0.000       0.000             123               0
    9         -38.416     885.555           0.000       0.000               9               0
  206        -125.815     793.016           0.000       0.000             206               0
  123       -1443.189     -74.088           0.000       0.000             123               0
  180        1201.517    -900.492           0.000       0.000             180               0
  179        -536.496     818.496           0.000       0.000             179               0
  143         251.892   -1681.889           0.000       0.000             143               0
  218        -348.915    -133.238           0.000       0.000             218               0
   67       -1080.844     893.375           0.000       0.000              67               0
  230         795.451    1180.491           0.000       0.000             230               0
  173         124.489    -608.088           0.000       0.000             173               0
   99        1158.087     218.467           0.000       0.000              99               0
   59        1013.016      71.745           0.000       0.000              59               0
   95         948.113    -384.023           0.000       0.000              95               0
   28         525.916    -320.030           0.000       0.000              28               0
  133        1713.845     221.910           0.000       0.000             133               0
  204        1279.006     323.053           0.000       0.000             204               0
  163         125.571    1302.483           0.000       0.000             163               0
  129         -13.909    -977.593           0.000       0.000             129               0
  232         290.404    -340.281           0.000       0.000             232               0
  220         -78.299     -14.233           0.000       0.000             220               0
  123        -273.303    -284.056           0.000       0.000             123               0
  216         790.266    -808.268           0.000       0.000             216               0
   92        -447.698    -281.501           0.000       0.000              92               0
  162        -211.518    -190.250           0.000       0.000             162               0
  153         844.065     -65.925           0.000       0.000             153               0
   57       -1096.409     679.722           0.000       0.000              57               0
  194        -304.372     963.497           0.000       0.000             194               0
    6         -73.243    -491.472           0.000       0.000               6               0
  132        -623.312   -1437.251           0.000       0.000             132               0
   48         186.967    -405.484           0.000       0.000              48               0
  129          -0.157    -440.436           0.000       0.000             129               0
  142         812.385   -1537.960           0.000       0.000             142               0
  254          20.940     505.316           0.000       0.000             254               0
  253         281.469     527.931           0.000       0.000             253               0
   67       -1164.915   -1743.666           0.000       0.000              67               0
  178         138.506    -670.906           0.000       0.000             178               0
  141        -972.248    -316.985           0.000       0.000             141               0
   30        -676.645     744.109           0.000       0.000              30               0
  245        -129.993    1064.755           0.000       0.000             245               0
  115         516.291   -1653.830           0.000       0.000             115               0
  203         254.184    1011.262           0.000       0.000             203               0
   88        1230.606     659.488           0.000       0.000              88               0
  175        1976.853    -155.348           0.000       0.000             175               0
   43       -1417.797   -2106.201           0.000       0.000              43               0
  117        1079.093     222.581           0.000       0.000             117               0
   53         138.560   -1619.910           0.000       0.000              53               0
  247         445.451     -68.500           0.000       0.000             247               0
   25       -1784.225    1601.796           0.000       0.000              25               0
  183         904.581    1080.937           0.000       0.000             183               0
  223         702.068    1001.465           0.000       0.000             223               0
  246        1128.472   -1070.244           0.000       0.000             246               0
   50       -1842.795      89.370           0.000       0.000              50               0
  184         504.744     470.432           0.000       0.000             184               0
   82        -480.406     100.382           0.000       0.000              82               0
  213        -986.361    -391.716           0.000       0.000             213               0
   82        -616.052    -334.224           0.000       0.000              82               0
  140        -866.712   -1172.125           0.000       0.000             140               0
  151        -306.826   -1079.939           0.000       0.000             151               0
   88        -145.210      30.337           0.000       0.000              88               0
   17        -291.400     -38.811           0.000       0.000              17               0
  199        -773.790     225.998           0.000       0.000             199               0
  218       -1201.506     315.869           0.000       0.000             218               0
  159         290.652    -119.431           0.000       0.000             159               0
  198         428.318     566.074           0.000       0.000             198               0
  215        1073.390     448.082           0.000       0.000             215               0
  227          28.981   -1583.611           0.000       0.000             227               0
  121         243.193     665.455           0.000       0.000             121               0
  100        -677.116    -606.642           0.000       0.000             100               0
    1        -347.865     733.861           0.000       0.000               1               0
  110         354.284    -869.758           0.000       0.000             110               0
  216        -112.515    -162.399           0.000       0.000             216               0
  204         364.603    -396.722           0.000       0.000             204               0
  199         544.583     258.746           0.000       0.000             199               0
  135        2046.662     218.026           0.000       0.000             135               0
  248       -2020.869     628.927           0.000       0.000             248               0
   61        -339.007     861.525           0.000       0.000              61               0
  189        1075.808   -1280.120           0.000       0.000             189               0
  239        -272.787     112.643           0.000       0.000             239               0
   86        -359.645    -150.996           0.000       0.000              86               0
  116          -2.191     -46.672           0.000       0.000             116               0
  207        -800.956    -373.792           0.000       0.000             207               0
   76        -538.256     408.883           0.000       0.000              76               0
  166         -14.955   -1586.298           0.000       0.000             166               0
  136          68.573   -1245.363           0.000       0.000             136               0
  159        1265.543    -942.793           0.000       0.000             159               0
  123         415.917     468.936           0.000       0.000             123               0
  218         -88.118    -252.623           0.000       0.000             218               0
   43          75.222     533.638           0.000       0.000              43               0
   19        -952.247     197.100           0.000       0.000              19               0
   50        1240.896    -560.814           0.000       0.000              50               0
   60        1261.757    1262.947           0.000       0.000              60               0
  219       -1154.614     502.008           0.000       0.000             219               0
   12        1213.088    -285.409           0.000       0.000              12               0
  220        -409.364    -360.776           0.000       0.000             220               0
  162        -791.208    -446.084           0.000       0.000             162               0
  228       -1383.840      43.459           0.000       0.000             228               0
  191         148.224     918.542           0.000       0.000             191               0
   27        1229.479    -483.372           0.000       0.000              27               0
   72        -405.469   -1870.864           0.000       0.000              72               0
  192        -218.556      73.930           0.000       0.000             192               0
  138         -32.107    -709.900           0.000       0.000             138               0
   33        -696.010     681.822           0.000       0.000              33               0
  141         570.606     704.247           0.000       0.000             141               0
   82       -1242.924    -327.524           0.000       0.000              82               0
  169        -499.638     777.040           0.000       0.000             169               0
  133        -516.368    -701.764           0.000       0.000             133               0
  143        -623.685    -301.211           0.000       0.000             143               0
