SINAL     NFT                         FFT                         NFT INVERSA     FFT INVERSA
-----     -----------------------     -----------------------     -----------     -----------
  157       33747.000       0.000           0.000       0.000             157               0
  115        1330.482    -171.493           0.000       0.000             115               0
   80         747.331     629.506           0.000       0.000              80               0
  242         785.285     897.889           0.000       0.000             242               0
  145        -725.640   -1462.739           0.000       0.000             145               0
   82         307.762    2247.958           0.000       0.000              82               0
   58         -22.454     784.045           0.000       0.000              58               0
   61         417.817     620.158           0.000       0.000              61               0
  104        -182.794      58.314           0.000       0.000             104               0
  114          81.192     449.743           0.000       0.000             114               0
   47         235.742     159.745           0.000       0.000              47               0
   97          22.384    2438.852           0.000       0.000              97               0
  251        -485.628    -101.024           0.000       0.000             251               0
  199        -213.973     878.660           0.000       0.000             199               0
  147        -835.671    -921.893           0.000       0.000             147               0
  164         728.721     398.158           0.000       0.000             164               0
  122        -410.653    -539.559           0.000       0.000             122               0
  164         988.452    1697.968           0.000       0.000             164               0
   54        1824.090     353.357           0.000       0.000              54               0
   80        -830.230    -508.798           0.000       0.000              80               0
  226         351.720    -138.441           0.000       0.000             226               0
  116        1131.932    -507.108           0.000       0.000             116               0
  126         266.153     568.383           0.000       0.000             126               0
  237       -1183.039     735.543           0.000       0.000             237               0
    1        -570.530    -619.012           0.000       0.000               1               0
   92         732.969   -1379.177           0.000       0.000              92               0
  227         792.600      61.953           0.000       0.000             227               0
  194        -170.393    -594.111           0.000       0.000             194               0
  183        -170.219    1235.145           0.000       0.000             183               0
   85        -990.201    -171.733           0.000       0.000              85               0
  162       -1584.424    1045.776           0.000       0.000             162               0
   84       -1351.890     135.132           0.000       0.000              84               0
  201          65.238   -1660.363           0.000       0.000             201               0
  242        -275.499      11.034           0.000       0.000             242               0
   71        -716.017     948.593           0.000       0.000              71               0
   90        -233.956     -10.943           0.000       0.000              90               0
   68        -193.183    -151.503           0.000       0.000              68               0
  130       -1074.789   -1002.677           0.000       0.000             130               0
  151         934.699     830.469           0.000       0.000             151               0
  173        1605.358    -523.397           0.000       0.000             173               0
  245         589.163    -209.585           0.000       0.000             245               0
  198        -761.317    -473.133           0.000       0.000             198               0
   15        -371.883     316.049           0.000       0.000              15               0
  240       -1465.940    -211.495           0.000       0.000             240               0
  142        -456.880      68.778           0.000       0.000             142               0
  162        -639.892    -223.271           0.000       0.000             162               0
  148        1140.729    1367.035           0.000       0.000             148               0
    9         883.850    -366.435           0.000       0.000               9               0
   71        -299.876    -724.944           0.000       0.000              71               0
  202         335.894    -121.786           0.000       0.000             202               0
   89          51.625    1122.240           0.000       0.000              89               0
   41       -1248.440     277.442           0.000       0.000              41               0
   63        -810.046     355.083           0.000       0.000              63               0
  216        -235.844     -84.646           0.000       0.000             216               0
   22         -31.960     509.787           0.000       0.000              22               0
   65        -791.966     540.155           0.000       0.000              65               0
   52         256.214     948.438           0.000       0.000              52               0
  250       -1784.520     869.768           0.000       0.000             250               0
    3        2664.116    -930.909           0.000       0.000               3               0
  236        -634.029      59.831           0.000       0.000             236               0
   80          68.082     126.525           0.000       0.000              80               0
  165         369.330     980.159           0.000       0.000             165               0
   64       -1319.705    1350.906           0.000       0.000              64               0
   25        1583.791    -183.810           0.000       0.000              25               0
  152       -1002.960   -1032.079           0.000       0.000             152               0
  136          99.389    -417.229           0.000       0.000             136               0
  116         688.398   -1651.945           0.000       0.000             116               0
  221        1231.116     733.894           0.000       0.000             221               0
   10         253.102    1358.119           0.000       0.000              10               0
   12        -129.764   -1482.285           0.000       0.000              12               0
  138         658.681   -1074.030           0.000       0.000             138               0
  255       -1208.043     801.006           0.000       0.000             255               0
  211         363.055     810.258           0.000       0.000             211               0
  153        -872.835   -2685.045           0.000       0.000             153               0
  240         241.758    1003.721           0.000       0.000             240               0
   97        -501.186    -181.005           0.000       0.000              97               0
   60         988.323    2284.228           0.000       0.000              60               0
  132         664.633     156.893           0.000       0.000             132               0
  107         487.582     -23.160           0.000       0.000             107               0
  131        -159.635    -200.943           0.000       0.000             131               0
   79         398.986    -753.350           0.000       0.000              79               0
  197        -437.216    -481.251           0.000       0.000             197               0
  172        -436.084     842.596           0.000       0.000             172               0
  143         549.551    -718.107           0.000       0.000             143               0
  157          57.776    -381.407           0.000       0.000             157               0
  195         116.343     519.278           0.000       0.000             195               0
  208        -424.921     990.008           0.000       0.000             208               0
  210        -631.520     534.420           0.000       0.000             210               0
  190         455.700   -1048.437           0.000       0.000             190               0
  212        1532.540   -1205.023           0.000       0.000             212               0
  190         697.954     529.340           0.000       0.000             190               0
   14        -152.687    -716.599           0.000       0.000              14               0
  122         369.524    -984.417           0.000       0.000             122               0
  254       -1254.471      -9.678           0.000       0.000             254               0
   39         387.416    -814.093           0.000       0.000              39               0
   19         294.674    -884.931           0.000       0.000              19               0
  135         104.821    -520.347           0.000       0.000             135               0
  155        -398.007   -1500.467           0.000       0.000             155               0
  240        -335.935     156.887           0.000       0.000             240               0
  145         767.069    1105.527           0.000       0.000             145               0
  167        1694.587    1390.226           0.000       0.000             167               0
  123        -571.898    -219.860           0.000       0.000             123               0
  145        1066.215    -144.069           0.000       0.000             145               0
  122          59.919     320.441           0.000       0.000             122               0
   21        -424.009    -743.520           0.000       0.000              21               0
  129         422.096   -1292.601           0.000       0.000             129               0
  220       -1162.952    1224.995           0.000       0.000             220               0
   81         350.901    -130.014           0.000       0.000              81               0
    6          71.244    -274.353           0.000       0.000               6               0
   72        -690.935    -859.770           0.000       0.000              72               0
  213         699.541    -327.675           0.000       0.000             213               0
   86         634.081     745.380           0.000       0.000              86               0
   13         215.546     -35.974           0.000       0.000              13               0
  129         376.643    -134.081           0.000       0.000             129               0
  230        -985.797    -100.738           0.000       0.000             230               0
  170       -1150.333    -380.164           0.000       0.000             170               0
   69        -202.702     577.662           0.000       0.000              69               0
  182        -707.416     -45.791           0.000       0.000             182               0
  124         212.642   -1923.160           0.000       0.000             124               0
    3         575.945     -41.881           0.000       0.000               3               0
  139          49.207     546.497           0.000       0.000             139               0
   58         582.971    -713.422           0.000       0.000              58               0
   17         771.329    -255.830           0.000       0.000              17               0
    6        -957.718     214.406           0.000       0.000               6               0
   57        -730.310    -359.905           0.000       0.000              57               0
   56         978.109     831.791           0.000       0.000              56               0
   25         379.025    -400.896           0.000       0.000              25               0
  192        -351.246   -2163.866           0.000       0.000             192               0
  212         671.000       0.177           0.000       0.000             212               0
   10        -351.613    2163.881           0.000       0.000              10               0
   82         378.987     400.859           0.000       0.000              82               0
  124         978.179    -831.646           0.000       0.000             124               0
  133        -730.458     359.814           0.000       0.000             133               0
  227        -957.624    -214.543           0.000       0.000             227               0
  247         771.363     256.007           0.000       0.000             247               0
  155         582.834     713.507           0.000       0.000             155               0
  100          49.272    -546.487           0.000       0.000             100               0
  212         575.892      42.078           0.000       0.000             212               0
  236         212.214    1923.182           0.000       0.000             236               0
  107        -707.500      45.544           0.000       0.000             107               0
   28        -202.656    -577.733           0.000       0.000              28               0
  194       -1150.407     379.967           0.000       0.000             194               0
  193        -985.703     100.541           0.000       0.000             193               0
   41         376.745     134.109           0.000       0.000              41               0
   67         215.617      35.960           0.000       0.000              67               0
  167         634.246    -745.261           0.000       0.000             167               0
  211         699.440     327.858           0.000       0.000             211               0
  137        -691.107     859.647           0.000       0.000             137               0
   94          71.229     274.301           0.000       0.000              94               0
   80         350.852     129.993           0.000       0.000              80               0
  140       -1162.719   -1225.156           0.000       0.000             140               0
  234         421.953    1292.728           0.000       0.000             234               0
  138        -424.074     743.360           0.000       0.000             138               0
  157          60.087    -320.515           0.000       0.000             157               0
  240        1066.237     144.195           0.000       0.000             240               0
  196        -571.868     219.654           0.000       0.000             196               0
  214        1694.871   -1390.001           0.000       0.000             214               0
   10         767.157   -1105.299           0.000       0.000              10               0
  132        -335.992    -156.756           0.000       0.000             132               0
  171        -398.261    1500.505           0.000       0.000             171               0
   20         104.762     520.378           0.000       0.000              20               0
  214         294.530     884.979           0.000       0.000             214               0
   40         387.224     814.102           0.000       0.000              40               0
  154       -1254.457       9.433           0.000       0.000             154               0
  186         369.446     984.445           0.000       0.000             186               0
   31        -152.726     716.461           0.000       0.000              31               0
   53         698.138    -529.276           0.000       0.000              53               0
   31        1532.318    1205.243           0.000       0.000              31               0
  243         455.396    1048.333           0.000       0.000             243               0
   34        -631.511    -534.726           0.000       0.000              34               0
  138        -424.746    -990.165           0.000       0.000             138               0
   15         116.458    -519.246           0.000       0.000              15               0
  228          57.732     381.430           0.000       0.000             228               0
   76         549.408     718.120           0.000       0.000              76               0
   57        -435.974    -842.720           0.000       0.000              57               0
   39        -437.251     481.185           0.000       0.000              39               0
  244         398.907     753.344           0.000       0.000             244               0
   13        -159.625     200.792           0.000       0.000              13               0
  176         487.635      23.107           0.000       0.000             176               0
   83         664.675    -156.954           0.000       0.000              83               0
   93         988.631   -2284.091           0.000       0.000              93               0
   61        -501.294     180.999           0.000       0.000              61               0
   61         241.874   -1003.555           0.000       0.000              61               0
  232        -873.298    2684.899           0.000       0.000             232               0
  218         363.190    -810.339           0.000       0.000             218               0
   46       -1207.861    -801.169           0.000       0.000              46               0
  172         658.589    1074.188           0.000       0.000             172               0
  177        -129.963    1482.119           0.000       0.000             177               0
   56         253.418   -1358.209           0.000       0.000              56               0
   48        1231.264    -733.614           0.000       0.000              48               0
   93         688.049    1652.080           0.000       0.000              93               0
   76          99.222     417.150           0.000       0.000              76               0
    7       -1003.120    1031.762           0.000       0.000               7               0
  133        1583.726     183.837           0.000       0.000             133               0
  230       -1319.536   -1351.295           0.000       0.000             230               0
  193         369.527    -980.128           0.000       0.000             193               0
  164          68.088    -126.514           0.000       0.000             164               0
   27        -633.946     -59.950           0.000       0.000              27               0
  224        2663.878     931.245           0.000       0.000             224               0
  152       -1784.522    -870.221           0.000       0.000             152               0
   61         256.347    -948.453           0.000       0.000              61               0
  107        -791.907    -540.299           0.000       0.000             107               0
  168         -31.878    -509.783           0.000       0.000             168               0
   34        -235.897      84.598           0.000       0.000              34               0
  183        -810.007    -355.252           0.000       0.000             183               0
  225       -1248.309    -277.685           0.000       0.000             225               0
   74          51.947   -1122.198           0.000       0.000              74               0
  172         335.946     121.933           0.000       0.000             172               0
  238        -299.914     724.902           0.000       0.000             238               0
  250         883.861     366.489           0.000       0.000             250               0
  255        1140.884   -1366.865           0.000       0.000             255               0
   76        -640.036     223.216           0.000       0.000              76               0
   56        -456.923     -68.838           0.000       0.000              56               0
   60       -1465.942     211.251           0.000       0.000              60               0
   52        -371.719    -316.093           0.000       0.000              52               0
   19        -761.238     473.027           0.000       0.000              19               0
  106         589.315     209.669           0.000       0.000             106               0
  224        1605.321     523.608           0.000       0.000             224               0
  196         934.721    -830.320           0.000       0.000             196               0
  162       -1075.039    1002.498           0.000       0.000             162               0
   17        -193.202     151.388           0.000       0.000              17               0
   33        -233.971      10.815           0.000       0.000              33               0
  239        -715.844    -948.731           0.000       0.000             239               0
   25        -275.456     -11.004           0.000       0.000              25               0
  167          64.939    1660.326           0.000       0.000             167               0
  213       -1351.884    -135.524           0.000       0.000             213               0
  219       -1584.137   -1046.106           0.000       0.000             219               0
   76        -990.019     171.534           0.000       0.000              76               0
  241        -169.788   -1235.153           0.000       0.000             241               0
  188        -170.271     594.146           0.000       0.000             188               0
  228         792.789     -61.783           0.000       0.000             228               0
   47         732.802    1379.280           0.000       0.000              47               0
   39        -570.586     618.764           0.000       0.000              39               0
  141       -1182.731    -735.865           0.000       0.000             141               0
   81         266.511    -568.353           0.000       0.000              81               0
  223        1132.017     507.278           0.000       0.000             223               0
  111         351.785     138.433           0.000       0.000             111               0
  155        -830.115     508.541           0.000       0.000             155               0
  139        1824.341    -353.216           0.000       0.000             139               0
   93         988.759   -1697.833           0.000       0.000              93               0
  150        -410.689     539.506           0.000       0.000             150               0
  138         728.848    -398.064           0.000       0.000             138               0
  170        -835.754     921.661           0.000       0.000             170               0
  206        -213.675    -878.827           0.000       0.000             206               0
  199        -485.452     100.801           0.000       0.000             199               0
  222          23.025   -2438.897           0.000       0.000             222               0
  225         235.994    -159.638           0.000       0.000             225               0
   50          81.493    -449.711           0.000       0.000              50               0
  191        -182.508     -58.356           0.000       0.000             191               0
  166         418.225    -620.124           0.000       0.000             166               0
  213         -21.989    -784.074           0.000       0.000             213               0
  209         308.524   -2247.763           0.000       0.000             209               0
  200        -725.347    1462.746           0.000       0.000             200               0
  196         786.166    -897.745           0.000       0.000             196               0
  234         748.414    -629.266           0.000       0.000             234               0
  111        1332.252     171.835           0.000       0.000             111               0
