SINAL     NFT                         FFT                         NFT INVERSA     FFT INVERSA
-----     -----------------------     -----------------------     -----------     -----------
  146       32816.000       0.000           0.000       0.000             146               0
  127        1148.433     502.790           0.000       0.000             127               0
  168        -517.811     -25.441           0.000       0.000             168               0
  228         483.305   -1234.616           0.000       0.000             228               0
  231         277.591     170.017           0.000       0.000             231               0
  107         814.357    1897.460           0.000       0.000             107               0
   78        1120.231    -243.879           0.000       0.000              78               0
  237        -785.815    -602.616           0.000       0.000             237               0
  219       -1018.054     678.668           0.000       0.000             219               0
  162         832.670    -319.190           0.000       0.000             162               0
   77        1631.755     377.294           0.000       0.000              77               0
  117        1114.094   -1053.509           0.000       0.000             117               0
    4        -446.394    -286.668           0.000       0.000               4               0
   66        -469.027    -345.090           0.000       0.000              66               0
   87          83.261    -447.520           0.000       0.000              87               0
  179         -75.357    -649.368           0.000       0.000             179               0
   52         197.574   -1537.178           0.000       0.000              52               0
   50        -751.962    -233.580           0.000       0.000              50               0
  252        -422.212    -998.444           0.000       0.000             252               0
    2        -390.791      64.730           0.000       0.000               2               0
  147        -148.021    -544.430           0.000       0.000             147               0
  244        1475.623    1062.814           0.000       0.000             244               0
  236         518.675    -653.207           0.000       0.000             236               0
  127          39.819     962.276           0.000       0.000             127               0
  121        -575.855     963.820           0.000       0.000             121               0
  129       -1110.949     550.642           0.000       0.000             129               0
  138         466.271    -184.283           0.000       0.000             138               0
   47        1566.528    -195.763           0.000       0.000              47               0
  185          97.379     199.252           0.000       0.000             185               0
  150       -1054.023    -252.921           0.000       0.000             150               0
  250         -94.632    -455.230           0.000       0.000             250               0
   76         343.289    -208.540           0.000       0.000              76               0
   22        -157.640    1526.926           0.000       0.000              22               0
  163         126.355    1788.611           0.000       0.000             163               0
   48         416.621   -1374.613           0.000       0.000              48               0
  254         398.837    -448.506           0.000       0.000             254               0
   14         611.167    -499.879           0.000       0.000              14               0
  126        -425.630   -1341.253           0.000       0.000             126               0
  235         706.977    1212.426           0.000       0.000             235               0
  234        -220.498    -641.241           0.000       0.000             234               0
   33        -328.464     -86.059           0.000       0.000              33               0
   57       -1638.037    -483.246           0.000       0.000              57               0
   95        -136.829     202.594           0.000       0.000              95               0
   38       -1128.895     908.771           0.000       0.000              38               0
  123         112.163   -1062.718           0.000       0.000             123               0
  182          88.139     -38.810           0.000       0.000             182               0
  217         578.411     984.928           0.000       0.000             217               0
  176        -372.783     799.895           0.000       0.000             176               0
  232        -486.473     747.907           0.000       0.000             232               0
  214       -1718.374    -135.196           0.000       0.000             214               0
  179        -413.027     727.022           0.000       0.000             179               0
  124       -1613.242     938.449           0.000       0.000             124               0
  203        -823.662   -1004.249           0.000       0.000             203               0
  159        1785.607     400.092           0.000       0.000             159               0
  252        -594.105   -1360.576           0.000       0.000             252               0
   68          -3.842    -188.598           0.000       0.000              68               0
   32        -499.857    1581.350           0.000       0.000              32               0
  135        -200.306     177.267           0.000       0.000             135               0
  115         622.430    1438.688           0.000       0.000             115               0
  218       -1233.467    -327.296           0.000       0.000             218               0
   30        1329.148     622.834           0.000       0.000              30               0
  110         879.463    -202.133           0.000       0.000             110               0
   39         138.387     210.478           0.000       0.000              39               0
   52       -1033.294     120.301           0.000       0.000              52               0
   17       -1174.955    -857.049           0.000       0.000              17               0
   87         123.484    1043.854           0.000       0.000              87               0
   50        -577.599     780.981           0.000       0.000              50               0
   32         181.628     647.604           0.000       0.000              32               0
  214         280.996     491.331           0.000       0.000             214               0
   30         239.157   -1142.938           0.000       0.000              30               0
   10        -597.545     597.760           0.000       0.000              10               0
  248        1269.291      18.700           0.000       0.000             248               0
   87        -123.306    -610.780           0.000       0.000              87               0
  105        1119.595   -1001.104           0.000       0.000             105               0
   30         534.069      23.043           0.000       0.000              30               0
  211        -681.469   -1679.623           0.000       0.000             211               0
   32         399.953   -1937.034           0.000       0.000              32               0
  248         850.720    -695.834           0.000       0.000             248               0
  131       -1063.942    1125.029           0.000       0.000             131               0
    8         522.599     665.391           0.000       0.000               8               0
  207         638.468    -622.101           0.000       0.000             207               0
   54       -1576.709     265.403           0.000       0.000              54               0
  133        -181.531    -608.781           0.000       0.000             133               0
  154        1415.078     363.165           0.000       0.000             154               0
  213         269.374    -203.678           0.000       0.000             213               0
  129        -747.778    2450.443           0.000       0.000             129               0
  222         870.371     438.759           0.000       0.000             222               0
  246        -285.127   -1747.452           0.000       0.000             246               0
    8       -1173.258     140.709           0.000       0.000               8               0
   82          65.065    -699.217           0.000       0.000              82               0
  209        -760.725   -1790.551           0.000       0.000             209               0
   38         652.999     439.557           0.000       0.000              38               0
  193        -758.129    -552.217           0.000       0.000             193               0
  248        -342.490    -729.821           0.000       0.000             248               0
   91        2769.883    1096.925           0.000       0.000              91               0
  210       -1196.224      65.672           0.000       0.000             210               0
   80        -416.432     626.888           0.000       0.000              80               0
  141         324.266    -847.798           0.000       0.000             141               0
  242        -289.823    1750.571           0.000       0.000             242               0
   39        -223.232     596.778           0.000       0.000              39               0
  172         468.754     -96.379           0.000       0.000             172               0
  253         -73.106    -449.210           0.000       0.000             253               0
   32         716.275     466.035           0.000       0.000              32               0
    3         -94.539   -1355.324           0.000       0.000               3               0
  102        -411.687    -922.935           0.000       0.000             102               0
   62         682.605    -109.955           0.000       0.000              62               0
  215        -934.838    -779.241           0.000       0.000             215               0
  134        -836.955    -396.101           0.000       0.000             134               0
   54         778.991    2153.795           0.000       0.000              54               0
   91         441.449     645.354           0.000       0.000              91               0
  143         869.887    -381.702           0.000       0.000             143               0
    6       -1704.908     911.532           0.000       0.000               6               0
  146         582.426     -99.242           0.000       0.000             146               0
   21         509.932    -150.456           0.000       0.000              21               0
  160        -765.525     -41.193           0.000       0.000             160               0
  103       -1010.955    1067.175           0.000       0.000             103               0
  150         571.705    -107.345           0.000       0.000             150               0
  127         571.278    -383.078           0.000       0.000             127               0
   94         195.992    -551.284           0.000       0.000              94               0
  159         409.574   -1680.470           0.000       0.000             159               0
  209        -757.422   -1787.042           0.000       0.000             209               0
   48        -297.507    -175.350           0.000       0.000              48               0
  198         206.606    -436.593           0.000       0.000             198               0
  146           0.970      50.369           0.000       0.000             146               0
   41         -76.715   -1491.637           0.000       0.000              41               0
   33         348.962     231.781           0.000       0.000              33               0
  101        1975.878   -1025.381           0.000       0.000             101               0
  121         616.122     844.469           0.000       0.000             121               0
  175        -350.000      -0.018           0.000       0.000             175               0
   88         616.340    -844.255           0.000       0.000              88               0
  161        1975.659    1025.824           0.000       0.000             161               0
   91         348.848    -231.630           0.000       0.000              91               0
   86         -77.069    1491.679           0.000       0.000              86               0
  193           0.912     -50.368           0.000       0.000             193               0
   95         206.458     436.675           0.000       0.000              95               0
  188        -297.613     175.390           0.000       0.000             188               0
    0        -757.715    1786.967           0.000       0.000              -0               0
   55         409.326    1680.432           0.000       0.000              55               0
   67         195.897     551.150           0.000       0.000              67               0
   55         571.181     383.013           0.000       0.000              55               0
  146         571.570     107.264           0.000       0.000             146               0
  211       -1010.868   -1067.442           0.000       0.000             211               0
   61        -765.491      41.039           0.000       0.000              61               0
   36         509.948     150.480           0.000       0.000              36               0
  232         582.334      99.236           0.000       0.000             232               0
  221       -1704.738    -911.874           0.000       0.000             221               0
  140         869.916     381.793           0.000       0.000             140               0
  127         441.551    -645.389           0.000       0.000             127               0
   92         779.264   -2153.599           0.000       0.000              92               0
  235        -837.111     396.133           0.000       0.000             235               0
   30        -934.922     779.146           0.000       0.000              30               0
   46         682.626     110.107           0.000       0.000              46               0
   27        -411.841     922.894           0.000       0.000              27               0
  228         -94.709    1355.208           0.000       0.000             228               0
  193         716.369    -466.030           0.000       0.000             193               0
   68         -73.195     449.119           0.000       0.000              68               0
    6         468.712      96.324           0.000       0.000               6               0
   38        -223.173    -596.947           0.000       0.000              38               0
  190        -289.524   -1750.599           0.000       0.000             190               0
  181         324.115     847.893           0.000       0.000             181               0
  127        -416.348    -626.983           0.000       0.000             127               0
   95       -1196.074     -65.870           0.000       0.000              95               0
   17        2770.097   -1096.386           0.000       0.000              17               0
  213        -342.764     729.871           0.000       0.000             213               0
   33        -758.244     552.104           0.000       0.000              33               0
  112         653.042    -439.377           0.000       0.000             112               0
  146        -761.072    1790.457           0.000       0.000             146               0
   33          64.923     699.125           0.000       0.000              33               0
  167       -1173.217    -140.959           0.000       0.000             167               0
  214        -285.306    1747.267           0.000       0.000             214               0
   88         870.482    -438.874           0.000       0.000              88               0
   58        -747.339   -2450.616           0.000       0.000              58               0
  169         269.442     203.800           0.000       0.000             169               0
  149        1415.120    -362.885           0.000       0.000             149               0
   94        -181.750     608.767           0.000       0.000              94               0
  146       -1576.630    -265.671           0.000       0.000             146               0
  115         638.466     622.179           0.000       0.000             115               0
  234         522.695    -665.345           0.000       0.000             234               0
   17       -1063.708   -1125.093           0.000       0.000              17               0
  207         850.686     696.168           0.000       0.000             207               0
  214         399.614    1937.169           0.000       0.000             214               0
   48        -681.710    1679.400           0.000       0.000              48               0
  253         534.168     -23.070           0.000       0.000             253               0
  241        1119.428    1001.198           0.000       0.000             241               0
   21        -123.420     610.597           0.000       0.000              21               0
  191        1269.239     -18.656           0.000       0.000             191               0
   53        -597.520    -597.944           0.000       0.000              53               0
   27         238.953    1142.855           0.000       0.000              27               0
  230         281.033    -491.477           0.000       0.000             230               0
  243         181.654    -647.704           0.000       0.000             243               0
  209        -577.527    -781.155           0.000       0.000             209               0
  101         123.598   -1043.810           0.000       0.000             101               0
   83       -1175.135     856.853           0.000       0.000              83               0
  226       -1033.178    -120.558           0.000       0.000             226               0
   59         138.565    -210.514           0.000       0.000              59               0
  117         879.506     202.196           0.000       0.000             117               0
   83        1329.170    -622.688           0.000       0.000              83               0
  206       -1233.581     326.987           0.000       0.000             206               0
  150         622.673   -1438.659           0.000       0.000             150               0
  251        -200.334    -177.322           0.000       0.000             251               0
  164        -499.605   -1581.386           0.000       0.000             164               0
  239          -3.871     188.733           0.000       0.000             239               0
   53        -594.283    1360.471           0.000       0.000              53               0
   78        1785.612    -399.851           0.000       0.000              78               0
  132        -824.017    1004.014           0.000       0.000             132               0
  148       -1613.129    -938.848           0.000       0.000             148               0
  224        -412.901    -727.114           0.000       0.000             224               0
  248       -1718.339     134.869           0.000       0.000             248               0
  126        -486.204    -748.047           0.000       0.000             126               0
  242        -372.504    -799.961           0.000       0.000             242               0
  199         578.673    -984.755           0.000       0.000             199               0
   84          88.157      38.942           0.000       0.000              84               0
   34         111.965    1062.735           0.000       0.000              34               0
  197       -1128.727    -908.984           0.000       0.000             197               0
   70        -136.754    -202.546           0.000       0.000              70               0
   56       -1638.019     483.015           0.000       0.000              56               0
  132        -328.286      86.018           0.000       0.000             132               0
  123        -220.414     641.168           0.000       0.000             123               0
   83         707.316   -1212.269           0.000       0.000              83               0
  106        -425.730    1341.247           0.000       0.000             106               0
  111         611.223     499.935           0.000       0.000             111               0
   37         398.850     448.518           0.000       0.000              37               0
  208         416.451    1374.493           0.000       0.000             208               0
  195         126.697   -1788.774           0.000       0.000             195               0
    8        -157.317   -1526.906           0.000       0.000               8               0
   12         343.315     208.696           0.000       0.000              12               0
   56         -94.680     455.234           0.000       0.000              56               0
   91       -1053.949     252.711           0.000       0.000              91               0
  218          97.624    -199.264           0.000       0.000             218               0
  207        1566.596     195.999           0.000       0.000             207               0
   87         466.198     184.286           0.000       0.000              87               0
  126       -1110.833    -550.910           0.000       0.000             126               0
  190        -575.543    -963.931           0.000       0.000             190               0
  140          40.167    -962.179           0.000       0.000             140               0
  204         518.742     653.353           0.000       0.000             204               0
   67        1475.859   -1062.498           0.000       0.000              67               0
   32        -148.126     544.520           0.000       0.000              32               0
  173        -390.734     -64.697           0.000       0.000             173               0
   59        -422.290     998.449           0.000       0.000              59               0
  159        -751.841     233.513           0.000       0.000             159               0
  159         197.502    1537.224           0.000       0.000             159               0
    3         -75.300     649.283           0.000       0.000               3               0
  244          83.352     447.464           0.000       0.000             244               0
  193        -468.886     344.947           0.000       0.000             193               0
  201        -446.136     286.546           0.000       0.000             201               0
   58        1114.238    1053.588           0.000       0.000              58               0
  249        1632.008    -377.144           0.000       0.000             249               0
   78         832.693     319.230           0.000       0.000              78               0
  182       -1017.785    -678.903           0.000       0.000             182               0
   77        -785.551     602.429           0.000       0.000              77               0
  184        1120.596     243.908           0.000       0.000             184               0
   38         815.029   -1897.375           0.000       0.000              38               0
  115         278.044    -169.869           0.000       0.000             115               0
  137         483.658    1234.693           0.000       0.000             137               0
  234        -516.907      25.253           0.000       0.000             234               0
  123        1150.299    -502.645           0.000       0.000             123               0
