SINAL     NFT                         FFT                         NFT INVERSA     FFT INVERSA
-----     -----------------------     -----------------------     -----------     -----------
  106       31759.000       0.000           0.000       0.000             106               0
  160         507.799    -283.810           0.000       0.000             160               0
   47        -244.164   -1405.509           0.000       0.000              47               0
   42        -695.779    1101.950           0.000       0.000              42               0
   83        -231.858    -129.559           0.000       0.000              83               0
  106         206.682   -1162.531           0.000       0.000             106               0
  228         709.940    -244.644           0.000       0.000             228               0
    7       -1463.528    1520.056           0.000       0.000               7               0
  145        -972.352     186.051           0.000       0.000             145               0
  198       -1121.135     404.224           0.000       0.000             198               0
  170        -527.256     125.419           0.000       0.000             170               0
  200         354.532     344.962           0.000       0.000             200               0
   41         523.255   -1180.890           0.000       0.000              41               0
   66          66.076    -856.960           0.000       0.000              66               0
   15        -384.352     939.791           0.000       0.000              15               0
  248        1299.238    -971.310           0.000       0.000             248               0
  162        -392.781     317.236           0.000       0.000             162               0
  228       -1382.680    -764.294           0.000       0.000             228               0
   34         182.377     878.207           0.000       0.000              34               0
   88       -1572.193     715.432           0.000       0.000              88               0
  240           5.154     -81.622           0.000       0.000             240               0
  166         828.078     548.106           0.000       0.000             166               0
  239         189.567      51.357           0.000       0.000             239               0
  194        -480.415     812.705           0.000       0.000             194               0
   58         338.389   -1286.076           0.000       0.000              58               0
  211        1305.107   -1249.866           0.000       0.000             211               0
  161        -993.123     520.704           0.000       0.000             161               0
  253        1251.576     967.923           0.000       0.000             253               0
   14        -533.382     903.790           0.000       0.000              14               0
    9        -253.950    1598.651           0.000       0.000               9               0
    0         812.174    -692.385           0.000       0.000               0               0
  120        1386.269    -405.949           0.000       0.000             120               0
  169        -305.005   -1277.409           0.000       0.000             169               0
   48         431.486    -395.424           0.000       0.000              48               0
  162        -489.919    -608.716           0.000       0.000             162               0
  252       -1091.191     816.139           0.000       0.000             252               0
  155        2024.231    -311.985           0.000       0.000             155               0
  135        1455.434   -1103.188           0.000       0.000             135               0
    4        -767.740    -307.658           0.000       0.000               4               0
   44         900.599    -191.294           0.000       0.000              44               0
   78        -272.586    -172.283           0.000       0.000              78               0
  174        -822.170     317.625           0.000       0.000             174               0
  245         886.109     324.707           0.000       0.000             245               0
  119         811.621     976.052           0.000       0.000             119               0
  241         -25.812     656.787           0.000       0.000             241               0
    4         839.405    1013.633           0.000       0.000               4               0
  112       -1676.876    2949.158           0.000       0.000             112               0
  148          36.844     869.877           0.000       0.000             148               0
  233        1249.866    -276.322           0.000       0.000             233               0
  146         723.548    -918.063           0.000       0.000             146               0
  237        1983.389    -821.937           0.000       0.000             237               0
  218         756.259    -422.038           0.000       0.000             218               0
   57        1437.956    -489.766           0.000       0.000              57               0
  220        -966.583      52.154           0.000       0.000             220               0
  156        -489.354     574.007           0.000       0.000             156               0
  115        -891.345      39.035           0.000       0.000             115               0
  175         476.936     371.411           0.000       0.000             175               0
   61        -608.242     736.619           0.000       0.000              61               0
  112         460.701   -1125.304           0.000       0.000             112               0
  190       -1407.363     529.258           0.000       0.000             190               0
   71         773.564   -2139.202           0.000       0.000              71               0
  113          24.508     280.483           0.000       0.000             113               0
   54        -164.394     138.565           0.000       0.000              54               0
  240       -1187.763     -33.622           0.000       0.000             240               0
  162         983.002      58.044           0.000       0.000             162               0
  217         387.675     738.318           0.000       0.000             217               0
  237        -326.669    -160.192           0.000       0.000             237               0
   61         321.501    -261.130           0.000       0.000              61               0
   97        -382.791    -210.554           0.000       0.000              97               0
  241       -1658.739      81.570           0.000       0.000             241               0
  106         -40.910    -443.513           0.000       0.000             106               0
  175        -338.080   -1258.035           0.000       0.000             175               0
  159         249.771     776.677           0.000       0.000             159               0
   95        -872.548    -516.930           0.000       0.000              95               0
   39         704.040    1761.845           0.000       0.000              39               0
  144       -1361.119    -280.373           0.000       0.000             144               0
   99       -1043.695    -251.794           0.000       0.000              99               0
  151        -259.826   -1189.300           0.000       0.000             151               0
   37        1824.604    -663.812           0.000       0.000              37               0
   77        -551.474     698.552           0.000       0.000              77               0
   42        -615.948     440.673           0.000       0.000              42               0
   18        1728.144    -355.892           0.000       0.000              18               0
   39        -145.191     813.938           0.000       0.000              39               0
  100         591.283   -1674.032           0.000       0.000             100               0
  238       -1104.024      35.257           0.000       0.000             238               0
  196         274.540    1781.433           0.000       0.000             196               0
  215         575.569    -113.496           0.000       0.000             215               0
  158         446.254     530.163           0.000       0.000             158               0
    2         -13.374     786.392           0.000       0.000               2               0
   72        -175.520    -173.522           0.000       0.000              72               0
   92         848.856     -68.527           0.000       0.000              92               0
   73        -713.337     805.376           0.000       0.000              73               0
  186         952.092   -1265.646           0.000       0.000             186               0
  147          -8.664     154.099           0.000       0.000             147               0
   58          47.949    -568.324           0.000       0.000              58               0
   92       -1363.804     230.385           0.000       0.000              92               0
  109          57.016       4.576           0.000       0.000             109               0
   39          78.223    -754.292           0.000       0.000              39               0
  153        -508.034    -308.778           0.000       0.000             153               0
  206       -1511.214    -360.736           0.000       0.000             206               0
   24         -20.845     520.064           0.000       0.000              24               0
    4         440.981    -585.431           0.000       0.000               4               0
  125        -939.594     458.484           0.000       0.000             125               0
  183        -682.190    -176.933           0.000       0.000             183               0
   99         -33.629   -1076.936           0.000       0.000              99               0
  165        1335.902    -313.347           0.000       0.000             165               0
   72        -318.074   -1621.595           0.000       0.000              72               0
  199        -500.574   -1027.109           0.000       0.000             199               0
   60       -1805.450    -221.862           0.000       0.000              60               0
  109       -1072.145     582.708           0.000       0.000             109               0
   20         -21.483    -447.004           0.000       0.000              20               0
  102        -109.003     596.979           0.000       0.000             102               0
  128        -345.114     242.247           0.000       0.000             128               0
   59         214.178    -127.910           0.000       0.000              59               0
  203        -732.320     170.883           0.000       0.000             203               0
  110        1236.605     364.310           0.000       0.000             110               0
    0         130.513    1559.838           0.000       0.000              -0               0
  162         223.514      49.050           0.000       0.000             162               0
   12        -199.515    -101.710           0.000       0.000              12               0
    2        -813.650     147.580           0.000       0.000               2               0
  235         354.917    -718.220           0.000       0.000             235               0
  105        -180.981    1114.882           0.000       0.000             105               0
   76        1393.920    -486.068           0.000       0.000              76               0
  166         866.418    -204.157           0.000       0.000             166               0
  252        -570.890   -1145.696           0.000       0.000             252               0
  134         945.067    -541.017           0.000       0.000             134               0
    3        -338.526    1100.086           0.000       0.000               3               0
  105        -446.448   -1134.806           0.000       0.000             105               0
  173        -445.000       0.012           0.000       0.000             173               0
  157        -446.599    1134.724           0.000       0.000             157               0
   55        -338.249   -1100.136           0.000       0.000              55               0
  198         945.018     541.269           0.000       0.000             198               0
  161        -571.040    1145.588           0.000       0.000             161               0
  181         866.463     204.230           0.000       0.000             181               0
  126        1393.781     486.199           0.000       0.000             126               0
    4        -180.895   -1114.950           0.000       0.000               4               0
   90         354.709     718.276           0.000       0.000              90               0
  198        -813.681    -147.777           0.000       0.000             198               0
  203        -199.509     101.616           0.000       0.000             203               0
  151         223.538     -49.120           0.000       0.000             151               0
   52         130.786   -1559.845           0.000       0.000              52               0
  223        1236.586    -364.032           0.000       0.000             223               0
  254        -732.397    -170.945           0.000       0.000             254               0
  180         214.096     127.979           0.000       0.000             180               0
   27        -345.148    -242.288           0.000       0.000              27               0
  201        -108.968    -596.924           0.000       0.000             201               0
   35         -21.670     447.069           0.000       0.000              35               0
   28       -1072.158    -582.807           0.000       0.000              28               0
  108       -1805.460     221.710           0.000       0.000             108               0
   47        -500.626    1027.145           0.000       0.000              47               0
   31        -318.210    1621.538           0.000       0.000              31               0
   88        1335.884     313.520           0.000       0.000              88               0
  153         -33.896    1076.860           0.000       0.000             153               0
  107        -682.271     176.701           0.000       0.000             107               0
  254        -939.475    -458.689           0.000       0.000             254               0
  149         440.917     585.464           0.000       0.000             149               0
  242         -20.822    -520.097           0.000       0.000             242               0
    1       -1511.273     360.495           0.000       0.000               1               0
  255        -507.981     308.684           0.000       0.000             255               0
  159          78.173     754.250           0.000       0.000             159               0
  158          57.024      -4.651           0.000       0.000             158               0
   54       -1363.694    -230.643           0.000       0.000              54               0
  102          47.999     568.296           0.000       0.000             102               0
   63          -8.513    -154.135           0.000       0.000              63               0
  236         951.931    1265.705           0.000       0.000             236               0
  228        -713.150    -805.620           0.000       0.000             228               0
   68         848.909      68.614           0.000       0.000              68               0
   71        -175.529     173.388           0.000       0.000              71               0
  171         -13.177    -786.483           0.000       0.000             171               0
   15         446.400    -530.111           0.000       0.000              15               0
  222         575.555     113.533           0.000       0.000             222               0
  223         274.787   -1781.366           0.000       0.000             223               0
  239       -1103.986     -35.289           0.000       0.000             239               0
  221         591.084    1674.127           0.000       0.000             221               0
  148        -144.981    -814.024           0.000       0.000             148               0
   11        1728.064     356.168           0.000       0.000              11               0
  166        -615.959    -440.805           0.000       0.000             166               0
  183        -551.297    -698.577           0.000       0.000             183               0
   39        1824.461     664.208           0.000       0.000              39               0
   18        -260.192    1189.230           0.000       0.000              18               0
  231       -1043.825     251.520           0.000       0.000             231               0
   70       -1361.107     280.009           0.000       0.000              70               0
  106         704.380   -1761.752           0.000       0.000             106               0
  128        -872.623     516.833           0.000       0.000             128               0
  177         249.934    -776.575           0.000       0.000             177               0
  105        -338.293    1258.028           0.000       0.000             105               0
   22         -41.014     443.443           0.000       0.000              22               0
  163       -1658.683     -81.896           0.000       0.000             163               0
  106        -382.673     210.459           0.000       0.000             106               0
   21         321.563     261.132           0.000       0.000              21               0
   67        -326.603     160.052           0.000       0.000              67               0
    9         387.900    -738.296           0.000       0.000               9               0
   76         982.995     -57.868           0.000       0.000              76               0
  170       -1187.773      33.422           0.000       0.000             170               0
   73        -164.274    -138.583           0.000       0.000              73               0
   57          24.645    -280.395           0.000       0.000              57               0
  142         773.208    2139.303           0.000       0.000             142               0
  141       -1407.234    -529.596           0.000       0.000             141               0
  128         460.608    1125.277           0.000       0.000             128               0
   57        -608.041    -736.855           0.000       0.000              57               0
  157         477.062    -371.378           0.000       0.000             157               0
   95        -891.277     -39.228           0.000       0.000              95               0
   25        -489.118    -574.104           0.000       0.000              25               0
  140        -966.321     -52.283           0.000       0.000             140               0
   60        1438.125     490.015           0.000       0.000              60               0
  174         756.353     422.140           0.000       0.000             174               0
  152        1983.325     822.199           0.000       0.000             152               0
  227         723.380     918.019           0.000       0.000             227               0
  101        1249.754     276.271           0.000       0.000             101               0
  191          36.864    -870.158           0.000       0.000             191               0
  245       -1676.342   -2949.538           0.000       0.000             245               0
   77         839.692   -1013.421           0.000       0.000              77               0
    5         -25.632    -656.738           0.000       0.000               5               0
   96         811.849    -975.838           0.000       0.000              96               0
  206         886.126    -324.452           0.000       0.000             206               0
  183        -822.128    -317.654           0.000       0.000             183               0
  201        -272.507     172.340           0.000       0.000             201               0
  229         900.633     191.525           0.000       0.000             229               0
   91        -767.686     307.608           0.000       0.000              91               0
   52        1455.387    1103.441           0.000       0.000              52               0
  250        2024.091     312.251           0.000       0.000             250               0
  159       -1091.160    -816.314           0.000       0.000             159               0
   61        -489.958     608.691           0.000       0.000              61               0
   71         431.490     395.519           0.000       0.000              71               0
   73        -305.119    1277.309           0.000       0.000              73               0
  135        1386.275     406.056           0.000       0.000             135               0
  128         812.007     692.323           0.000       0.000             128               0
  216        -253.729   -1598.850           0.000       0.000             216               0
   21        -533.169    -903.897           0.000       0.000              21               0
    1        1251.755    -967.663           0.000       0.000               1               0
   18        -993.003    -520.731           0.000       0.000              18               0
  178        1304.955    1250.172           0.000       0.000             178               0
   97         338.120    1286.032           0.000       0.000              97               0
   43        -480.282    -812.897           0.000       0.000              43               0
   63         189.624     -51.370           0.000       0.000              63               0
  158         828.148    -547.994           0.000       0.000             158               0
  218           5.039      81.595           0.000       0.000             218               0
  215       -1572.069    -715.720           0.000       0.000             215               0
  129         182.581    -878.098           0.000       0.000             129               0
   64       -1382.720     764.126           0.000       0.000              64               0
  151        -392.514    -317.271           0.000       0.000             151               0
  118        1299.198     971.518           0.000       0.000             118               0
  141        -384.135    -939.844           0.000       0.000             141               0
  156          66.053     857.034           0.000       0.000             156               0
  214         523.147    1180.900           0.000       0.000             214               0
   92         354.615    -345.017           0.000       0.000              92               0
   84        -527.215    -125.577           0.000       0.000              84               0
  159       -1120.965    -404.464           0.000       0.000             159               0
   65        -972.125    -186.268           0.000       0.000              65               0
  175       -1462.932   -1520.258           0.000       0.000             175               0
  212         710.285     244.897           0.000       0.000             212               0
   59         206.815    1162.581           0.000       0.000              59               0
   79        -231.486     129.442           0.000       0.000              79               0
   17        -695.013   -1102.029           0.000       0.000              17               0
  131        -243.481    1405.504           0.000       0.000             131               0
  152         509.479     283.809           0.000       0.000             152               0
