SINAL     NFT                         FFT                         NFT INVERSA     FFT INVERSA
-----     -----------------------     -----------------------     -----------     -----------
  196       31705.000       0.000           0.000       0.000             196               0
   94       -1318.071     -67.317           0.000       0.000              94               0
    7         115.501     -17.917           0.000       0.000               7               0
  123        -623.759     210.380           0.000       0.000             123               0
  131         238.438     898.872           0.000       0.000             131               0
   87        -229.084     614.689           0.000       0.000              87               0
   13        1037.128    -389.197           0.000       0.000              13               0
  255        -711.331    -162.639           0.000       0.000             255               0
   26         957.941    -504.296           0.000       0.000              26               0
   47         -64.761    -973.540           0.000       0.000              47               0
  130          57.557    -385.798           0.000       0.000             130               0
  193        1204.549    1035.262           0.000       0.000             193               0
  107         211.364     292.233           0.000       0.000             107               0
  199         459.069     607.633           0.000       0.000             199               0
   20         250.921    -211.406           0.000       0.000              20               0
  153         131.111     716.385           0.000       0.000             153               0
   52       -1695.024     738.621           0.000       0.000              52               0
   52        -935.518    1000.966           0.000       0.000              52               0
  147         966.712    -908.995           0.000       0.000             147               0
   34         434.911    1245.814           0.000       0.000              34               0
    8         671.454    -368.155           0.000       0.000               8               0
   95         437.255    1052.811           0.000       0.000              95               0
   70        2226.864   -1467.608           0.000       0.000              70               0
  154         866.885     926.254           0.000       0.000             154               0
  175        -696.164    -904.555           0.000       0.000             175               0
  212          -0.882    1170.039           0.000       0.000             212               0
   59        -795.611     969.784           0.000       0.000              59               0
   94        -627.792    -313.493           0.000       0.000              94               0
   69        1574.083     784.512           0.000       0.000              69               0
  166        -968.071     705.182           0.000       0.000             166               0
  121        -183.495    -372.389           0.000       0.000             121               0
   10       -1251.611    -394.649           0.000       0.000              10               0
    4         527.022     606.511           0.000       0.000               4               0
  128         805.456     680.494           0.000       0.000             128               0
  133       -1536.846    -182.549           0.000       0.000             133               0
  136        1134.079    -412.428           0.000       0.000             136               0
  216        -544.054    -756.884           0.000       0.000             216               0
  147        -124.673     259.429           0.000       0.000             147               0
  135        1588.114      18.679           0.000       0.000             135               0
  242        -682.744    2056.220           0.000       0.000             242               0
  195          11.157     666.337           0.000       0.000             195               0
   10        -716.068     382.438           0.000       0.000              10               0
  179          53.088     277.554           0.000       0.000             179               0
   47        -588.261    -274.616           0.000       0.000              47               0
  210        1074.839     135.840           0.000       0.000             210               0
  200        1145.666    -759.981           0.000       0.000             200               0
  200         -84.884   -1324.171           0.000       0.000             200               0
    7       -1023.176    -379.152           0.000       0.000               7               0
  252         862.663    -788.720           0.000       0.000             252               0
   92         253.912   -1718.602           0.000       0.000              92               0
   41        1125.988     775.802           0.000       0.000              41               0
    4         112.495     987.835           0.000       0.000               4               0
  187         806.457    1499.454           0.000       0.000             187               0
  112         905.853    -446.774           0.000       0.000             112               0
  158         398.332   -1084.400           0.000       0.000             158               0
  107          -8.309      54.433           0.000       0.000             107               0
   69        -775.366     414.618           0.000       0.000              69               0
  218        1988.621    1396.569           0.000       0.000             218               0
  201        -578.515     975.401           0.000       0.000             201               0
  138        -170.523     449.672           0.000       0.000             138               0
  128        -292.091     867.215           0.000       0.000             128               0
   66        -332.671    -168.130           0.000       0.000              66               0
  149         -56.108      61.179           0.000       0.000             149               0
  132        1643.139     483.665           0.000       0.000             132               0
  195         394.957     474.003           0.000       0.000             195               0
   27        -477.329    -447.054           0.000       0.000              27               0
   12        1366.772     785.154           0.000       0.000              12               0
  155        -387.413     895.116           0.000       0.000             155               0
  175         746.200    1772.076           0.000       0.000             175               0
  148         621.335     189.962           0.000       0.000             148               0
  142         341.895    -262.907           0.000       0.000             142               0
  115        1175.653     886.175           0.000       0.000             115               0
  159          73.156     616.796           0.000       0.000             159               0
   66        1625.945    -764.846           0.000       0.000              66               0
  162        -119.341     948.256           0.000       0.000             162               0
  114         -60.532     268.683           0.000       0.000             114               0
   10        -298.518    -343.581           0.000       0.000              10               0
  107          13.695     368.145           0.000       0.000             107               0
  121        -138.284     280.812           0.000       0.000             121               0
    7         214.912     523.398           0.000       0.000               7               0
  199        -435.919    -255.168           0.000       0.000             199               0
  163        -827.564   -2401.017           0.000       0.000             163               0
   11       -1116.182     133.320           0.000       0.000              11               0
  131        1158.519     190.136           0.000       0.000             131               0
   19         569.375     135.048           0.000       0.000              19               0
  170        -164.178     107.667           0.000       0.000             170               0
  238         797.251   -1992.228           0.000       0.000             238               0
   88         263.015   -1511.832           0.000       0.000              88               0
  132        -573.186     466.886           0.000       0.000             132               0
  184         -81.978    1182.686           0.000       0.000             184               0
  227        -549.551   -1187.465           0.000       0.000             227               0
    5        -454.378     834.532           0.000       0.000               5               0
  251         301.660     293.662           0.000       0.000             251               0
  121         -24.288     282.036           0.000       0.000             121               0
  137        -924.887    1549.911           0.000       0.000             137               0
  190        -956.339    1152.285           0.000       0.000             190               0
  148        -593.013     -29.587           0.000       0.000             148               0
  150        -172.232     594.997           0.000       0.000             150               0
   90       -1059.275      74.541           0.000       0.000              90               0
   68        1276.870     122.625           0.000       0.000              68               0
   43        -289.641    -510.340           0.000       0.000              43               0
  232        -453.355    -553.850           0.000       0.000             232               0
  183        1507.813     595.613           0.000       0.000             183               0
  203         435.762     813.340           0.000       0.000             203               0
   43       -1382.796     228.157           0.000       0.000              43               0
   90        -641.646   -1852.919           0.000       0.000              90               0
   61         452.667     -10.152           0.000       0.000              61               0
   53        -989.093    -422.522           0.000       0.000              53               0
  197         268.501    -270.113           0.000       0.000             197               0
  182         -35.687   -1104.629           0.000       0.000             182               0
   60        -342.427     963.171           0.000       0.000              60               0
  140         665.411     106.215           0.000       0.000             140               0
   89         464.322    -575.685           0.000       0.000              89               0
   72        -442.791    -339.715           0.000       0.000              72               0
   16        1314.760    -544.803           0.000       0.000              16               0
  109         249.495    -305.100           0.000       0.000             109               0
  243         897.381     713.129           0.000       0.000             243               0
  254        1150.088    -670.875           0.000       0.000             254               0
  197         700.958    -520.513           0.000       0.000             197               0
  120        -841.669    1032.161           0.000       0.000             120               0
  182         -22.908    -921.704           0.000       0.000             182               0
  169          21.290    1503.355           0.000       0.000             169               0
  125         225.290    -159.454           0.000       0.000             125               0
  177         541.737    -568.907           0.000       0.000             177               0
   34        -271.733    -760.621           0.000       0.000              34               0
    7        -499.823    -229.639           0.000       0.000               7               0
  112       -2242.578     578.211           0.000       0.000             112               0
  183        -618.094    1258.983           0.000       0.000             183               0
  158       -1555.000      -0.215           0.000       0.000             158               0
  203        -617.867   -1259.162           0.000       0.000             203               0
  251       -2242.380    -578.539           0.000       0.000             251               0
  202        -499.652     229.617           0.000       0.000             202               0
  180        -271.670     760.574           0.000       0.000             180               0
  179         541.783     568.916           0.000       0.000             179               0
  149         225.338     159.356           0.000       0.000             149               0
  223          21.604   -1503.376           0.000       0.000             223               0
   13         -23.005     921.698           0.000       0.000              13               0
  211        -841.360   -1032.313           0.000       0.000             211               0
   21         701.054     520.676           0.000       0.000              21               0
  210        1150.067     671.014           0.000       0.000             210               0
  137         897.509    -713.009           0.000       0.000             137               0
   82         249.456     305.173           0.000       0.000              82               0
   95        1314.625     545.010           0.000       0.000              95               0
  227        -442.904     339.599           0.000       0.000             227               0
  155         464.225     575.684           0.000       0.000             155               0
  111         665.361    -106.206           0.000       0.000             111               0
   81        -342.337    -963.218           0.000       0.000              81               0
  143         -35.900    1104.645           0.000       0.000             143               0
  110         268.390     270.102           0.000       0.000             110               0
   23        -989.187     422.299           0.000       0.000              23               0
    7         452.656      10.204           0.000       0.000               7               0
   37        -642.007    1852.690           0.000       0.000              37               0
  192       -1382.673    -228.614           0.000       0.000             192               0
  133         436.053    -813.396           0.000       0.000             133               0
  214        1507.909    -595.387           0.000       0.000             214               0
  227        -453.516     553.744           0.000       0.000             227               0
  141        -289.698     510.177           0.000       0.000             141               0
   71        1276.829    -122.551           0.000       0.000              71               0
  154       -1059.358     -74.856           0.000       0.000             154               0
   44        -172.159    -595.142           0.000       0.000              44               0
   18        -593.055      29.356           0.000       0.000              18               0
  150        -956.135   -1152.578           0.000       0.000             150               0
  246        -924.535   -1550.068           0.000       0.000             246               0
  199         -24.127    -281.987           0.000       0.000             199               0
   73         301.754    -293.594           0.000       0.000              73               0
  139        -454.214    -834.531           0.000       0.000             139               0
  166        -549.675    1187.387           0.000       0.000             166               0
   86         -81.694   -1182.708           0.000       0.000              86               0
   94        -572.992    -466.827           0.000       0.000              94               0
  187         262.907    1511.999           0.000       0.000             187               0
   41         796.987    1992.272           0.000       0.000              41               0
  232        -164.107    -107.856           0.000       0.000             232               0
   13         569.465    -135.039           0.000       0.000              13               0
  137        1158.490    -189.979           0.000       0.000             137               0
  204       -1116.230    -133.461           0.000       0.000             204               0
  168        -827.904    2400.801           0.000       0.000             168               0
  248        -435.843     254.852           0.000       0.000             248               0
   29         215.104    -523.540           0.000       0.000              29               0
   55        -138.152    -280.955           0.000       0.000              55               0
  103          13.845    -368.228           0.000       0.000             103               0
   52        -298.468     343.424           0.000       0.000              52               0
   63         -60.345    -268.840           0.000       0.000              63               0
  140        -118.986    -948.344           0.000       0.000             140               0
  245        1625.946     765.025           0.000       0.000             245               0
  197          73.334    -616.941           0.000       0.000             197               0
   99        1175.871    -886.051           0.000       0.000              99               0
  216         341.882     262.882           0.000       0.000             216               0
   82         621.408    -190.033           0.000       0.000              82               0
  170         746.493   -1772.056           0.000       0.000             170               0
  115        -387.219    -895.175           0.000       0.000             115               0
  127        1366.925    -784.878           0.000       0.000             127               0
  189        -477.401     446.976           0.000       0.000             189               0
    9         395.128    -473.990           0.000       0.000               9               0
  117        1643.203    -483.405           0.000       0.000             117               0
  132         -56.194     -61.204           0.000       0.000             132               0
   82        -332.728     167.997           0.000       0.000              82               0
    1        -291.923    -867.344           0.000       0.000               1               0
   42        -170.395    -449.751           0.000       0.000              42               0
  169        -578.212    -975.538           0.000       0.000             169               0
   96        1988.903   -1396.181           0.000       0.000              96               0
  230        -775.315    -414.626           0.000       0.000             230               0
  211          -8.202     -54.313           0.000       0.000             211               0
   72         398.260    1084.497           0.000       0.000              72               0
  244         905.850     446.813           0.000       0.000             244               0
   92         806.716   -1499.379           0.000       0.000              92               0
   21         112.685    -987.728           0.000       0.000              21               0
  157        1126.123    -775.411           0.000       0.000             157               0
   85         253.591    1718.789           0.000       0.000              85               0
   51         862.456     788.861           0.000       0.000              51               0
  213       -1023.272     378.985           0.000       0.000             213               0
  188         -85.007    1324.112           0.000       0.000             188               0
  103        1145.592     760.028           0.000       0.000             103               0
   21        1074.777    -135.798           0.000       0.000              21               0
   72        -588.389     274.387           0.000       0.000              72               0
   93          53.104    -277.690           0.000       0.000              93               0
  218        -715.997    -382.690           0.000       0.000             218               0
  172          11.315    -666.467           0.000       0.000             172               0
   54        -682.292   -2056.330           0.000       0.000              54               0
   45        1588.169     -18.319           0.000       0.000              45               0
   86        -124.683    -259.380           0.000       0.000              86               0
  169        -544.140     756.821           0.000       0.000             169               0
  172        1133.994     412.561           0.000       0.000             172               0
   20       -1536.858     182.190           0.000       0.000              20               0
  179         805.659    -680.438           0.000       0.000             179               0
   34         527.077    -606.419           0.000       0.000              34               0
  152       -1251.678     394.438           0.000       0.000             152               0
    6        -183.475     372.265           0.000       0.000               6               0
   35        -967.798    -705.442           0.000       0.000              35               0
  195        1574.307    -784.263           0.000       0.000             195               0
  175        -627.848     313.348           0.000       0.000             175               0
  131        -795.337    -969.975           0.000       0.000             131               0
  170          -0.535   -1169.967           0.000       0.000             170               0
  131        -696.100     904.477           0.000       0.000             131               0
  204         867.309    -926.083           0.000       0.000             204               0
  158        2226.723    1467.954           0.000       0.000             158               0
  223         437.435   -1052.815           0.000       0.000             223               0
  225         671.418     368.222           0.000       0.000             225               0
   60         435.135   -1245.750           0.000       0.000              60               0
   52         966.501     909.131           0.000       0.000              52               0
   20        -935.419   -1001.204           0.000       0.000              20               0
   17       -1694.774    -738.901           0.000       0.000              17               0
  240         131.455    -716.310           0.000       0.000             240               0
  124         251.074     211.481           0.000       0.000             124               0
   39         459.338    -607.546           0.000       0.000              39               0
   57         211.592    -292.165           0.000       0.000              57               0
  218        1204.855   -1034.958           0.000       0.000             218               0
    1          57.589     385.958           0.000       0.000               1               0
  229         -64.750     973.585           0.000       0.000             229               0
   16         958.008     504.432           0.000       0.000              16               0
   47        -711.160     162.482           0.000       0.000              47               0
   60        1037.304     389.297           0.000       0.000              60               0
  185        -228.737    -614.804           0.000       0.000             185               0
  220         238.921    -898.818           0.000       0.000             220               0
   81        -623.237    -210.419           0.000       0.000              81               0
  108         116.264      17.988           0.000       0.000             108               0
  254       -1316.431      67.130           0.000       0.000             254               0
