SINAL     NFT                         FFT                         NFT INVERSA     FFT INVERSA
-----     -----------------------     -----------------------     -----------     -----------
  134       32473.000       0.000           0.000       0.000             134               0
   42           0.403   -1492.927           0.000       0.000              42               0
   59        -774.097     -29.105           0.000       0.000              59               0
  108        1999.085    -193.274           0.000       0.000             108               0
  139        -200.635    -478.147           0.000       0.000             139               0
  164       -1016.856     696.572           0.000       0.000             164               0
  132          12.019    -438.491           0.000       0.000             132               0
  124        -505.526     214.676           0.000       0.000             124               0
    7       -1841.118    -522.239           0.000       0.000               7               0
  206         331.809     580.370           0.000       0.000             206               0
  226        -113.774    -245.557           0.000       0.000             226               0
  225         877.093    1195.327           0.000       0.000             225               0
    4        -191.293    -348.986           0.000       0.000               4               0
   35        -318.396     969.042           0.000       0.000              35               0
  208         198.559     428.054           0.000       0.000             208               0
  160          28.862    -405.234           0.000       0.000             160               0
   90        -731.306     886.907           0.000       0.000              90               0
  252       -1140.259    -626.159           0.000       0.000             252               0
  238        -754.470     391.502           0.000       0.000             238               0
  236        1264.513    -178.135           0.000       0.000             236               0
   59         301.862    -796.177           0.000       0.000              59               0
  169       -1492.918     747.116           0.000       0.000             169               0
  106       -1815.791    -409.413           0.000       0.000             106               0
   70         290.014    -185.445           0.000       0.000              70               0
  191        -531.590     199.615           0.000       0.000             191               0
  160         338.516     874.315           0.000       0.000             160               0
  128         101.788     539.179           0.000       0.000             128               0
  189        1006.065      79.746           0.000       0.000             189               0
   44        -424.127     378.285           0.000       0.000              44               0
   90         237.752     409.056           0.000       0.000              90               0
  213        -638.898    -422.958           0.000       0.000             213               0
  178        -924.208    -386.832           0.000       0.000             178               0
  132        -245.707    -595.041           0.000       0.000             132               0
   17         674.165    -852.368           0.000       0.000              17               0
   31        1156.122      99.433           0.000       0.000              31               0
   16       -2475.605    -983.863           0.000       0.000              16               0
  181          88.654    -870.192           0.000       0.000             181               0
  164        -539.224    -334.033           0.000       0.000             164               0
  141        -737.653    -623.881           0.000       0.000             141               0
  189         421.745    1495.134           0.000       0.000             189               0
  115          89.204     908.902           0.000       0.000             115               0
  111         367.011     862.911           0.000       0.000             111               0
  158        1039.888     504.987           0.000       0.000             158               0
  120        -221.830    -397.304           0.000       0.000             120               0
  147        -570.639     277.016           0.000       0.000             147               0
  111         -32.842     682.836           0.000       0.000             111               0
   24       -1257.422    -179.793           0.000       0.000              24               0
  237         525.662      78.088           0.000       0.000             237               0
  107         735.760     345.019           0.000       0.000             107               0
    6         883.611      47.128           0.000       0.000               6               0
  217         705.740     450.648           0.000       0.000             217               0
  167        2619.293    -576.167           0.000       0.000             167               0
  175         310.562    -170.197           0.000       0.000             175               0
   67         495.310    1526.307           0.000       0.000              67               0
  237        -237.296    1465.552           0.000       0.000             237               0
  110         279.342    -815.926           0.000       0.000             110               0
  228        1004.034    -292.888           0.000       0.000             228               0
  109        -633.020     671.854           0.000       0.000             109               0
   44        -268.793    -232.566           0.000       0.000              44               0
   17         408.259    -905.038           0.000       0.000              17               0
  199          66.133    -159.446           0.000       0.000             199               0
    1        -914.029    -483.464           0.000       0.000               1               0
  196       -1137.073    -632.916           0.000       0.000             196               0
   76        -934.410    -741.997           0.000       0.000              76               0
   18        -930.003     742.975           0.000       0.000              18               0
  227         596.186    -318.529           0.000       0.000             227               0
   92         672.037     -40.754           0.000       0.000              92               0
  200        -764.041    1220.253           0.000       0.000             200               0
  135          98.658     777.076           0.000       0.000             135               0
  233       -1143.576     906.582           0.000       0.000             233               0
  133        1071.509    -125.651           0.000       0.000             133               0
  251         189.085     364.155           0.000       0.000             251               0
   89        1980.652    1007.456           0.000       0.000              89               0
   36       -1603.066    -578.970           0.000       0.000              36               0
  115         108.508    1186.865           0.000       0.000             115               0
  236         360.222   -1127.990           0.000       0.000             236               0
  147         -98.771     266.978           0.000       0.000             147               0
  139         494.709   -2468.108           0.000       0.000             139               0
  217         576.428     375.656           0.000       0.000             217               0
  255        -114.961    -155.362           0.000       0.000             255               0
  146       -1668.617     113.192           0.000       0.000             146               0
  179          85.403    -105.452           0.000       0.000             179               0
  167         163.028    -244.488           0.000       0.000             167               0
   65         368.098   -1036.842           0.000       0.000              65               0
  247         437.252     158.267           0.000       0.000             247               0
  148         535.198    2134.548           0.000       0.000             148               0
  176        1103.298     114.369           0.000       0.000             176               0
  220         -88.770   -1871.803           0.000       0.000             220               0
    2         230.829     283.712           0.000       0.000               2               0
  220        -337.841     524.949           0.000       0.000             220               0
  237       -1238.999     468.161           0.000       0.000             237               0
  202        1023.883     351.789           0.000       0.000             202               0
  222         930.642     367.977           0.000       0.000             222               0
  177       -2637.819     870.434           0.000       0.000             177               0
   23         809.140   -1225.223           0.000       0.000              23               0
  240         873.415    -937.358           0.000       0.000             240               0
  149       -1036.302     290.912           0.000       0.000             149               0
  115         727.693     540.671           0.000       0.000             115               0
  185        -592.224    -510.066           0.000       0.000             185               0
   29        -496.438    -711.717           0.000       0.000              29               0
   93        -544.010    -741.381           0.000       0.000              93               0
   63       -1710.909    -711.287           0.000       0.000              63               0
   24         263.610     948.453           0.000       0.000              24               0
  182        -508.334     376.275           0.000       0.000             182               0
   99        1327.251   -1412.540           0.000       0.000              99               0
  139        -409.258     851.939           0.000       0.000             139               0
  163         588.666    -642.747           0.000       0.000             163               0
  247         899.013    1209.159           0.000       0.000             247               0
   23         133.188   -1297.216           0.000       0.000              23               0
  124        -228.831     846.546           0.000       0.000             124               0
  247         537.515    -606.957           0.000       0.000             247               0
  169        -571.806    -474.905           0.000       0.000             169               0
   48        1204.206    -456.710           0.000       0.000              48               0
  158         -10.514     361.634           0.000       0.000             158               0
  235        -229.336    -373.038           0.000       0.000             235               0
   39        1719.467    -652.700           0.000       0.000              39               0
   51        -981.215    -681.847           0.000       0.000              51               0
  155        -551.081    -655.199           0.000       0.000             155               0
    4        1003.273    1209.539           0.000       0.000               4               0
   53        1092.841    -833.018           0.000       0.000              53               0
  119         684.774    -904.879           0.000       0.000             119               0
  241        -159.234    -579.028           0.000       0.000             241               0
    0        1031.121     531.489           0.000       0.000              -0               0
   86         631.767    -562.194           0.000       0.000              86               0
  163         739.690    -527.199           0.000       0.000             163               0
   23        -862.701    -808.256           0.000       0.000              23               0
   71         349.656     409.755           0.000       0.000              71               0
   56         446.947     928.271           0.000       0.000              56               0
  138       -1785.000      -0.175           0.000       0.000             138               0
    0         447.202    -928.175           0.000       0.000              -0               0
   85         349.733    -409.569           0.000       0.000              85               0
  232        -862.766     808.216           0.000       0.000             232               0
   63         739.718     527.355           0.000       0.000              63               0
  110         631.730     562.285           0.000       0.000             110               0
  158        1031.202    -531.289           0.000       0.000             158               0
  163        -159.332     579.077           0.000       0.000             163               0
  249         684.665     905.001           0.000       0.000             249               0
   65        1092.681     833.110           0.000       0.000              65               0
  155        1003.353   -1209.385           0.000       0.000             155               0
   17        -551.308     655.182           0.000       0.000              17               0
  190        -981.275     681.689           0.000       0.000             190               0
  146        1719.375     652.948           0.000       0.000             146               0
  186        -229.471     372.926           0.000       0.000             186               0
  239         -10.441    -361.665           0.000       0.000             239               0
   48        1204.077     456.914           0.000       0.000              48               0
  165        -571.950     474.775           0.000       0.000             165               0
   23         537.387     606.954           0.000       0.000              23               0
  100        -228.720    -846.619           0.000       0.000             100               0
   64         132.990    1297.178           0.000       0.000              64               0
   27         899.195   -1209.071           0.000       0.000              27               0
  153         588.460     642.835           0.000       0.000             153               0
  184        -409.170    -851.993           0.000       0.000             184               0
   12        1326.917    1412.748           0.000       0.000              12               0
  154        -508.425    -376.461           0.000       0.000             154               0
   14         263.613    -948.377           0.000       0.000              14               0
  176       -1711.125     711.073           0.000       0.000             176               0
  177        -544.117     741.284           0.000       0.000             177               0
   85        -496.537     711.573           0.000       0.000              85               0
  232        -592.244     509.851           0.000       0.000             232               0
   60         727.799    -540.634           0.000       0.000              60               0
   86       -1036.224    -291.072           0.000       0.000              86               0
   62         873.309     937.501           0.000       0.000              62               0
   36         808.811    1225.204           0.000       0.000              36               0
  149       -2637.657    -871.041           0.000       0.000             149               0
  172         930.854    -367.894           0.000       0.000             172               0
  195        1023.894    -351.675           0.000       0.000             195               0
   57       -1238.954    -468.402           0.000       0.000              57               0
  166        -337.664    -524.993           0.000       0.000             166               0
    4         230.958    -283.592           0.000       0.000               4               0
  212         -88.990    1871.747           0.000       0.000             212               0
  183        1103.376    -114.386           0.000       0.000             183               0
  195         535.536   -2134.490           0.000       0.000             195               0
  103         437.244    -158.061           0.000       0.000             103               0
  114         367.870    1036.946           0.000       0.000             114               0
  178         162.914     244.474           0.000       0.000             178               0
  152          85.277     105.428           0.000       0.000             152               0
   23       -1668.605    -113.488           0.000       0.000              23               0
  201        -114.870     155.341           0.000       0.000             201               0
  252         576.557    -375.487           0.000       0.000             252               0
   88         494.291    2468.152           0.000       0.000              88               0
  229         -98.734    -267.142           0.000       0.000             229               0
  150         360.025    1127.887           0.000       0.000             150               0
   16         108.652   -1186.992           0.000       0.000              16               0
  242       -1603.071     578.593           0.000       0.000             242               0
   48        1980.908   -1007.243           0.000       0.000              48               0
   31         189.095    -364.166           0.000       0.000              31               0
  162        1071.379     125.744           0.000       0.000             162               0
  226       -1143.516    -906.864           0.000       0.000             226               0
  117          98.771    -777.092           0.000       0.000             117               0
  139        -763.820   -1220.328           0.000       0.000             139               0
   30         672.052      40.960           0.000       0.000              30               0
  203         596.029     318.651           0.000       0.000             203               0
  201        -929.990    -743.074           0.000       0.000             201               0
   67        -934.562     741.921           0.000       0.000              67               0
   97       -1137.134     632.727           0.000       0.000              97               0
  118        -913.978     483.274           0.000       0.000             118               0
    6          66.255     159.426           0.000       0.000               6               0
  154         408.187     905.035           0.000       0.000             154               0
   29        -268.776     232.382           0.000       0.000              29               0
   11        -632.766    -672.043           0.000       0.000              11               0
  111        1004.113     293.012           0.000       0.000             111               0
  213         279.253     815.807           0.000       0.000             213               0
  206        -236.955   -1465.755           0.000       0.000             206               0
  215         495.697   -1526.198           0.000       0.000             215               0
   71         310.701     170.326           0.000       0.000              71               0
  129        2619.249     576.578           0.000       0.000             129               0
  111         705.732    -450.583           0.000       0.000             111               0
   95         883.544     -47.011           0.000       0.000              95               0
   75         735.702    -344.922           0.000       0.000              75               0
  108         525.501     -78.013           0.000       0.000             108               0
  183       -1257.553     179.530           0.000       0.000             183               0
   48         -32.740    -682.885           0.000       0.000              48               0
    2        -570.587    -277.102           0.000       0.000               2               0
  200        -221.821     397.225           0.000       0.000             200               0
   34        1039.998    -504.896           0.000       0.000              34               0
   51         367.097    -862.887           0.000       0.000              51               0
  232          89.298    -908.871           0.000       0.000             232               0
  197         421.899   -1494.920           0.000       0.000             197               0
   21        -737.847     623.935           0.000       0.000              21               0
   93        -539.300     334.051           0.000       0.000              93               0
   80          88.445     870.277           0.000       0.000              80               0
   51       -2475.689     983.429           0.000       0.000              51               0
   40        1156.298     -99.256           0.000       0.000              40               0
   26         674.001     852.474           0.000       0.000              26               0
  118        -245.871     594.934           0.000       0.000             118               0
  137        -924.272     386.589           0.000       0.000             137               0
  145        -638.880     422.728           0.000       0.000             145               0
  125         237.903    -409.135           0.000       0.000             125               0
   36        -423.971    -378.424           0.000       0.000              36               0
  175        1006.138     -79.646           0.000       0.000             175               0
  136         101.865    -539.230           0.000       0.000             136               0
  148         338.625    -874.257           0.000       0.000             148               0
  132        -531.587    -199.655           0.000       0.000             132               0
   87         289.920     185.523           0.000       0.000              87               0
  107       -1815.885     409.078           0.000       0.000             107               0
  203       -1492.623    -747.361           0.000       0.000             203               0
  216         301.940     796.238           0.000       0.000             216               0
  219        1264.526     178.278           0.000       0.000             219               0
   43        -754.434    -391.663           0.000       0.000              43               0
   36       -1140.281     625.904           0.000       0.000              36               0
   71        -730.983    -887.085           0.000       0.000              71               0
  227          28.980     405.203           0.000       0.000             227               0
   85         198.771    -428.102           0.000       0.000              85               0
   73        -318.092    -969.097           0.000       0.000              73               0
  171        -191.156     348.944           0.000       0.000             171               0
  120         877.443   -1195.171           0.000       0.000             120               0
  124        -113.712     245.586           0.000       0.000             124               0
  148         331.980    -580.270           0.000       0.000             148               0
   61       -1841.042     521.971           0.000       0.000              61               0
  146        -505.168    -214.748           0.000       0.000             146               0
  241          12.266     438.488           0.000       0.000             241               0
  142       -1016.328    -696.723           0.000       0.000             142               0
  198        -200.119     478.163           0.000       0.000             198               0
   26        1999.642     193.615           0.000       0.000              26               0
  168        -773.309      29.010           0.000       0.000             168               0
   60           1.893    1492.873           0.000       0.000              60               0
