SINAL     NFT                         FFT                         NFT INVERSA     FFT INVERSA
-----     -----------------------     -----------------------     -----------     -----------
  212       64522.000       0.000           0.000       0.000             212               0
  232         753.575   -1321.167           0.000       0.000             232               0
   58        2004.096    -628.260           0.000       0.000              58               0
   39         731.435    -403.620           0.000       0.000              39               0
  148         776.973    -642.923           0.000       0.000             148               0
   31       -1661.625    -760.605           0.000       0.000              31               0
  242         545.611    -401.529           0.000       0.000             242               0
  226        1014.274    1794.231           0.000       0.000             226               0
  192        -781.927    -344.737           0.000       0.000             192               0
  113         470.594   -1047.929           0.000       0.000             113               0
   76        -979.140     177.634           0.000       0.000              76               0
    3        1472.318    1133.101           0.000       0.000               3               0
  230        -272.289    1472.207           0.000       0.000             230               0
  137        -943.203    -811.017           0.000       0.000             137               0
  166        1820.219    1649.016           0.000       0.000             166               0
   68         607.904   -1020.469           0.000       0.000              68               0
  198         312.534    -549.873           0.000       0.000             198               0
  195        -757.567    1369.953           0.000       0.000             195               0
  111        -185.039   -1733.613           0.000       0.000             111               0
  191        -739.955    3519.907           0.000       0.000             191               0
  141       -1517.334     439.820           0.000       0.000             141               0
   34        -494.617   -1022.463           0.000       0.000              34               0
  147        -241.136    -780.636           0.000       0.000             147               0
  170         940.713   -1720.410           0.000       0.000             170               0
  117        1837.916     732.025           0.000       0.000             117               0
  106         905.547     711.324           0.000       0.000             106               0
  243       -2362.340    2689.322           0.000       0.000             243               0
   70       -1777.154    -371.473           0.000       0.000              70               0
   96         -91.629    -534.528           0.000       0.000              96               0
  243         198.601     426.900           0.000       0.000             243               0
  163         -43.547     344.276           0.000       0.000             163               0
   53         323.250    -379.220           0.000       0.000              53               0
  220         215.387     364.075           0.000       0.000             220               0
  221       -1013.243    -115.793           0.000       0.000             221               0
   93        -611.943   -1783.537           0.000       0.000              93               0
  113        -461.391    -587.915           0.000       0.000             113               0
  253        -133.842    1237.838           0.000       0.000             253               0
   79         197.494    -195.628           0.000       0.000              79               0
   83         410.980     689.976           0.000       0.000              83               0
  190         451.658   -1902.805           0.000       0.000             190               0
  193         121.239   -1265.497           0.000       0.000             193               0
  159       -1421.098   -1500.311           0.000       0.000             159               0
  193         865.512     -95.298           0.000       0.000             193               0
  168         620.912    1791.411           0.000       0.000             168               0
   41        -526.013     884.465           0.000       0.000              41               0
  104        -600.805     773.443           0.000       0.000             104               0
  236         985.349   -1414.329           0.000       0.000             236               0
  240        -807.128     532.526           0.000       0.000             240               0
   43        1065.894    1297.570           0.000       0.000              43               0
   91         351.219     577.938           0.000       0.000              91               0
  175       -1403.851     661.204           0.000       0.000             175               0
  185         128.124    -227.945           0.000       0.000             185               0
  126        -723.872    2110.036           0.000       0.000             126               0
   66         285.453    1833.322           0.000       0.000              66               0
   99        -870.945    1031.848           0.000       0.000              99               0
  244       -1659.930   -1967.760           0.000       0.000             244               0
  173       -1010.901    1271.535           0.000       0.000             173               0
   86        -458.699   -1085.935           0.000       0.000              86               0
   58        1247.088   -1102.936           0.000       0.000              58               0
   14        -975.190    2759.606           0.000       0.000              14               0
   73        -184.681     238.135           0.000       0.000              73               0
  222         850.022   -2546.052           0.000       0.000             222               0
   68         402.182    -825.756           0.000       0.000              68               0
   38         514.640     984.998           0.000       0.000              38               0
  187        1322.885    1856.221           0.000       0.000             187               0
  161         410.767   -2182.615           0.000       0.000             161               0
  151        1601.711     388.606           0.000       0.000             151               0
  185        1471.124     693.454           0.000       0.000             185               0
  241         120.101   -1907.577           0.000       0.000             241               0
  234         244.797     919.158           0.000       0.000             234               0
  120          26.328    1997.523           0.000       0.000             120               0
  179       -2088.392   -1204.537           0.000       0.000             179               0
  138        1359.112     897.476           0.000       0.000             138               0
   57         936.415     131.709           0.000       0.000              57               0
   91       -1100.833     715.500           0.000       0.000              91               0
  179        -197.651    -459.605           0.000       0.000             179               0
  161        2481.764    -494.199           0.000       0.000             161               0
   71        -774.104   -1773.051           0.000       0.000              71               0
  163         899.402    -302.189           0.000       0.000             163               0
  205        -917.034    -747.948           0.000       0.000             205               0
  163        1835.904    -601.353           0.000       0.000             163               0
   83        1294.242    -747.964           0.000       0.000              83               0
  134           5.541     748.297           0.000       0.000             134               0
   34        -954.283   -1136.373           0.000       0.000              34               0
  149        3374.031   -1060.914           0.000       0.000             149               0
  234         708.113    1485.416           0.000       0.000             234               0
   23         699.102     -89.986           0.000       0.000              23               0
   66       -1964.161   -2100.474           0.000       0.000              66               0
   64         -74.893     -81.928           0.000       0.000              64               0
   81        1610.544   -1193.190           0.000       0.000              81               0
   80        1002.463    -954.110           0.000       0.000              80               0
  138         488.028   -1281.086           0.000       0.000             138               0
   47        2163.776   -2360.329           0.000       0.000              47               0
  149        -293.152    -747.464           0.000       0.000             149               0
  177         176.486    -622.064           0.000       0.000             177               0
  235          85.177    -882.041           0.000       0.000             235               0
   54         571.076     350.368           0.000       0.000              54               0
   72        -630.747   -1189.600           0.000       0.000              72               0
  165        1060.969    1760.687           0.000       0.000             165               0
   40         191.662    -672.683           0.000       0.000              40               0
   50        1055.111    1191.348           0.000       0.000              50               0
   29        -355.394     324.548           0.000       0.000              29               0
  219         906.270     303.417           0.000       0.000             219               0
  188       -1236.055    -638.487           0.000       0.000             188               0
   86        1208.968   -3040.777           0.000       0.000              86               0
   54        -647.251     806.379           0.000       0.000              54               0
  112       -1268.770     994.596           0.000       0.000             112               0
  248        -860.070     780.978           0.000       0.000             248               0
  126        -552.022    1211.298           0.000       0.000             126               0
   20        1739.413    1295.475           0.000       0.000              20               0
  198         959.378     178.688           0.000       0.000             198               0
   34        2651.989    -373.200           0.000       0.000              34               0
  103        -696.057     392.765           0.000       0.000             103               0
   77        -286.872     304.094           0.000       0.000              77               0
   68        -743.669    2495.185           0.000       0.000              68               0
  252       -1478.416     579.862           0.000       0.000             252               0
   55         236.321   -2158.664           0.000       0.000              55               0
   92       -1569.740    1075.513           0.000       0.000              92               0
   63       -1998.945    2699.885           0.000       0.000              63               0
  120         379.364    -720.234           0.000       0.000             120               0
  173         255.059    1011.087           0.000       0.000             173               0
  144        1349.675    -825.181           0.000       0.000             144               0
    3       -1715.990   -1468.033           0.000       0.000               3               0
  221         261.385    -973.656           0.000       0.000             221               0
   37         166.057    1044.707           0.000       0.000              37               0
  180         325.633    -710.345           0.000       0.000             180               0
  201        -770.342   -1915.201           0.000       0.000             201               0
   92        -267.269     329.089           0.000       0.000              92               0
  252         -53.917    -344.063           0.000       0.000             252               0
  110         895.417    -382.315           0.000       0.000             110               0
  132        -246.146   -1484.360           0.000       0.000             132               0
   47        2493.381   -2744.519           0.000       0.000              47               0
  140        -578.259     769.434           0.000       0.000             140               0
   95         203.014    -423.685           0.000       0.000              95               0
  236        1402.196     226.134           0.000       0.000             236               0
  227         899.801    -461.592           0.000       0.000             227               0
  149          13.684      80.234           0.000       0.000             149               0
   92         298.069    -744.706           0.000       0.000              92               0
  220       -1101.769     551.150           0.000       0.000             220               0
   20        -106.773     667.675           0.000       0.000              20               0
  113        1075.352    -646.330           0.000       0.000             113               0
  162         403.901     786.227           0.000       0.000             162               0
   54        2880.135     834.827           0.000       0.000              54               0
  216         426.132     809.208           0.000       0.000             216               0
  239       -1575.695    -356.148           0.000       0.000             239               0
  123         768.029    -855.938           0.000       0.000             123               0
  213       -2513.192   -2630.047           0.000       0.000             213               0
   38       -1784.641   -1959.587           0.000       0.000              38               0
  215        1363.271     426.409           0.000       0.000             215               0
   21       -2635.194    2092.392           0.000       0.000              21               0
  159          90.645    -136.072           0.000       0.000             159               0
  133        -643.769     719.032           0.000       0.000             133               0
  165         538.297     384.713           0.000       0.000             165               0
  162         258.737    -440.092           0.000       0.000             162               0
   98         546.476    1788.653           0.000       0.000              98               0
  203        -356.067    1788.154           0.000       0.000             203               0
   86        1154.328     754.527           0.000       0.000              86               0
   44        1665.664     117.980           0.000       0.000              44               0
   39        1202.099    -454.291           0.000       0.000              39               0
   83         137.178   -1201.978           0.000       0.000              83               0
  155         590.950   -1570.142           0.000       0.000             155               0
  171       -1897.253   -1131.843           0.000       0.000             171               0
  130         321.501   -1743.116           0.000       0.000             130               0
   39         985.626     262.929           0.000       0.000              39               0
   11       -1693.045   -2106.833           0.000       0.000              11               0
  110        -378.314    -987.264           0.000       0.000             110               0
   11       -1034.877    -725.788           0.000       0.000              11               0
  161        -200.140     537.617           0.000       0.000             161               0
  202        1389.056   -1245.682           0.000       0.000             202               0
  231        -599.708    -578.314           0.000       0.000             231               0
  181        -806.289    -643.443           0.000       0.000             181               0
   60        1372.536    -454.378           0.000       0.000              60               0
  137       -1944.484   -1371.119           0.000       0.000             137               0
  235        1027.676    -420.579           0.000       0.000             235               0
   20         510.706     721.661           0.000       0.000              20               0
  121        1393.298     952.472           0.000       0.000             121               0
  103        -926.965   -1304.552           0.000       0.000             103               0
  234         219.820   -1150.866           0.000       0.000             234               0
  160        -175.708    -629.456           0.000       0.000             160               0
   62        1573.184   -2257.930           0.000       0.000              62               0
  255       -1638.192    -373.545           0.000       0.000             255               0
   63         925.349    -340.689           0.000       0.000              63               0
  195        -101.637    -416.420           0.000       0.000             195               0
  165        1555.846      48.003           0.000       0.000             165               0
  226        -694.833   -1512.170           0.000       0.000             226               0
   38         421.104    1094.898           0.000       0.000              38               0
  113        -554.791     295.898           0.000       0.000             113               0
   56        -272.655   -2048.732           0.000       0.000              56               0
   83        1524.509   -2624.579           0.000       0.000              83               0
  152        -654.404    -643.878           0.000       0.000             152               0
  139         878.002     728.832           0.000       0.000             139               0
  238       -1567.799     180.208           0.000       0.000             238               0
   68         497.288   -1335.664           0.000       0.000              68               0
   14        1328.884     328.367           0.000       0.000              14               0
   22         628.745    -729.632           0.000       0.000              22               0
   80       -1520.168    2540.502           0.000       0.000              80               0
  124         704.926   -2162.839           0.000       0.000             124               0
   33        -766.408    -968.836           0.000       0.000              33               0
  241        -635.431     243.114           0.000       0.000             241               0
   71        -663.727    1435.432           0.000       0.000              71               0
    8         716.148    -506.654           0.000       0.000               8               0
  166         657.653   -1441.337           0.000       0.000             166               0
  131        -595.276   -1370.393           0.000       0.000             131               0
  146         -82.167    1499.010           0.000       0.000             146               0
  146        -206.686    2744.213           0.000       0.000             146               0
  152         491.125   -1781.808           0.000       0.000             152               0
   11       -1935.894    -759.951           0.000       0.000              11               0
  249         693.268     417.521           0.000       0.000             249               0
  131         417.240     627.605           0.000       0.000             131               0
  172        1905.804    -263.986           0.000       0.000             172               0
   56       -1131.193    1697.517           0.000       0.000              56               0
  131        2432.916    -908.779           0.000       0.000             131               0
  236         480.361     571.802           0.000       0.000             236               0
  252         200.646    2221.979           0.000       0.000             252               0
   40        -110.184    1790.053           0.000       0.000              40               0
  206         650.623     611.454           0.000       0.000             206               0
   34       -1860.569     -98.280           0.000       0.000              34               0
  153         519.098    1065.895           0.000       0.000             153               0
    6        -422.721   -1476.134           0.000       0.000               6               0
  117       -1650.005    1727.302           0.000       0.000             117               0
   50         491.883   -3428.564           0.000       0.000              50               0
  146        -729.328     881.313           0.000       0.000             146               0
  100         525.409    -309.043           0.000       0.000             100               0
  119       -2169.889    -350.339           0.000       0.000             119               0
  160         618.582     615.742           0.000       0.000             160               0
  122        1111.274   -1413.243           0.000       0.000             122               0
  199         214.861    -944.202           0.000       0.000             199               0
   29       -1351.841    1231.058           0.000       0.000              29               0
  155         826.488    1300.792           0.000       0.000             155               0
  184       -1503.155    -929.888           0.000       0.000             184               0
  100        -467.906    -726.620           0.000       0.000             100               0
  164        1632.368     367.049           0.000       0.000             164               0
   95       -1307.246     612.821           0.000       0.000              95               0
  231         398.190    -662.772           0.000       0.000             231               0
   54       -1492.746    -418.414           0.000       0.000              54               0
  242        -469.905    1823.170           0.000       0.000             242               0
  128        -465.920      96.782           0.000       0.000             128               0
   66        1484.077   -1176.332           0.000       0.000              66               0
  236        -143.057     671.795           0.000       0.000             236               0
    3        -438.631     251.102           0.000       0.000               3               0
  238        -497.298    2102.146           0.000       0.000             238               0
   36        -502.446    -255.184           0.000       0.000              36               0
  134        1117.843     318.562           0.000       0.000             134               0
  218       -1312.411   -1220.466           0.000       0.000             218               0
   32       -1662.886     334.680           0.000       0.000              32               0
  175         744.266     275.563           0.000       0.000             175               0
  168        -604.386   -2491.925           0.000       0.000             168               0
   67        -727.512     647.901           0.000       0.000              67               0
   73        1555.408    -504.158           0.000       0.000              73               0
  175         -76.700     112.194           0.000       0.000             175               0
  184        1715.673    -889.784           0.000       0.000             184               0
  123         334.045     227.278           0.000       0.000             123               0
   66        2612.601     822.359           0.000       0.000              66               0
   28        1976.569     563.099           0.000       0.000              28               0
  243        -691.234     435.065           0.000       0.000             243               0
  227        1710.631    -227.339           0.000       0.000             227               0
  151         466.000       0.044           0.000       0.000             151               0
  186        1710.467     227.785           0.000       0.000             186               0
    0        -691.050    -435.437           0.000       0.000              -0               0
   50        1976.947    -562.494           0.000       0.000              50               0
  115        2612.641    -821.403           0.000       0.000             115               0
  101         333.791    -226.953           0.000       0.000             101               0
  214        1715.025     890.453           0.000       0.000             214               0
  211         -77.034    -112.205           0.000       0.000             211               0
   76        1554.795     504.690           0.000       0.000              76               0
   13        -727.811    -647.990           0.000       0.000              13               0
  197        -605.475    2491.690           0.000       0.000             197               0
  205         743.995    -275.614           0.000       0.000             205               0
   79       -1663.111    -335.298           0.000       0.000              79               0
  177       -1312.750    1219.863           0.000       0.000             177               0
  208        1117.932    -318.478           0.000       0.000             208               0
   61        -502.733     254.682           0.000       0.000              61               0
  214        -496.678   -2102.462           0.000       0.000             214               0
   87        -438.544    -251.149           0.000       0.000              87               0
   24        -142.741    -671.697           0.000       0.000              24               0
  246        1483.551    1176.844           0.000       0.000             246               0
    6        -466.200     -97.178           0.000       0.000               6               0
  192        -469.517   -1823.292           0.000       0.000             192               0
   57       -1492.897     418.128           0.000       0.000              57               0
   79         398.000     662.876           0.000       0.000              79               0
  112       -1306.933    -613.307           0.000       0.000             112               0
  242        1632.508    -366.377           0.000       0.000             242               0
  203        -468.407     726.549           0.000       0.000             203               0
  178       -1503.431     929.189           0.000       0.000             178               0
   15         826.958   -1300.682           0.000       0.000              15               0
  190       -1351.397   -1231.279           0.000       0.000             190               0
  150         214.764     944.555           0.000       0.000             150               0
  166        1110.801    1413.543           0.000       0.000             166               0
  121         618.475    -615.644           0.000       0.000             121               0
  150       -2170.094     349.630           0.000       0.000             150               0
  217         525.394     309.154           0.000       0.000             217               0
  237        -729.028    -881.391           0.000       0.000             237               0
  251         490.671    3428.561           0.000       0.000             251               0
  176       -1649.433   -1728.195           0.000       0.000             176               0
  192        -422.985    1475.771           0.000       0.000             192               0
   72         519.508   -1066.057           0.000       0.000              72               0
  189       -1860.412      97.414           0.000       0.000             189               0
  134         651.166    -611.594           0.000       0.000             134               0
   22        -109.366   -1790.318           0.000       0.000              22               0
   12         201.666   -2221.771           0.000       0.000              12               0
   56         480.868    -571.288           0.000       0.000              56               0
  230        2432.594     909.668           0.000       0.000             230               0
   74       -1130.652   -1697.818           0.000       0.000              74               0
   14        1905.759     264.831           0.000       0.000              14               0
   61         417.236    -627.321           0.000       0.000              61               0
   98         693.082    -417.007           0.000       0.000              98               0
    4       -1936.262     759.547           0.000       0.000               4               0
   67         490.618    1781.751           0.000       0.000              67               0
   35        -205.793   -2744.420           0.000       0.000              35               0
   62         -81.672   -1498.527           0.000       0.000              62               0
  147        -595.639    1370.682           0.000       0.000             147               0
  147         657.273    1441.642           0.000       0.000             147               0
   48         715.852     506.738           0.000       0.000              48               0
   94        -663.398   -1435.615           0.000       0.000              94               0
   70        -635.351    -242.980           0.000       0.000              70               0
   63        -766.579     968.876           0.000       0.000              63               0
   29         704.268    2162.898           0.000       0.000              29               0
  221       -1519.160   -2541.054           0.000       0.000             221               0
  230         628.844     730.136           0.000       0.000             230               0
  150        1329.059    -327.682           0.000       0.000             150               0
  115         496.653    1335.986           0.000       0.000             115               0
  191       -1567.696    -180.703           0.000       0.000             191               0
  131         878.400    -728.241           0.000       0.000             131               0
  111        -654.477     644.157           0.000       0.000             111               0
  111        1523.692    2625.317           0.000       0.000             111               0
   68        -273.458    2048.386           0.000       0.000              68               0
  184        -554.621    -296.395           0.000       0.000             184               0
   44         421.558   -1094.662           0.000       0.000              44               0
  202        -695.159    1512.060           0.000       0.000             202               0
  206        1555.974     -47.492           0.000       0.000             206               0
   57        -101.816     416.475           0.000       0.000              57               0
    2         925.123     341.113           0.000       0.000               2               0
  181       -1638.251     373.225           0.000       0.000             181               0
  131        1572.557    2258.509           0.000       0.000             131               0
   16        -175.994     629.263           0.000       0.000              16               0
  243         219.403    1150.816           0.000       0.000             243               0
  230        -927.261    1303.899           0.000       0.000             230               0
   21        1393.759    -952.291           0.000       0.000              21               0
   55         510.874    -721.418           0.000       0.000              55               0
    9        1027.274     421.128           0.000       0.000               9               0
   84       -1945.002    1370.512           0.000       0.000              84               0
  202        1372.413     454.774           0.000       0.000             202               0
  157        -806.627     643.143           0.000       0.000             157               0
  132        -599.761     578.091           0.000       0.000             132               0
   41        1388.633    1246.003           0.000       0.000              41               0
  228        -200.199    -537.759           0.000       0.000             228               0
  196       -1035.205     725.546           0.000       0.000             196               0
   70        -378.641     987.205           0.000       0.000              70               0
  193       -1693.522    2106.093           0.000       0.000             193               0
  170         985.983    -262.762           0.000       0.000             170               0
  220         320.871    1743.141           0.000       0.000             220               0
   53       -1897.438    1130.962           0.000       0.000              53               0
  106         590.823    1569.984           0.000       0.000             106               0
   96         137.101    1201.484           0.000       0.000              96               0
  165        1202.236     454.065           0.000       0.000             165               0
  218        1665.746    -118.050           0.000       0.000             218               0
  165        1154.374    -754.722           0.000       0.000             165               0
   93        -355.625   -1788.639           0.000       0.000              93               0
    7         547.006   -1788.458           0.000       0.000               7               0
  111         258.460     440.212           0.000       0.000             111               0
   44         538.200    -384.665           0.000       0.000              44               0
   64        -643.751    -719.291           0.000       0.000              64               0
  114          90.343     136.005           0.000       0.000             114               0
  226       -2634.466   -2093.174           0.000       0.000             226               0
  196        1363.454    -425.440           0.000       0.000             196               0
  131       -1785.465    1959.373           0.000       0.000             131               0
  213       -2513.714    2629.077           0.000       0.000             213               0
  170         768.152     855.767           0.000       0.000             170               0
  153       -1575.398     355.162           0.000       0.000             153               0
   13         427.093    -809.429           0.000       0.000              13               0
  180        2880.691    -834.023           0.000       0.000             180               0
  237         404.128    -786.065           0.000       0.000             237               0
  215        1075.068     646.658           0.000       0.000             215               0
   81        -106.699    -667.799           0.000       0.000              81               0
  113       -1101.488    -551.409           0.000       0.000             113               0
    1         298.063     744.878           0.000       0.000               1               0
   54          13.958     -80.232           0.000       0.000              54               0
   54         899.888     461.889           0.000       0.000              54               0
   71        1402.294    -225.646           0.000       0.000              71               0
  247         202.787     423.804           0.000       0.000             247               0
  225        -577.821    -769.360           0.000       0.000             225               0
   36        2492.482    2745.529           0.000       0.000              36               0
   44        -246.830    1484.006           0.000       0.000              44               0
   76         895.154     382.314           0.000       0.000              76               0
  133         -54.248     343.812           0.000       0.000             133               0
  209        -267.308    -329.231           0.000       0.000             209               0
   38        -770.978    1914.806           0.000       0.000              38               0
   42         325.452     710.016           0.000       0.000              42               0
   47         166.369   -1044.867           0.000       0.000              47               0
   45         260.912     973.692           0.000       0.000              45               0
  154       -1716.396    1467.141           0.000       0.000             154               0
   92        1349.537     825.057           0.000       0.000              92               0
  110         255.251   -1011.473           0.000       0.000             110               0
   12         378.819     719.847           0.000       0.000              12               0
   62       -1998.236   -2700.914           0.000       0.000              62               0
   50       -1569.178   -1075.874           0.000       0.000              50               0
  143         235.766    2158.585           0.000       0.000             143               0
   20       -1478.063    -580.919           0.000       0.000              20               0
  221        -742.461   -2495.615           0.000       0.000             221               0
   40        -286.358    -304.109           0.000       0.000              40               0
   33        -695.317    -392.977           0.000       0.000              33               0
  146        2652.288     374.006           0.000       0.000             146               0
   22         959.488    -178.611           0.000       0.000              22               0
  249        1739.672   -1295.060           0.000       0.000             249               0
  228        -551.901   -1211.446           0.000       0.000             228               0
  136        -859.886    -781.130           0.000       0.000             136               0
  251       -1268.285    -994.773           0.000       0.000             251               0
   26        -646.597    -806.065           0.000       0.000              26               0
  190        1208.162    3041.414           0.000       0.000             190               0
   66       -1236.051     637.808           0.000       0.000              66               0
   17         906.679    -303.318           0.000       0.000              17               0
  160        -355.017    -324.789           0.000       0.000             160               0
  103        1055.768   -1190.919           0.000       0.000             103               0
   62         191.612     672.810           0.000       0.000              62               0
  236        1061.641   -1760.135           0.000       0.000             236               0
  236        -631.032    1189.686           0.000       0.000             236               0
   16         571.407    -349.972           0.000       0.000              16               0
   19          85.055     882.333           0.000       0.000              19               0
   23         176.498     622.320           0.000       0.000              23               0
   63        -293.008     747.629           0.000       0.000              63               0
   64        2163.261    2361.134           0.000       0.000              64               0
  177         487.671    1281.084           0.000       0.000             177               0
  156        1002.257     954.275           0.000       0.000             156               0
  175        1610.033    1193.494           0.000       0.000             175               0
  189         -75.177      81.745           0.000       0.000             189               0
  218       -1964.698    2099.533           0.000       0.000             218               0
  226         699.519      89.709           0.000       0.000             226               0
   77         709.008   -1485.319           0.000       0.000              77               0
  239        3373.632    1062.074           0.000       0.000             239               0
  191        -954.877    1135.794           0.000       0.000             191               0
  118           5.980    -748.478           0.000       0.000             118               0
   17        1294.158     748.353           0.000       0.000              17               0
   81        1835.531     601.835           0.000       0.000              81               0
  140        -917.412     747.462           0.000       0.000             140               0
   11         899.310     302.351           0.000       0.000              11               0
   54        -774.569    1772.520           0.000       0.000              54               0
   20        2481.592     494.565           0.000       0.000              20               0
    6        -198.101     459.040           0.000       0.000               6               0
   80       -1100.550    -716.290           0.000       0.000              80               0
  211         936.607    -131.710           0.000       0.000             211               0
   73        1359.187    -897.206           0.000       0.000              73               0
   98       -2088.870    1203.512           0.000       0.000              98               0
  115          27.276   -1997.820           0.000       0.000             115               0
  176         245.336    -918.926           0.000       0.000             176               0
  160         119.761    1907.539           0.000       0.000             160               0
   96        1471.604    -693.241           0.000       0.000              96               0
  157        1601.825    -388.077           0.000       0.000             157               0
  176         409.973    2182.436           0.000       0.000             176               0
  115        1323.411   -1856.178           0.000       0.000             115               0
  180         514.774    -984.741           0.000       0.000             180               0
  239         401.748     826.040           0.000       0.000             239               0
  179         848.923    2546.005           0.000       0.000             179               0
  101        -184.908    -238.881           0.000       0.000             101               0
  140        -974.338   -2760.094           0.000       0.000             140               0
   98        1246.582    1103.434           0.000       0.000              98               0
   34        -459.408    1085.440           0.000       0.000              34               0
  102       -1010.706   -1272.118           0.000       0.000             102               0
   68       -1660.582    1966.835           0.000       0.000              68               0
  112        -870.370   -1032.797           0.000       0.000             112               0
   86         286.217   -1833.609           0.000       0.000              86               0
    4        -723.057   -2110.276           0.000       0.000               4               0
  230         128.146     228.032           0.000       0.000             230               0
  104       -1403.408    -661.784           0.000       0.000             104               0
   86         351.784    -577.911           0.000       0.000              86               0
  115        1066.437   -1297.178           0.000       0.000             115               0
  115        -806.837    -532.570           0.000       0.000             115               0
  140         984.984    1414.635           0.000       0.000             140               0
  135        -600.521    -773.865           0.000       0.000             135               0
  122        -525.489    -884.710           0.000       0.000             122               0
  221         621.738   -1790.971           0.000       0.000             221               0
   90         865.449      96.054           0.000       0.000              90               0
  195       -1421.531    1500.106           0.000       0.000             195               0
   63         121.106    1265.563           0.000       0.000              63               0
  206         451.213    1902.663           0.000       0.000             206               0
  116         411.303    -690.181           0.000       0.000             116               0
  223         197.454     195.487           0.000       0.000             223               0
   46        -133.421   -1237.910           0.000       0.000              46               0
   17        -461.542     587.914           0.000       0.000              17               0
  143        -612.423    1783.174           0.000       0.000             143               0
  161       -1012.996     115.088           0.000       0.000             161               0
  197         215.857    -364.237           0.000       0.000             197               0
  127         323.343     379.102           0.000       0.000             127               0
   84         -43.259    -344.547           0.000       0.000              84               0
   42         198.871    -426.974           0.000       0.000              42               0
   11         -91.805     534.305           0.000       0.000              11               0
  183       -1777.152     370.415           0.000       0.000             183               0
   77       -2360.782   -2690.341           0.000       0.000              77               0
  114         906.617    -710.865           0.000       0.000             114               0
  252        1838.587    -731.131           0.000       0.000             252               0
  190         940.232    1720.857           0.000       0.000             190               0
  201        -241.338     780.370           0.000       0.000             201               0
    1        -494.827    1021.904           0.000       0.000               1               0
  164       -1516.852    -440.896           0.000       0.000             164               0
   49        -738.213   -3520.157           0.000       0.000              49               0
   87        -185.041    1733.676           0.000       0.000              87               0
   23        -756.433   -1370.272           0.000       0.000              23               0
  165         313.122     550.057           0.000       0.000             165               0
  228         608.293    1020.423           0.000       0.000             228               0
  159        1821.225   -1648.575           0.000       0.000             159               0
   31        -943.042     810.578           0.000       0.000              31               0
  193        -271.020   -1472.479           0.000       0.000             193               0
  250        1473.339   -1132.483           0.000       0.000             250               0
  226        -978.417    -177.718           0.000       0.000             226               0
    0         471.095    1048.148           0.000       0.000               0               0
  200        -781.024     344.271           0.000       0.000             200               0
   86        1016.034   -1793.862           0.000       0.000              86               0
  224         546.550     401.972           0.000       0.000             224               0
  246       -1660.332     760.145           0.000       0.000             246               0
  103         778.877     643.158           0.000       0.000             103               0
  112         733.891     403.807           0.000       0.000             112               0
  151        2007.412     628.857           0.000       0.000             151               0
   45         759.881    1321.142           0.000       0.000              45               0
