SINAL     NFT                         FFT                         NFT INVERSA     FFT INVERSA
-----     -----------------------     -----------------------     -----------     -----------
  183       68129.000       0.000           0.000       0.000             183               0
  222        -722.079    -303.058           0.000       0.000             222               0
  250         554.492     133.333           0.000       0.000             250               0
   92        2063.005    -130.798           0.000       0.000              92               0
  243        -848.634    -860.733           0.000       0.000             243               0
   51        1115.198     638.019           0.000       0.000              51               0
  227       -2497.618     598.664           0.000       0.000             227               0
  190        1427.715    -587.880           0.000       0.000             190               0
    9       -1503.018    1632.195           0.000       0.000               9               0
  227         872.425     357.174           0.000       0.000             227               0
  188        -196.545     -16.779           0.000       0.000             188               0
  223        -726.859   -1501.675           0.000       0.000             223               0
   14        -759.390   -1250.662           0.000       0.000              14               0
   43         258.921    -104.382           0.000       0.000              43               0
   53        -586.651     181.258           0.000       0.000              53               0
  195        -696.125    -252.075           0.000       0.000             195               0
   16        2639.703    -161.328           0.000       0.000              16               0
   97        1280.618     314.429           0.000       0.000              97               0
  252       -1019.399    -210.978           0.000       0.000             252               0
  204       -1535.896    -679.526           0.000       0.000             204               0
   19          78.094     307.774           0.000       0.000              19               0
   22         454.820    -574.645           0.000       0.000              22               0
  221        1816.446   -1715.040           0.000       0.000             221               0
  236        -479.652   -1050.436           0.000       0.000             236               0
  224        1893.701     302.584           0.000       0.000             224               0
   73        -903.308     780.924           0.000       0.000              73               0
  125        1868.102   -1822.738           0.000       0.000             125               0
  203        -932.326   -2109.038           0.000       0.000             203               0
  246         417.270   -3551.550           0.000       0.000             246               0
  129         795.299     847.775           0.000       0.000             129               0
   82        -750.647     162.187           0.000       0.000              82               0
  173       -3452.505     -89.775           0.000       0.000             173               0
   95       -1105.268    -664.429           0.000       0.000              95               0
   76         -16.209     599.243           0.000       0.000              76               0
   10         255.068     541.472           0.000       0.000              10               0
   83         433.821    -524.432           0.000       0.000              83               0
  128        -371.563    -842.380           0.000       0.000             128               0
  238        -490.635     721.189           0.000       0.000             238               0
   17        2173.097   -2172.105           0.000       0.000              17               0
  137        -943.801   -1199.068           0.000       0.000             137               0
  209        1447.495   -1509.517           0.000       0.000             209               0
  206        1481.529    1311.010           0.000       0.000             206               0
  105        -595.239    -243.132           0.000       0.000             105               0
  224       -2878.551     116.604           0.000       0.000             224               0
  249         827.767     -26.230           0.000       0.000             249               0
  158         693.954    -664.418           0.000       0.000             158               0
  163        -847.021    -462.905           0.000       0.000             163               0
   10        -670.540      43.075           0.000       0.000              10               0
    0        1597.036    -352.827           0.000       0.000               0               0
  160       -1009.283   -1067.034           0.000       0.000             160               0
  214         183.700     603.210           0.000       0.000             214               0
   19        1178.021    -491.401           0.000       0.000              19               0
  183         242.002   -1450.777           0.000       0.000             183               0
  180         952.277    -682.995           0.000       0.000             180               0
    0        2274.697    -453.840           0.000       0.000               0               0
  151         677.975   -1233.450           0.000       0.000             151               0
  254         481.857    -543.131           0.000       0.000             254               0
  125        -355.154     993.591           0.000       0.000             125               0
   98        1978.351    1503.751           0.000       0.000              98               0
  244        2495.727   -1654.799           0.000       0.000             244               0
  254        1451.804     494.105           0.000       0.000             254               0
  181        -518.277    1015.878           0.000       0.000             181               0
  162         636.558     561.705           0.000       0.000             162               0
   94        -546.394   -3100.584           0.000       0.000              94               0
    2       -1120.288    -513.112           0.000       0.000               2               0
  173        -342.080    -210.276           0.000       0.000             173               0
  177         213.364    -315.175           0.000       0.000             177               0
  130        2253.412     492.838           0.000       0.000             130               0
  155        -485.880    -257.098           0.000       0.000             155               0
  195         550.447     365.056           0.000       0.000             195               0
   12        1386.462   -1436.026           0.000       0.000              12               0
  108        -670.746    -259.973           0.000       0.000             108               0
  145        1581.170   -1700.362           0.000       0.000             145               0
  118        1481.646     611.255           0.000       0.000             118               0
   77       -2472.890     848.203           0.000       0.000              77               0
  138        -931.615   -2092.396           0.000       0.000             138               0
   20         -69.260    1333.276           0.000       0.000              20               0
  241         799.619    1887.204           0.000       0.000             241               0
  149        -763.480    1964.216           0.000       0.000             149               0
   21       -2114.196   -1033.054           0.000       0.000              21               0
  145       -1857.775     489.259           0.000       0.000             145               0
  108       -1615.575    1140.112           0.000       0.000             108               0
   40        1386.970    -233.737           0.000       0.000              40               0
   72        -881.793    1258.903           0.000       0.000              72               0
   32         466.382    -107.475           0.000       0.000              32               0
   41          58.894   -1784.808           0.000       0.000              41               0
  223        -804.791    -367.769           0.000       0.000             223               0
   30          73.246    -381.933           0.000       0.000              30               0
  166        -509.519    -492.320           0.000       0.000             166               0
   66        1634.037    -157.371           0.000       0.000              66               0
   19        -704.674    -621.668           0.000       0.000              19               0
  165        1721.173    -624.645           0.000       0.000             165               0
  247         369.996    -137.433           0.000       0.000             247               0
  181        1293.315    -352.341           0.000       0.000             181               0
    4        3256.604   -1952.198           0.000       0.000               4               0
  249       -1242.381    -905.006           0.000       0.000             249               0
   99         169.142    -321.235           0.000       0.000              99               0
  181        -468.257    -595.993           0.000       0.000             181               0
  124         182.450    -427.699           0.000       0.000             124               0
  254         655.072     316.253           0.000       0.000             254               0
  121        1273.608    1058.878           0.000       0.000             121               0
  137         854.116     -38.819           0.000       0.000             137               0
  106         556.980    -441.049           0.000       0.000             106               0
   10        1208.111     713.042           0.000       0.000              10               0
  255        -855.959    -488.066           0.000       0.000             255               0
  184         779.221    2605.284           0.000       0.000             184               0
  149        -204.976    1282.687           0.000       0.000             149               0
   20        -850.551     791.880           0.000       0.000              20               0
  169       -1297.599    -548.041           0.000       0.000             169               0
   42         714.148     640.804           0.000       0.000              42               0
   41          -0.912    -283.118           0.000       0.000              41               0
   58        1077.701    -283.301           0.000       0.000              58               0
  150        2026.097    1870.962           0.000       0.000             150               0
   82        1123.733    -571.242           0.000       0.000              82               0
  130        -966.728   -1627.321           0.000       0.000             130               0
  183         540.869   -1074.203           0.000       0.000             183               0
  123       -2510.515   -2107.236           0.000       0.000             123               0
   98         140.524     -24.712           0.000       0.000              98               0
  214        -685.963   -3175.228           0.000       0.000             214               0
   33        -121.600   -3400.160           0.000       0.000              33               0
  165       -2163.743    -731.084           0.000       0.000             165               0
  233         285.652   -1116.861           0.000       0.000             233               0
  199       -2238.859    -961.770           0.000       0.000             199               0
  156         605.349    1127.940           0.000       0.000             156               0
  159       -2125.976    1550.675           0.000       0.000             159               0
  203        -108.678      -0.140           0.000       0.000             203               0
  150       -1522.648    1277.137           0.000       0.000             150               0
    2         267.519    1347.761           0.000       0.000               2               0
  129        1857.057    -817.914           0.000       0.000             129               0
   18       -2165.823   -1354.396           0.000       0.000              18               0
    0        -405.238    -367.867           0.000       0.000              -0               0
  250        -529.467   -1137.615           0.000       0.000             250               0
  156        2040.777     175.296           0.000       0.000             156               0
  107        1077.123    1350.950           0.000       0.000             107               0
    4         461.724     520.442           0.000       0.000               4               0
  155        1685.590      53.959           0.000       0.000             155               0
   35        1524.771    1860.908           0.000       0.000              35               0
  154           9.705    1880.089           0.000       0.000             154               0
  175         501.298    1522.272           0.000       0.000             175               0
  205        -464.801    1339.458           0.000       0.000             205               0
  196        -718.590   -1261.405           0.000       0.000             196               0
  217          32.032   -1349.486           0.000       0.000             217               0
    7         257.751    -712.910           0.000       0.000               7               0
   91        1145.674     791.262           0.000       0.000              91               0
   43        -360.053     543.555           0.000       0.000              43               0
  138         761.649    -298.219           0.000       0.000             138               0
   18        1003.841    -659.432           0.000       0.000              18               0
  166         244.082     331.980           0.000       0.000             166               0
  237         353.790   -1098.466           0.000       0.000             237               0
  233         586.805   -2197.089           0.000       0.000             233               0
  199         634.121    1256.323           0.000       0.000             199               0
  146         257.727    1819.170           0.000       0.000             146               0
  210         653.607     663.621           0.000       0.000             210               0
  143        -705.864    -354.319           0.000       0.000             143               0
   47       -1449.599    2927.494           0.000       0.000              47               0
  114         -92.443     833.861           0.000       0.000             114               0
   90        1903.649    -352.620           0.000       0.000              90               0
  198         229.772   -1411.556           0.000       0.000             198               0
  117        -369.813   -3105.882           0.000       0.000             117               0
  219        -898.687    2908.697           0.000       0.000             219               0
  217       -1573.693    -286.160           0.000       0.000             217               0
  117        -971.768     644.510           0.000       0.000             117               0
  214       -1133.839     502.726           0.000       0.000             214               0
  117        -664.091    -230.506           0.000       0.000             117               0
  225        2355.175    1634.507           0.000       0.000             225               0
  218        1876.089    -725.611           0.000       0.000             218               0
   16        2047.466    1212.531           0.000       0.000              16               0
    5        1877.597   -1715.158           0.000       0.000               5               0
  116        -458.450      76.530           0.000       0.000             116               0
  192       -1120.410   -1511.477           0.000       0.000             192               0
  210       -1560.161    1356.440           0.000       0.000             210               0
   57         629.766     343.887           0.000       0.000              57               0
  153          28.305     -66.792           0.000       0.000             153               0
  218         217.060    -153.274           0.000       0.000             218               0
  149         859.507    -474.788           0.000       0.000             149               0
  196       -1670.447    1813.517           0.000       0.000             196               0
  101       -2451.200   -1475.343           0.000       0.000             101               0
  168         442.739     477.196           0.000       0.000             168               0
  106        -212.043     722.094           0.000       0.000             106               0
   82        -754.746    -832.229           0.000       0.000              82               0
  145        -519.522   -2327.234           0.000       0.000             145               0
   50       -1498.828    -781.610           0.000       0.000              50               0
  229       -1197.859   -1339.799           0.000       0.000             229               0
  100         185.201      65.614           0.000       0.000             100               0
  194         559.803      84.556           0.000       0.000             194               0
   21       -1356.702    -726.822           0.000       0.000              21               0
  214        1752.891    -102.737           0.000       0.000             214               0
   28        -302.808   -1044.055           0.000       0.000              28               0
  219       -1163.229     117.171           0.000       0.000             219               0
   75       -1547.611   -1958.671           0.000       0.000              75               0
  248         730.807    1494.708           0.000       0.000             248               0
  181        -604.308     187.546           0.000       0.000             181               0
  193         568.251     136.985           0.000       0.000             193               0
  207        -677.384    -570.625           0.000       0.000             207               0
   42        -322.924      36.089           0.000       0.000              42               0
  162        -685.146    1416.459           0.000       0.000             162               0
  169           5.810     912.870           0.000       0.000             169               0
   59        -945.461   -1754.065           0.000       0.000              59               0
  168         417.412     387.984           0.000       0.000             168               0
   30        -868.262     811.961           0.000       0.000              30               0
  251          85.440   -2086.093           0.000       0.000             251               0
  122        -534.027    1807.197           0.000       0.000             122               0
   88       -1382.383    1017.659           0.000       0.000              88               0
  149       -1135.330   -1266.741           0.000       0.000             149               0
   85        -313.565    1500.376           0.000       0.000              85               0
  238        1445.137   -1675.516           0.000       0.000             238               0
   90       -1816.348      60.419           0.000       0.000              90               0
  186         386.571     487.404           0.000       0.000             186               0
  150        -124.014     545.710           0.000       0.000             150               0
  196         240.409    -927.290           0.000       0.000             196               0
   12         -50.144     239.327           0.000       0.000              12               0
   39        1156.015    1270.890           0.000       0.000              39               0
  247        1185.545    2029.456           0.000       0.000             247               0
  242       -1408.148    -183.238           0.000       0.000             242               0
  139       -1640.906    1088.081           0.000       0.000             139               0
  185        1838.722     445.628           0.000       0.000             185               0
    7       -1327.999     400.659           0.000       0.000               7               0
   98         290.149    1134.026           0.000       0.000              98               0
  214       -1601.495     148.877           0.000       0.000             214               0
  227       -1951.308      40.487           0.000       0.000             227               0
  173        1777.501     221.334           0.000       0.000             173               0
  207       -1092.722    1482.430           0.000       0.000             207               0
  153        -207.710    -120.629           0.000       0.000             153               0
  111        1359.424   -1703.426           0.000       0.000             111               0
  158        -630.468    1910.921           0.000       0.000             158               0
  195        -203.749    2144.272           0.000       0.000             195               0
   18         -89.979     776.586           0.000       0.000              18               0
   72       -1590.947     171.958           0.000       0.000              72               0
  254        -137.571    -533.117           0.000       0.000             254               0
  186       -2032.854   -1653.579           0.000       0.000             186               0
  103       -1215.291    1374.068           0.000       0.000             103               0
  250        1356.293    -179.379           0.000       0.000             250               0
   53        2397.732    -452.788           0.000       0.000              53               0
  192        1395.694    -689.780           0.000       0.000             192               0
  144        1288.731    -474.439           0.000       0.000             144               0
  138        1225.840     492.896           0.000       0.000             138               0
  174         234.493    1502.128           0.000       0.000             174               0
  234        2055.072   -1685.142           0.000       0.000             234               0
   68        2701.928    -837.949           0.000       0.000              68               0
   69         487.130    -152.831           0.000       0.000              69               0
  175        1394.010    -985.430           0.000       0.000             175               0
   81       -2253.977    1067.947           0.000       0.000              81               0
  109         215.158    1249.314           0.000       0.000             109               0
  166         169.035    -827.090           0.000       0.000             166               0
   67         374.875   -1319.261           0.000       0.000              67               0
  249         945.384     844.815           0.000       0.000             249               0
   96         -85.496     595.873           0.000       0.000              96               0
   75         398.747    1190.392           0.000       0.000              75               0
   91         129.248   -2224.928           0.000       0.000              91               0
   55       -1976.355   -1040.207           0.000       0.000              55               0
   47        1219.214     705.641           0.000       0.000              47               0
    9        1965.653    -822.499           0.000       0.000               9               0
    7       -1121.617    -341.887           0.000       0.000               7               0
  200        1991.457     -63.389           0.000       0.000             200               0
  120        -896.208     -51.451           0.000       0.000             120               0
  166         296.597     342.118           0.000       0.000             166               0
  139       -2155.000      -0.390           0.000       0.000             139               0
  138         296.923    -342.018           0.000       0.000             138               0
  238        -895.946      51.202           0.000       0.000             238               0
  138        1991.565      64.112           0.000       0.000             138               0
   69       -1121.634     341.567           0.000       0.000              69               0
   86        1965.511     823.080           0.000       0.000              86               0
  133        1219.118    -705.224           0.000       0.000             133               0
  122       -1976.834    1039.660           0.000       0.000             122               0
   23         128.702    2224.642           0.000       0.000              23               0
   22         399.243   -1190.682           0.000       0.000              22               0
    4         -85.174    -596.020           0.000       0.000               4               0
  197         945.746    -844.405           0.000       0.000             197               0
    0         374.392    1319.421           0.000       0.000              -0               0
   72         168.718     826.830           0.000       0.000              72               0
   11         215.472   -1249.492           0.000       0.000              11               0
  175       -2253.355   -1068.579           0.000       0.000             175               0
  153        1394.165     986.013           0.000       0.000             153               0
  120         487.454     152.983           0.000       0.000             120               0
   86        2701.863     838.828           0.000       0.000              86               0
  221        2054.310    1685.468           0.000       0.000             221               0
  113         234.819   -1502.394           0.000       0.000             113               0
  183        1225.945    -492.473           0.000       0.000             183               0
   40        1288.433     474.883           0.000       0.000              40               0
  205        1395.267     690.121           0.000       0.000             205               0
  239        2397.120     453.350           0.000       0.000             239               0
   87        1355.385     179.515           0.000       0.000              87               0
  214       -1215.639   -1374.548           0.000       0.000             214               0
  246       -2033.761    1652.821           0.000       0.000             246               0
   32        -137.959     532.647           0.000       0.000              32               0
   79       -1591.015    -172.976           0.000       0.000              79               0
  156         -89.709    -777.092           0.000       0.000             156               0
  172        -203.101   -2144.577           0.000       0.000             172               0
  218        -629.785   -1910.899           0.000       0.000             218               0
  139        1358.763    1703.985           0.000       0.000             139               0
   55        -208.062     120.233           0.000       0.000              55               0
   31       -1092.298   -1482.968           0.000       0.000              31               0
  225        1777.299    -220.747           0.000       0.000             225               0
  188       -1951.695     -41.241           0.000       0.000             188               0
  154       -1601.391    -149.617           0.000       0.000             154               0
  248         290.587   -1134.066           0.000       0.000             248               0
  210       -1327.740    -401.153           0.000       0.000             210               0
  158        1838.820    -445.122           0.000       0.000             158               0
  190       -1640.746   -1088.662           0.000       0.000             190               0
  211       -1407.943     182.656           0.000       0.000             211               0
  231        1186.498   -2029.121           0.000       0.000             231               0
  202        1156.360   -1270.237           0.000       0.000             202               0
  131         -50.235    -239.003           0.000       0.000             131               0
  128         239.952     927.490           0.000       0.000             128               0
   66        -123.986    -545.753           0.000       0.000              66               0
  218         386.482    -487.135           0.000       0.000             218               0
   94       -1816.378     -60.796           0.000       0.000              94               0
  180        1444.531    1675.946           0.000       0.000             180               0
  146        -313.413   -1500.534           0.000       0.000             146               0
  134       -1135.991    1266.338           0.000       0.000             134               0
  129       -1382.055   -1018.298           0.000       0.000             129               0
  129        -533.309   -1807.104           0.000       0.000             129               0
  222          84.756    2086.279           0.000       0.000             222               0
   87        -867.958    -812.342           0.000       0.000              87               0
  119         417.535    -387.668           0.000       0.000             119               0
  254        -946.079    1753.683           0.000       0.000             254               0
  167           6.130    -913.122           0.000       0.000             167               0
   20        -684.675   -1416.604           0.000       0.000              20               0
  171        -322.867     -35.953           0.000       0.000             171               0
  129        -677.461     570.497           0.000       0.000             129               0
  159         568.343    -136.784           0.000       0.000             159               0
  226        -604.250    -187.722           0.000       0.000             226               0
  161         731.191   -1494.145           0.000       0.000             161               0
  129       -1548.395    1958.430           0.000       0.000             129               0
  158       -1163.007    -117.494           0.000       0.000             158               0
   59        -302.834    1044.023           0.000       0.000              59               0
  122        1752.858     103.335           0.000       0.000             122               0
  113       -1357.029     726.370           0.000       0.000             113               0
  218         559.867     -84.369           0.000       0.000             218               0
   57         185.019     -65.379           0.000       0.000              57               0
   69       -1198.495    1339.535           0.000       0.000              69               0
  193       -1499.032     781.155           0.000       0.000             193               0
    3        -520.146    2326.882           0.000       0.000               3               0
  200        -754.864     831.487           0.000       0.000             200               0
   66        -211.632    -722.526           0.000       0.000              66               0
   70         442.823    -477.131           0.000       0.000              70               0
  163       -2451.669    1474.252           0.000       0.000             163               0
  160       -1669.324   -1814.296           0.000       0.000             160               0
  250         859.827     475.084           0.000       0.000             250               0
   53         217.237     153.215           0.000       0.000              53               0
   39          28.482      66.629           0.000       0.000              39               0
  123         629.920    -343.851           0.000       0.000             123               0
  182       -1559.610   -1356.861           0.000       0.000             182               0
    5       -1120.469    1511.185           0.000       0.000               5               0
  210        -457.733     -76.763           0.000       0.000             210               0
   46        1877.627    1715.519           0.000       0.000              46               0
    4        2048.120   -1212.149           0.000       0.000               4               0
  122        1875.841     725.992           0.000       0.000             122               0
   67        2355.318   -1633.904           0.000       0.000              67               0
  175        -664.705     230.242           0.000       0.000             175               0
  251       -1133.923    -503.232           0.000       0.000             251               0
  226        -971.642    -644.857           0.000       0.000             226               0
  145       -1573.685     285.521           0.000       0.000             145               0
  157        -897.403   -2908.700           0.000       0.000             157               0
  100        -370.465    3106.089           0.000       0.000             100               0
   48         229.712    1411.298           0.000       0.000              48               0
  216        1903.638     352.744           0.000       0.000             216               0
  222         -92.337    -834.414           0.000       0.000             222               0
  162       -1448.549   -2928.051           0.000       0.000             162               0
  178        -705.607     354.200           0.000       0.000             178               0
   24         654.183    -663.504           0.000       0.000              24               0
  231         258.590   -1818.972           0.000       0.000             231               0
  116         634.763   -1255.589           0.000       0.000             116               0
   27         586.214    2197.644           0.000       0.000              27               0
  176         353.546    1098.471           0.000       0.000             176               0
  182         244.368    -331.990           0.000       0.000             182               0
   97        1003.744     659.714           0.000       0.000              97               0
   83         761.517     298.286           0.000       0.000              83               0
   86        -359.813    -543.824           0.000       0.000              86               0
   91        1145.992    -790.803           0.000       0.000              91               0
  137         257.421     713.126           0.000       0.000             137               0
  126          31.498    1349.373           0.000       0.000             126               0
  214        -718.979    1260.661           0.000       0.000             214               0
   64        -464.119   -1340.164           0.000       0.000              64               0
  131         502.061   -1522.394           0.000       0.000             131               0
  169          10.626   -1880.155           0.000       0.000             169               0
  110        1525.652   -1860.171           0.000       0.000             110               0
  136        1685.582     -53.134           0.000       0.000             136               0
   35         461.807    -520.168           0.000       0.000              35               0
  178        1077.524   -1350.308           0.000       0.000             178               0
   56        2040.469    -174.150           0.000       0.000              56               0
   31        -530.339    1137.739           0.000       0.000              31               0
  148        -405.703     367.893           0.000       0.000             148               0
  202       -2166.235    1353.694           0.000       0.000             202               0
  188        1856.829     818.257           0.000       0.000             188               0
  249         267.575   -1347.887           0.000       0.000             249               0
  250       -1522.467   -1277.528           0.000       0.000             250               0
  149        -108.844       0.244           0.000       0.000             149               0
  216       -2125.468   -1551.165           0.000       0.000             216               0
  157         605.719   -1127.146           0.000       0.000             157               0
   72       -2239.165     961.661           0.000       0.000              72               0
  240         285.369    1117.418           0.000       0.000             240               0
  133       -2163.849     730.890           0.000       0.000             133               0
  188        -122.434    3400.460           0.000       0.000             188               0
   11        -686.794    3174.743           0.000       0.000              11               0
   53         140.634      24.503           0.000       0.000              53               0
  115       -2510.878    2106.228           0.000       0.000             115               0
  109         541.033    1074.047           0.000       0.000             109               0
  137        -966.747    1626.530           0.000       0.000             137               0
  201        1124.152     570.940           0.000       0.000             201               0
  201        2026.984   -1870.670           0.000       0.000             201               0
   18        1077.567     283.534           0.000       0.000              18               0
   72          -1.038     282.834           0.000       0.000              72               0
  160         714.271    -640.804           0.000       0.000             160               0
   82       -1297.814     547.318           0.000       0.000              82               0
  204        -850.022    -792.558           0.000       0.000             204               0
   74        -204.166   -1283.031           0.000       0.000              74               0
  193         780.350   -2604.895           0.000       0.000             193               0
   84        -855.791     488.030           0.000       0.000              84               0
  110        1208.736    -712.503           0.000       0.000             110               0
  115         557.072     441.361           0.000       0.000             115               0
  141         854.330      39.076           0.000       0.000             141               0
  141        1274.051   -1058.364           0.000       0.000             141               0
    8         655.137    -315.751           0.000       0.000               8               0
   87         182.262     428.031           0.000       0.000              87               0
   74        -468.373     596.016           0.000       0.000              74               0
    2         169.202     321.471           0.000       0.000               2               0
   82       -1242.197     904.787           0.000       0.000              82               0
  224        3256.327    1953.239           0.000       0.000             224               0
  218        1293.080     352.565           0.000       0.000             218               0
  239         369.902     137.471           0.000       0.000             239               0
   40        1720.795     625.163           0.000       0.000              40               0
  202        -705.017     621.302           0.000       0.000             202               0
  117        1633.840     157.799           0.000       0.000             117               0
  229        -509.947     492.055           0.000       0.000             229               0
  214          72.960     381.846           0.000       0.000             214               0
  170        -804.980     367.434           0.000       0.000             170               0
   88          58.333    1784.549           0.000       0.000              88               0
   67         466.245     107.112           0.000       0.000              67               0
   52        -881.411   -1259.495           0.000       0.000              52               0
   34        1386.689     233.988           0.000       0.000              34               0
   13       -1615.545   -1140.842           0.000       0.000              13               0
   71       -1857.647    -489.883           0.000       0.000              71               0
  106       -2114.246    1032.094           0.000       0.000             106               0
  173        -762.302   -1964.769           0.000       0.000             173               0
  154         800.594   -1886.816           0.000       0.000             154               0
   54         -68.710   -1332.822           0.000       0.000              54               0
  248        -932.188    2092.318           0.000       0.000             248               0
   92       -2472.013    -849.037           0.000       0.000              92               0
  138        1482.584    -610.436           0.000       0.000             138               0
  102        1580.856    1701.106           0.000       0.000             102               0
  208        -670.558     259.785           0.000       0.000             208               0
   23        1386.305    1436.409           0.000       0.000              23               0
  244         550.691    -365.015           0.000       0.000             244               0
  216        -485.657     256.886           0.000       0.000             216               0
  111        2253.756    -492.056           0.000       0.000             111               0
   63         213.144     315.361           0.000       0.000              63               0
  218        -342.174     210.280           0.000       0.000             218               0
  193       -1120.269     512.943           0.000       0.000             193               0
   31        -546.991    3100.195           0.000       0.000              31               0
  181         637.166    -561.984           0.000       0.000             181               0
  177        -517.422   -1016.201           0.000       0.000             177               0
   72        1452.585    -493.507           0.000       0.000              72               0
  127        2495.467    1655.514           0.000       0.000             127               0
   38        1978.757   -1503.274           0.000       0.000              38               0
   45        -354.867    -993.480           0.000       0.000              45               0
   85         481.870     543.611           0.000       0.000              85               0
  209         677.826    1233.798           0.000       0.000             209               0
  133        2274.617     454.622           0.000       0.000             133               0
  153         951.876     683.370           0.000       0.000             153               0
    5         241.432    1450.765           0.000       0.000               5               0
  167        1177.735     491.547           0.000       0.000             167               0
  167         183.667    -603.213           0.000       0.000             167               0
   77       -1009.619    1066.677           0.000       0.000              77               0
   17        1596.887     353.206           0.000       0.000              17               0
   85        -670.712     -43.380           0.000       0.000              85               0
  231        -847.077     462.583           0.000       0.000             231               0
   71         693.849     664.520           0.000       0.000              71               0
   77         827.538      26.349           0.000       0.000              77               0
   67       -2878.472    -117.644           0.000       0.000              67               0
  210        -594.745     242.850           0.000       0.000             210               0
  179        1482.396   -1310.351           0.000       0.000             179               0
   19        1447.021    1510.270           0.000       0.000              19               0
  234        -944.065    1198.789           0.000       0.000             234               0
  167        2172.436    2172.559           0.000       0.000             167               0
  236        -490.542    -721.641           0.000       0.000             236               0
   89        -371.768     842.129           0.000       0.000              89               0
  231         433.724     524.300           0.000       0.000             231               0
  199         255.204    -541.606           0.000       0.000             199               0
   27         -16.164    -599.235           0.000       0.000              27               0
    6       -1105.678     664.090           0.000       0.000               6               0
  124       -3452.236      88.574           0.000       0.000             124               0
  205        -749.835    -162.396           0.000       0.000             205               0
   78         796.172    -847.097           0.000       0.000              78               0
  251         416.434    3551.961           0.000       0.000             251               0
  243        -932.515    2108.448           0.000       0.000             243               0
  123        1867.922    1822.819           0.000       0.000             123               0
   81        -902.651    -781.688           0.000       0.000              81               0
  197        1894.192    -302.039           0.000       0.000             197               0
    0        -479.677    1050.239           0.000       0.000               0               0
  235        1816.179    1715.360           0.000       0.000             235               0
  203         454.694     574.334           0.000       0.000             203               0
  168          78.247    -308.076           0.000       0.000             168               0
  146       -1535.854     678.735           0.000       0.000             146               0
   24       -1018.771     210.279           0.000       0.000              24               0
  185        1281.473    -314.274           0.000       0.000             185               0
  231        2639.885     162.012           0.000       0.000             231               0
  255        -696.141     251.610           0.000       0.000             255               0
    1        -586.206    -181.640           0.000       0.000               1               0
   52         259.307     104.403           0.000       0.000              52               0
   67        -759.345    1250.269           0.000       0.000              67               0
  211        -726.675    1500.992           0.000       0.000             211               0
  232        -195.709      16.140           0.000       0.000             232               0
   87         873.280    -357.395           0.000       0.000              87               0
  190       -1501.550   -1632.935           0.000       0.000             190               0
  144        1428.505     588.201           0.000       0.000             144               0
   67       -2496.150    -599.751           0.000       0.000              67               0
   24        1117.115    -637.708           0.000       0.000              24               0
  119        -846.887     860.340           0.000       0.000             119               0
   10        2065.511     131.226           0.000       0.000              10               0
   52         557.935    -133.365           0.000       0.000              52               0
  125        -715.042     302.591           0.000       0.000             125               0
