SINAL     NFT                         FFT                         NFT INVERSA     FFT INVERSA
-----     -----------------------     -----------------------     -----------     -----------
   97       64939.000       0.000           0.000       0.000              97               0
    8       -1105.743   -1631.029           0.000       0.000               8               0
    0         154.732    2168.239           0.000       0.000               0               0
  241        -203.631    1131.345           0.000       0.000             241               0
  201        -216.580    1030.635           0.000       0.000             201               0
   70        1528.403     880.014           0.000       0.000              70               0
  211        -848.037     279.671           0.000       0.000             211               0
  162         766.138   -1850.074           0.000       0.000             162               0
   57        -591.062    -337.435           0.000       0.000              57               0
  189         277.891   -1655.911           0.000       0.000             189               0
   30         553.757    2528.928           0.000       0.000              30               0
  210        -137.097     669.765           0.000       0.000             210               0
   30         279.220   -1022.728           0.000       0.000              30               0
  179       -1558.192    -595.654           0.000       0.000             179               0
  133         653.041   -2607.858           0.000       0.000             133               0
   52        -219.400    1458.615           0.000       0.000              52               0
   88        -683.969     576.836           0.000       0.000              88               0
  248         443.402    -782.827           0.000       0.000             248               0
  139         428.480    -104.787           0.000       0.000             139               0
  176         601.130     382.743           0.000       0.000             176               0
  107       -1696.505    1640.642           0.000       0.000             107               0
   94         218.083    1081.024           0.000       0.000              94               0
  110        -475.613   -1744.248           0.000       0.000             110               0
  157         509.536   -1205.842           0.000       0.000             157               0
  103         250.177     293.257           0.000       0.000             103               0
   71        -423.406    -950.040           0.000       0.000              71               0
   95         387.498    2530.173           0.000       0.000              95               0
  105         659.165    -392.942           0.000       0.000             105               0
   34        -314.577    1334.977           0.000       0.000              34               0
   11       -1300.797     179.550           0.000       0.000              11               0
  215          -3.235    1213.748           0.000       0.000             215               0
  131        -182.463     682.489           0.000       0.000             131               0
   20        2125.062   -1953.336           0.000       0.000              20               0
  216        -630.981    -870.718           0.000       0.000             216               0
  117         489.328   -1065.234           0.000       0.000             117               0
  221       -1868.430   -1497.537           0.000       0.000             221               0
   30         322.027    1288.544           0.000       0.000              30               0
   72        -945.914     126.983           0.000       0.000              72               0
  127       -3100.522   -1001.386           0.000       0.000             127               0
   87        1590.410     215.137           0.000       0.000              87               0
    6       -1173.361    2143.165           0.000       0.000               6               0
  158         452.557    -450.105           0.000       0.000             158               0
   42       -1279.137     930.701           0.000       0.000              42               0
   36       -1427.247   -1036.452           0.000       0.000              36               0
   82         325.972    1154.079           0.000       0.000              82               0
  176       -2364.418     -84.447           0.000       0.000             176               0
   89         945.274     292.012           0.000       0.000              89               0
  171         619.159   -1947.291           0.000       0.000             171               0
  168         673.657     431.626           0.000       0.000             168               0
  228       -2860.985    -829.803           0.000       0.000             228               0
   91         904.091     389.420           0.000       0.000              91               0
   19        1818.658    1402.271           0.000       0.000              19               0
   67         -30.265   -1061.776           0.000       0.000              67               0
  202        -779.402    -532.781           0.000       0.000             202               0
  177       -1839.538    3413.867           0.000       0.000             177               0
  171           0.341    1068.191           0.000       0.000             171               0
   17       -1029.281    -462.787           0.000       0.000              17               0
   16         169.311    1303.101           0.000       0.000              16               0
   21       -1533.282   -1314.086           0.000       0.000              21               0
   52        -739.137    -585.644           0.000       0.000              52               0
   28        1223.579    -224.625           0.000       0.000              28               0
  236        1084.029   -1234.652           0.000       0.000             236               0
  183       -1812.532    1113.039           0.000       0.000             183               0
   48       -1177.955    4664.301           0.000       0.000              48               0
  196       -1839.339   -1179.570           0.000       0.000             196               0
   45        -328.963    -577.433           0.000       0.000              45               0
   13         205.550   -1194.242           0.000       0.000              13               0
  227        -644.084    -736.888           0.000       0.000             227               0
  118       -1130.311   -1640.121           0.000       0.000             118               0
  141          84.041   -2616.731           0.000       0.000             141               0
   59        1691.760    -244.759           0.000       0.000              59               0
  124        -158.218   -1307.162           0.000       0.000             124               0
   44       -1873.702    2365.099           0.000       0.000              44               0
  102         219.150    2134.650           0.000       0.000             102               0
  161        -272.794     967.929           0.000       0.000             161               0
  126        1534.835   -1355.025           0.000       0.000             126               0
   22        1250.657    1732.200           0.000       0.000              22               0
  250        -637.291     644.457           0.000       0.000             250               0
   41        -135.676   -1027.689           0.000       0.000              41               0
  190         350.072     -93.869           0.000       0.000             190               0
  223       -2037.752      -7.364           0.000       0.000             223               0
  133        -367.578    2502.314           0.000       0.000             133               0
  210        -572.470    1430.557           0.000       0.000             210               0
   34         382.039    -195.084           0.000       0.000              34               0
   80        2359.091    -304.980           0.000       0.000              80               0
  131         240.993     118.708           0.000       0.000             131               0
  205        -709.494     628.012           0.000       0.000             205               0
   97        1780.445     407.366           0.000       0.000              97               0
  148        -262.016     337.344           0.000       0.000             148               0
  226        -543.864     429.681           0.000       0.000             226               0
  150        -313.715    1113.135           0.000       0.000             150               0
  177         795.648     597.419           0.000       0.000             177               0
  207       -1056.539    1158.409           0.000       0.000             207               0
   78       -2539.429    -848.884           0.000       0.000              78               0
  225       -1144.636    -766.778           0.000       0.000             225               0
  148         486.992     395.522           0.000       0.000             148               0
  123         556.682   -1680.431           0.000       0.000             123               0
  239       -2307.650     976.258           0.000       0.000             239               0
  120         204.872   -2252.562           0.000       0.000             120               0
  241        -105.596    -928.512           0.000       0.000             241               0
  125        -273.682    1392.807           0.000       0.000             125               0
  179          96.241     857.625           0.000       0.000             179               0
  110         171.115    -690.294           0.000       0.000             110               0
  169        -383.585    1156.776           0.000       0.000             169               0
   25        1188.475     953.183           0.000       0.000              25               0
   16       -1085.780    1328.911           0.000       0.000              16               0
   40         583.884   -1380.749           0.000       0.000              40               0
   48        -885.636    1105.176           0.000       0.000              48               0
   10        -287.293   -1242.368           0.000       0.000              10               0
   82        -824.496     455.938           0.000       0.000              82               0
  238        -656.295   -1869.256           0.000       0.000             238               0
  234         699.513    1674.722           0.000       0.000             234               0
  216        -922.590     786.492           0.000       0.000             216               0
  193         418.326    -325.402           0.000       0.000             193               0
   12        1408.626    2142.508           0.000       0.000              12               0
   40         888.467   -1025.182           0.000       0.000              40               0
   68        -104.472    -777.585           0.000       0.000              68               0
  218        3003.583    1388.465           0.000       0.000             218               0
  138       -1253.992    1303.886           0.000       0.000             138               0
  217        -471.727    -410.420           0.000       0.000             217               0
  189        1206.860    1404.253           0.000       0.000             189               0
   32        -511.159     140.930           0.000       0.000              32               0
  138       -2160.503    -641.862           0.000       0.000             138               0
  141          44.257    -594.720           0.000       0.000             141               0
  110         537.839     292.388           0.000       0.000             110               0
  108        -691.267     143.651           0.000       0.000             108               0
   33        -758.510    -326.143           0.000       0.000              33               0
  234         -15.974   -3825.081           0.000       0.000             234               0
   91        -935.036    1114.019           0.000       0.000              91               0
  153         277.644    -499.059           0.000       0.000             153               0
  220         374.996     410.289           0.000       0.000             220               0
  217       -1583.649     586.042           0.000       0.000             217               0
   77         700.044     684.501           0.000       0.000              77               0
   74        1508.617     471.581           0.000       0.000              74               0
  131         314.764     690.484           0.000       0.000             131               0
  103         619.703     189.382           0.000       0.000             103               0
   91        1339.118      60.991           0.000       0.000              91               0
  171         516.389    -397.448           0.000       0.000             171               0
  151        1645.044    -135.453           0.000       0.000             151               0
  101        -509.707   -1234.411           0.000       0.000             101               0
  254        -233.135     241.529           0.000       0.000             254               0
  133        1547.400    -663.676           0.000       0.000             133               0
   80        -768.297     290.188           0.000       0.000              80               0
  214          29.932    1729.055           0.000       0.000             214               0
   70         384.989     901.830           0.000       0.000              70               0
   93         896.309     379.922           0.000       0.000              93               0
  254          79.901    1414.409           0.000       0.000             254               0
  139        -409.097    -764.505           0.000       0.000             139               0
   55         147.318     909.735           0.000       0.000              55               0
  137        1717.474    1743.771           0.000       0.000             137               0
  101        1321.200     283.457           0.000       0.000             101               0
  245         421.575    -393.126           0.000       0.000             245               0
  169         488.515   -1268.619           0.000       0.000             169               0
  239        1541.270     254.643           0.000       0.000             239               0
  130        1153.905   -1034.122           0.000       0.000             130               0
   24        1004.191   -2891.308           0.000       0.000              24               0
   91        -236.153    1534.457           0.000       0.000              91               0
  164        2272.709     840.834           0.000       0.000             164               0
    2        1084.456      31.297           0.000       0.000               2               0
  183        -408.611     226.973           0.000       0.000             183               0
   61        1987.704   -1223.177           0.000       0.000              61               0
  223        2040.343   -1066.525           0.000       0.000             223               0
  144         681.068     286.126           0.000       0.000             144               0
  139         188.842    -311.206           0.000       0.000             139               0
   41         255.712     824.303           0.000       0.000              41               0
   20         647.690    1679.061           0.000       0.000              20               0
  242       -1873.568      80.873           0.000       0.000             242               0
  133        2959.713     707.812           0.000       0.000             133               0
  191        1239.752    1181.795           0.000       0.000             191               0
  137        1359.032    -724.525           0.000       0.000             137               0
  234       -2363.138     766.596           0.000       0.000             234               0
  189         843.571    1550.641           0.000       0.000             189               0
   15        -912.468    1222.852           0.000       0.000              15               0
   59        1602.648    1258.907           0.000       0.000              59               0
  148         785.660    -351.235           0.000       0.000             148               0
   86        1127.001    1500.638           0.000       0.000              86               0
  152          57.911   -1835.844           0.000       0.000             152               0
  146        1730.472     909.496           0.000       0.000             146               0
  225       -2029.329    1946.666           0.000       0.000             225               0
  207        -377.198    1764.366           0.000       0.000             207               0
   27       -1867.115    -735.490           0.000       0.000              27               0
   70        -793.477    -542.478           0.000       0.000              70               0
  197        -521.000      54.756           0.000       0.000             197               0
  197         222.698    2640.783           0.000       0.000             197               0
   54       -1740.307   -1445.920           0.000       0.000              54               0
   71        1413.056      43.821           0.000       0.000              71               0
  221        1796.440   -1228.501           0.000       0.000             221               0
  146         -10.492   -2223.341           0.000       0.000             146               0
  235        1510.025    -223.889           0.000       0.000             235               0
  224        -651.746     855.757           0.000       0.000             224               0
   73         566.423    -420.088           0.000       0.000              73               0
   41        -521.743   -1145.362           0.000       0.000              41               0
  191        -286.806     780.485           0.000       0.000             191               0
  218        -571.760   -1208.665           0.000       0.000             218               0
  180        -496.384   -2278.222           0.000       0.000             180               0
  233        -320.636    -527.686           0.000       0.000             233               0
  238       -1222.197     984.651           0.000       0.000             238               0
  166       -1290.474     437.583           0.000       0.000             166               0
  110       -1253.040    -824.449           0.000       0.000             110               0
  174       -1823.314     759.407           0.000       0.000             174               0
   47         415.898     469.623           0.000       0.000              47               0
   89        -572.569   -2003.986           0.000       0.000              89               0
  108        -203.711   -3623.665           0.000       0.000             108               0
   62        -560.564    -368.955           0.000       0.000              62               0
  148         831.711   -1282.583           0.000       0.000             148               0
    0         175.045    1366.737           0.000       0.000              -0               0
  149        1086.269    1302.521           0.000       0.000             149               0
   44         515.672   -1533.108           0.000       0.000              44               0
  147        -424.490   -1041.939           0.000       0.000             147               0
  118         627.226     857.374           0.000       0.000             118               0
  252       -1684.858     143.340           0.000       0.000             252               0
  175       -1380.735    -112.490           0.000       0.000             175               0
  189        -318.411    1078.498           0.000       0.000             189               0
  193        1506.413    1597.664           0.000       0.000             193               0
  116        -384.115     213.654           0.000       0.000             116               0
  243        -469.387     848.602           0.000       0.000             243               0
    8        -418.991    1324.715           0.000       0.000               8               0
   82        -500.688    1344.252           0.000       0.000              82               0
  133         132.532    1287.962           0.000       0.000             133               0
  244        -987.086    -241.728           0.000       0.000             244               0
   51        -860.186   -2157.480           0.000       0.000              51               0
  207        -637.326    1385.020           0.000       0.000             207               0
   29         431.602    -314.684           0.000       0.000              29               0
  242         112.049     351.415           0.000       0.000             242               0
  170        -169.138    -600.358           0.000       0.000             170               0
  210       -1848.475     484.801           0.000       0.000             210               0
  220         696.442   -2149.830           0.000       0.000             220               0
  153        1389.644    -124.892           0.000       0.000             153               0
  120        -561.460     687.668           0.000       0.000             120               0
   74         666.509     864.379           0.000       0.000              74               0
   72       -1507.686    -237.919           0.000       0.000              72               0
  168        1461.105    2661.754           0.000       0.000             168               0
  164        -642.706    -881.885           0.000       0.000             164               0
  180         467.357    -372.313           0.000       0.000             180               0
  231        1370.575    -827.473           0.000       0.000             231               0
   56         785.658    -982.861           0.000       0.000              56               0
  180          36.735    2090.954           0.000       0.000             180               0
  124        -486.001     313.142           0.000       0.000             124               0
  101        1531.706     455.713           0.000       0.000             101               0
   72        1050.518   -1713.099           0.000       0.000              72               0
  242       -1391.698    -681.269           0.000       0.000             242               0
   98        1479.345      83.405           0.000       0.000              98               0
  247       -2456.492   -1457.651           0.000       0.000             247               0
  176          80.166    -379.208           0.000       0.000             176               0
   35        1814.567   -1867.431           0.000       0.000              35               0
  108        1822.959    2051.693           0.000       0.000             108               0
  164       -1301.708    -596.182           0.000       0.000             164               0
   44       -1076.767    1214.264           0.000       0.000              44               0
  190         114.382    -756.081           0.000       0.000             190               0
   42        -903.605     555.469           0.000       0.000              42               0
   33           1.500    -429.656           0.000       0.000              33               0
  241          63.421   -1040.148           0.000       0.000             241               0
  249        -657.467   -1273.670           0.000       0.000             249               0
   62         356.076    -637.638           0.000       0.000              62               0
  228         -90.982   -1013.406           0.000       0.000             228               0
  164       -1322.760   -1503.354           0.000       0.000             164               0
   16       -2521.000      -0.143           0.000       0.000              16               0
  192       -1322.933    1503.277           0.000       0.000             192               0
   61         -90.996    1013.493           0.000       0.000              61               0
  137         355.992     637.841           0.000       0.000             137               0
   11        -657.796    1273.454           0.000       0.000              11               0
  134          63.203    1039.995           0.000       0.000             134               0
   49           1.378     429.390           0.000       0.000              49               0
  175        -903.331    -555.913           0.000       0.000             175               0
   58         114.231     755.957           0.000       0.000              58               0
   24       -1076.237   -1214.720           0.000       0.000              24               0
  232       -1301.425     595.699           0.000       0.000             232               0
  239        1824.089   -2050.899           0.000       0.000             239               0
  148        1813.875    1868.314           0.000       0.000             148               0
   78          79.724     379.255           0.000       0.000              78               0
   55       -2456.863    1456.736           0.000       0.000              55               0
  135        1479.592     -83.055           0.000       0.000             135               0
  176       -1391.746     680.760           0.000       0.000             176               0
   46        1050.287    1713.139           0.000       0.000              46               0
   55        1531.850    -455.636           0.000       0.000              55               0
  212        -485.952    -313.633           0.000       0.000             212               0
  155          37.583   -2090.930           0.000       0.000             155               0
  220         785.472     983.296           0.000       0.000             220               0
    0        1370.237     827.815           0.000       0.000              -0               0
   90         467.002     372.243           0.000       0.000              90               0
    6        -643.068     881.213           0.000       0.000               6               0
   33        1461.828   -2661.498           0.000       0.000              33               0
   76       -1507.904     237.453           0.000       0.000              76               0
    0         666.819    -864.186           0.000       0.000              -0               0
   96        -561.205    -687.702           0.000       0.000              96               0
   48        1389.562     125.621           0.000       0.000              48               0
  164         695.334    2150.006           0.000       0.000             164               0
  113       -1848.524    -485.648           0.000       0.000             113               0
  241        -169.277     600.141           0.000       0.000             241               0
  226         112.157    -351.559           0.000       0.000             226               0
  250         431.338     314.636           0.000       0.000             250               0
  253        -637.071   -1385.224           0.000       0.000             253               0
  104        -860.998    2157.102           0.000       0.000             104               0
   44        -987.097     240.873           0.000       0.000              44               0
  172         133.029   -1288.347           0.000       0.000             172               0
  163        -500.237   -1344.624           0.000       0.000             163               0
   68        -418.497   -1324.891           0.000       0.000              68               0
  149        -469.004    -848.693           0.000       0.000             149               0
  146        -383.837    -213.802           0.000       0.000             146               0
  217        1506.939   -1597.121           0.000       0.000             217               0
  227        -318.322   -1078.318           0.000       0.000             227               0
  201       -1380.879     112.304           0.000       0.000             201               0
   96       -1684.557    -143.739           0.000       0.000              96               0
  147         627.800    -856.850           0.000       0.000             147               0
  248        -424.644    1042.126           0.000       0.000             248               0
  152         515.392    1533.209           0.000       0.000             152               0
  104        1086.742   -1302.246           0.000       0.000             104               0
  148         175.438   -1366.283           0.000       0.000             148               0
  117         831.116    1283.320           0.000       0.000             117               0
  104        -560.894     369.189           0.000       0.000             104               0
  238        -205.049    3623.728           0.000       0.000             238               0
  123        -573.326    2003.322           0.000       0.000             123               0
  138         415.835    -469.944           0.000       0.000             138               0
   58       -1823.267    -760.132           0.000       0.000              58               0
  123       -1253.281     823.933           0.000       0.000             123               0
  235       -1290.194    -438.180           0.000       0.000             235               0
  107       -1221.594    -984.944           0.000       0.000             107               0
   32        -320.519     527.884           0.000       0.000              32               0
   93        -496.907    2278.078           0.000       0.000              93               0
   92        -571.889    1208.123           0.000       0.000              92               0
    3        -286.248    -780.781           0.000       0.000               3               0
   88        -521.765    1145.076           0.000       0.000              88               0
   89         566.597     419.982           0.000       0.000              89               0
  107        -651.091    -856.096           0.000       0.000             107               0
  132        1510.264     224.526           0.000       0.000             132               0
    6         -11.020    2223.246           0.000       0.000               6               0
   15        1796.156    1228.649           0.000       0.000              15               0
  201        1412.769     -43.779           0.000       0.000             201               0
  155       -1740.968    1444.720           0.000       0.000             155               0
  161         223.618   -2641.164           0.000       0.000             161               0
  162        -521.041     -54.986           0.000       0.000             162               0
  127        -793.680     541.990           0.000       0.000             127               0
  107       -1867.153     734.342           0.000       0.000             107               0
    3        -376.271   -1765.004           0.000       0.000               3               0
   19       -2028.086   -1947.456           0.000       0.000              19               0
  100        1731.380    -908.743           0.000       0.000             100               0
  156          57.664    1835.712           0.000       0.000             156               0
  123        1127.856   -1500.567           0.000       0.000             123               0
  248         785.777     351.263           0.000       0.000             248               0
   17        1603.076   -1258.680           0.000       0.000              17               0
  228        -912.032   -1223.308           0.000       0.000             228               0
  230         844.160   -1550.334           0.000       0.000             230               0
  141       -2362.536    -767.202           0.000       0.000             141               0
  111        1359.408     724.965           0.000       0.000             111               0
   33        1240.528   -1181.489           0.000       0.000              33               0
    8        2959.857    -706.768           0.000       0.000               8               0
   91       -1873.609     -81.533           0.000       0.000              91               0
  140         648.548   -1678.790           0.000       0.000             140               0
   41         256.216    -823.907           0.000       0.000              41               0
  184         189.058     311.537           0.000       0.000             184               0
  233         681.584    -285.645           0.000       0.000             233               0
   44        2040.271    1067.413           0.000       0.000              44               0
   16        1987.231    1223.752           0.000       0.000              16               0
   66        -408.522    -227.281           0.000       0.000              66               0
  152        1084.707     -31.050           0.000       0.000             152               0
  148        2272.946    -840.110           0.000       0.000             148               0
   73        -235.716   -1534.146           0.000       0.000              73               0
  167        1003.331    2891.899           0.000       0.000             167               0
   94        1153.598    1034.249           0.000       0.000              94               0
  229        1541.251    -254.295           0.000       0.000             229               0
   73         487.936    1268.585           0.000       0.000              73               0
    0         421.426     392.851           0.000       0.000              -0               0
  100        1321.270    -283.480           0.000       0.000             100               0
  180        1717.784   -1743.451           0.000       0.000             180               0
    4         147.249    -909.648           0.000       0.000               4               0
  120        -409.532     764.239           0.000       0.000             120               0
   24          80.357   -1414.564           0.000       0.000              24               0
  160         896.358    -379.676           0.000       0.000             160               0
  243         385.107    -901.784           0.000       0.000             243               0
   17          30.340   -1728.893           0.000       0.000              17               0
  178        -768.152    -290.106           0.000       0.000             178               0
  216        1547.173     664.382           0.000       0.000             216               0
  248        -233.203    -241.459           0.000       0.000             248               0
   63        -509.993    1234.294           0.000       0.000              63               0
   71        1645.085     135.902           0.000       0.000              71               0
   25         516.190     397.499           0.000       0.000              25               0
   72        1339.013     -60.711           0.000       0.000              72               0
  162         619.532    -189.340           0.000       0.000             162               0
  165         314.839    -690.484           0.000       0.000             165               0
  113        1508.507    -471.108           0.000       0.000             113               0
   91         699.738    -684.241           0.000       0.000              91               0
  142       -1583.774    -586.453           0.000       0.000             142               0
  157         375.015    -409.950           0.000       0.000             157               0
  107         277.183     499.312           0.000       0.000             107               0
  209        -934.891   -1113.944           0.000       0.000             209               0
   54         -17.408    3825.191           0.000       0.000              54               0
    0        -758.763     325.489           0.000       0.000              -0               0
   26        -691.203    -144.132           0.000       0.000              26               0
  221         537.896    -292.310           0.000       0.000             221               0
   94          43.795     594.635           0.000       0.000              94               0
    0       -2160.748     640.865           0.000       0.000              -0               0
   38        -510.790    -141.479           0.000       0.000              38               0
   95        1207.448   -1404.028           0.000       0.000              95               0
  101        -471.896     410.109           0.000       0.000             101               0
  219       -1253.195   -1304.494           0.000       0.000             219               0
   99        3004.221   -1387.322           0.000       0.000              99               0
  221        -104.872     777.695           0.000       0.000             221               0
  243         888.106    1025.214           0.000       0.000             243               0
    3        1409.117   -2142.181           0.000       0.000               3               0
  209         417.810     325.583           0.000       0.000             209               0
    5        -922.567    -786.872           0.000       0.000               5               0
  182         699.860   -1674.218           0.000       0.000             182               0
  170        -657.215    1869.218           0.000       0.000             170               0
  253        -824.472    -456.247           0.000       0.000             253               0
  245        -287.781    1242.157           0.000       0.000             245               0
  241        -885.241   -1105.581           0.000       0.000             241               0
   22         583.407    1380.769           0.000       0.000              22               0
   61       -1085.301   -1329.566           0.000       0.000              61               0
  148        1188.804    -952.830           0.000       0.000             148               0
  187        -383.331   -1156.756           0.000       0.000             187               0
  175         170.807     690.431           0.000       0.000             175               0
  239          96.384    -857.622           0.000       0.000             239               0
   74        -273.361   -1392.598           0.000       0.000              74               0
   76        -106.038     928.888           0.000       0.000              76               0
   91         203.841    2252.580           0.000       0.000              91               0
   27       -2307.372    -977.122           0.000       0.000              27               0
  131         556.245    1680.551           0.000       0.000             131               0
   91         486.906    -395.546           0.000       0.000              91               0
   54       -1145.198     766.262           0.000       0.000              54               0
   96       -2539.654     847.646           0.000       0.000              96               0
  186       -1055.730   -1159.133           0.000       0.000             186               0
   55         796.121    -597.351           0.000       0.000              55               0
  135        -313.250   -1113.333           0.000       0.000             135               0
   25        -543.524    -429.868           0.000       0.000              25               0
  156        -261.558    -337.467           0.000       0.000             156               0
   98        1780.702    -406.819           0.000       0.000              98               0
  124        -709.263    -628.242           0.000       0.000             124               0
  122         241.300    -118.587           0.000       0.000             122               0
   86        2358.959     305.700           0.000       0.000              86               0
  128         381.606     194.940           0.000       0.000             128               0
   75        -572.264   -1431.022           0.000       0.000              75               0
   91        -366.954   -2502.284           0.000       0.000              91               0
   54       -2037.696       7.032           0.000       0.000              54               0
  245         350.259      94.192           0.000       0.000             245               0
   88        -135.941    1027.607           0.000       0.000              88               0
   44        -636.846    -644.860           0.000       0.000              44               0
  231        1251.449   -1731.647           0.000       0.000             231               0
  111        1534.225    1355.592           0.000       0.000             111               0
  105        -272.733    -968.241           0.000       0.000             105               0
  124         219.604   -2134.513           0.000       0.000             124               0
   43       -1872.969   -2365.124           0.000       0.000              43               0
   24        -158.404    1307.770           0.000       0.000              24               0
  108        1691.646     245.822           0.000       0.000             108               0
  117          82.825    2617.057           0.000       0.000             117               0
  101       -1131.066    1639.639           0.000       0.000             101               0
  199        -644.344     736.505           0.000       0.000             199               0
  145         205.066    1194.070           0.000       0.000             145               0
  232        -329.408     576.954           0.000       0.000             232               0
   35       -1839.849    1178.241           0.000       0.000              35               0
  200       -1176.291   -4665.001           0.000       0.000             200               0
   73       -1811.785   -1113.168           0.000       0.000              73               0
  221        1083.999    1235.291           0.000       0.000             221               0
  255        1223.428     225.071           0.000       0.000             255               0
  209        -739.552     585.400           0.000       0.000             209               0
  246       -1533.665    1313.298           0.000       0.000             246               0
  155         169.848   -1303.309           0.000       0.000             155               0
   51       -1029.372     462.236           0.000       0.000              51               0
  114           0.741   -1068.545           0.000       0.000             114               0
   21       -1838.258   -3414.307           0.000       0.000              21               0
  138        -779.168     532.984           0.000       0.000             138               0
  243         -30.148    1061.789           0.000       0.000             243               0
   97        1819.324   -1401.646           0.000       0.000              97               0
  230         903.946    -388.829           0.000       0.000             230               0
   41       -2861.218     829.019           0.000       0.000              41               0
   87         674.165    -431.224           0.000       0.000              87               0
   63         618.599    1947.512           0.000       0.000              63               0
   85         945.149    -291.894           0.000       0.000              85               0
   63       -2364.517      83.519           0.000       0.000              63               0
  174         326.457   -1153.947           0.000       0.000             174               0
  191       -1427.561    1035.964           0.000       0.000             191               0
  187       -1278.523    -931.215           0.000       0.000             187               0
  217         452.644     450.151           0.000       0.000             217               0
  216       -1172.409   -2143.515           0.000       0.000             216               0
   39        1590.473    -214.247           0.000       0.000              39               0
   79       -3100.836    1000.503           0.000       0.000              79               0
   61        -945.373    -127.315           0.000       0.000              61               0
  239         322.784   -1288.163           0.000       0.000             239               0
  224       -1868.510    1497.237           0.000       0.000             224               0
   38         489.514    1065.443           0.000       0.000              38               0
   18        -630.725     870.474           0.000       0.000              18               0
  169        2124.759    1953.714           0.000       0.000             169               0
  112        -182.159    -683.032           0.000       0.000             112               0
  239          -2.708   -1213.937           0.000       0.000             239               0
  168       -1300.462    -180.091           0.000       0.000             168               0
   65        -313.633   -1335.091           0.000       0.000              65               0
  230         659.448     393.121           0.000       0.000             230               0
   67         388.597   -2529.878           0.000       0.000              67               0
  117        -423.426     950.236           0.000       0.000             117               0
   89         250.637    -292.968           0.000       0.000              89               0
   89         509.375    1206.181           0.000       0.000              89               0
  255        -475.950    1743.833           0.000       0.000             255               0
   76         218.684   -1081.316           0.000       0.000              76               0
  186       -1695.523   -1641.190           0.000       0.000             186               0
  230         601.855    -382.312           0.000       0.000             230               0
  117         428.870     105.136           0.000       0.000             117               0
   18         443.455     783.007           0.000       0.000              18               0
   37        -683.404    -577.096           0.000       0.000              37               0
  203        -218.378   -1458.320           0.000       0.000             203               0
   81         652.584    2608.337           0.000       0.000              81               0
  212       -1557.844     594.996           0.000       0.000             212               0
  139         279.634    1022.559           0.000       0.000             139               0
   12        -136.125    -670.148           0.000       0.000              12               0
  173         555.368   -2528.560           0.000       0.000             173               0
   99         278.054    1656.310           0.000       0.000              99               0
   52        -590.273     337.277           0.000       0.000              52               0
  253         766.519    1850.137           0.000       0.000             253               0
  161        -846.725    -280.366           0.000       0.000             161               0
   36        1530.084    -879.765           0.000       0.000              36               0
  221        -214.700   -1030.825           0.000       0.000             221               0
  200        -201.043   -1131.416           0.000       0.000             200               0
   54         158.767   -2167.809           0.000       0.000              54               0
  134       -1099.442    1631.014           0.000       0.000             134               0
