SINAL     NFT                         FFT                         NFT INVERSA     FFT INVERSA
-----     -----------------------     -----------------------     -----------     -----------
  193       64445.000       0.000           0.000       0.000             193               0
  240       -1443.536    1636.871           0.000       0.000             240               0
   44         -22.226   -1266.360           0.000       0.000              44               0
   80        -453.017    2642.809           0.000       0.000              80               0
   32        -698.277    2564.787           0.000       0.000              32               0
  194        1762.338     406.381           0.000       0.000             194               0
   42        1074.456     376.066           0.000       0.000              42               0
   60         486.680    -803.785           0.000       0.000              60               0
  100       -2535.538     559.650           0.000       0.000             100               0
  155        2145.809   -1009.956           0.000       0.000             155               0
  127       -1206.546    2928.165           0.000       0.000             127               0
   71        1312.310   -1573.276           0.000       0.000              71               0
  250        1024.015    -476.817           0.000       0.000             250               0
  241        -408.477     576.399           0.000       0.000             241               0
  200        1629.662    -772.186           0.000       0.000             200               0
   70        -766.807      40.679           0.000       0.000              70               0
   52        -578.390    -429.367           0.000       0.000              52               0
  117         492.288    1541.887           0.000       0.000             117               0
   19        -614.696     505.552           0.000       0.000              19               0
    8       -2269.251    -398.730           0.000       0.000               8               0
   93         944.667    -351.978           0.000       0.000              93               0
  123         947.637   -1145.266           0.000       0.000             123               0
   18       -1178.440    -948.209           0.000       0.000              18               0
   20       -1576.096    -184.157           0.000       0.000              20               0
  172         903.375     184.937           0.000       0.000             172               0
   13        1050.012    2450.538           0.000       0.000              13               0
  159        -434.181   -1064.736           0.000       0.000             159               0
  121        -441.347   -1172.218           0.000       0.000             121               0
  239        -161.368     238.644           0.000       0.000             239               0
   98         483.419    1235.173           0.000       0.000              98               0
   26        -448.632     548.485           0.000       0.000              26               0
  177        -848.369    2819.149           0.000       0.000             177               0
   82        -433.726     940.734           0.000       0.000              82               0
   71        -763.619    1366.484           0.000       0.000              71               0
    1        1760.951    1359.081           0.000       0.000               1               0
  115        -415.676     772.682           0.000       0.000             115               0
   10         504.782     448.104           0.000       0.000              10               0
   43        -362.230    -346.212           0.000       0.000              43               0
  175        1119.724    -148.439           0.000       0.000             175               0
  110          32.615    -728.931           0.000       0.000             110               0
  199        2818.365    -602.632           0.000       0.000             199               0
   47         921.205   -2140.246           0.000       0.000              47               0
  182         273.654    -697.925           0.000       0.000             182               0
  194        1657.209    -117.844           0.000       0.000             194               0
   32        1170.279     283.349           0.000       0.000              32               0
  127        -707.936     349.414           0.000       0.000             127               0
    8         655.410    -854.681           0.000       0.000               8               0
   84        -417.588     851.659           0.000       0.000              84               0
  244          88.584    1073.004           0.000       0.000             244               0
   27         732.074   -2334.115           0.000       0.000              27               0
   93         -27.639    1438.205           0.000       0.000              93               0
   82         814.081    1347.949           0.000       0.000              82               0
  151        1147.654   -1249.111           0.000       0.000             151               0
  112        2658.697    1105.990           0.000       0.000             112               0
  102       -3043.403   -1305.861           0.000       0.000             102               0
   67        -259.811    -280.458           0.000       0.000              67               0
  125       -2988.228   -1307.839           0.000       0.000             125               0
    5        -674.648     127.927           0.000       0.000               5               0
  189        1585.230    -709.233           0.000       0.000             189               0
  109         761.592   -1163.756           0.000       0.000             109               0
  104         480.656    -260.239           0.000       0.000             104               0
  216         638.906     -76.810           0.000       0.000             216               0
   30       -1435.751     940.797           0.000       0.000              30               0
  187         437.177   -2401.338           0.000       0.000             187               0
   32         339.182    1866.016           0.000       0.000              32               0
   32       -1041.550    1216.879           0.000       0.000              32               0
   46        2825.230    -433.245           0.000       0.000              46               0
   42       -1753.828      31.376           0.000       0.000              42               0
   76         373.312     381.849           0.000       0.000              76               0
  222        1480.017    -312.072           0.000       0.000             222               0
  153        -474.189     413.041           0.000       0.000             153               0
   19        -312.048     533.508           0.000       0.000              19               0
   14         802.363    1802.266           0.000       0.000              14               0
   79        -546.330   -1043.996           0.000       0.000              79               0
  213        1289.710     765.005           0.000       0.000             213               0
   46        1930.223     333.997           0.000       0.000              46               0
  206         957.520    1130.419           0.000       0.000             206               0
  222        -386.265     -62.558           0.000       0.000             222               0
  130          -0.940    -956.218           0.000       0.000             130               0
  195        1022.235     283.054           0.000       0.000             195               0
  250        -518.207      52.576           0.000       0.000             250               0
  224         -47.981   -1685.472           0.000       0.000             224               0
   21         171.458    1046.876           0.000       0.000              21               0
  145        3059.882    -629.695           0.000       0.000             145               0
   80         507.683     388.556           0.000       0.000              80               0
  123       -1113.104   -1701.248           0.000       0.000             123               0
  213        -492.510    1732.747           0.000       0.000             213               0
  205         387.740    -730.059           0.000       0.000             205               0
  129         373.014    1532.786           0.000       0.000             129               0
  147        -207.693     422.317           0.000       0.000             147               0
   59        -228.573    -933.623           0.000       0.000              59               0
  233         377.167    -835.182           0.000       0.000             233               0
  107       -2168.894     142.582           0.000       0.000             107               0
   89        -408.791    1193.404           0.000       0.000              89               0
  165         783.511    -674.866           0.000       0.000             165               0
  140        -268.917    -972.873           0.000       0.000             140               0
  122         930.606     971.689           0.000       0.000             122               0
  211        3403.549   -1717.039           0.000       0.000             211               0
  182        -761.749    -165.546           0.000       0.000             182               0
  198        -749.357    -563.776           0.000       0.000             198               0
  178       -1586.148     427.451           0.000       0.000             178               0
   80         608.680     385.289           0.000       0.000              80               0
  218        -250.065   -1606.586           0.000       0.000             218               0
  192        -852.318     467.563           0.000       0.000             192               0
  159         115.872    1342.693           0.000       0.000             159               0
  176         450.682    -455.897           0.000       0.000             176               0
  239         -41.682   -1006.237           0.000       0.000             239               0
  110         269.661    -236.364           0.000       0.000             110               0
  142        1253.784   -1555.884           0.000       0.000             142               0
  114        1762.782     -81.847           0.000       0.000             114               0
   49        1357.722     800.472           0.000       0.000              49               0
  136         869.336   -1018.396           0.000       0.000             136               0
   82        1679.939     785.918           0.000       0.000              82               0
   70        -508.965    1611.239           0.000       0.000              70               0
   26         132.751     -45.927           0.000       0.000              26               0
  162         541.116     523.552           0.000       0.000             162               0
  194          -7.756    -233.700           0.000       0.000             194               0
  240         664.190    -135.268           0.000       0.000             240               0
  112        2057.851    1064.401           0.000       0.000             112               0
   67         788.156    -413.458           0.000       0.000              67               0
  131        1689.613    -634.257           0.000       0.000             131               0
  172        -376.951    -117.805           0.000       0.000             172               0
   45        1055.153    -511.965           0.000       0.000              45               0
  239        -875.978    1822.661           0.000       0.000             239               0
    6       -1255.174     375.474           0.000       0.000               6               0
  210        1202.219   -1765.257           0.000       0.000             210               0
  123         397.860     201.602           0.000       0.000             123               0
  128         881.999    1573.160           0.000       0.000             128               0
  166       -1182.943   -1290.200           0.000       0.000             166               0
   50        1167.245     -53.179           0.000       0.000              50               0
   71         116.591   -1788.995           0.000       0.000              71               0
   89         -43.135   -1480.591           0.000       0.000              89               0
  130        2270.318    1142.954           0.000       0.000             130               0
   33        -907.415   -2105.984           0.000       0.000              33               0
   26        -842.299    -660.013           0.000       0.000              26               0
   34         248.401   -1493.762           0.000       0.000              34               0
  210         638.883    -791.467           0.000       0.000             210               0
    9       -1354.676    -290.746           0.000       0.000               9               0
  144       -1172.781    1604.336           0.000       0.000             144               0
   97        -678.137     392.418           0.000       0.000              97               0
  123         185.025    1531.222           0.000       0.000             123               0
  193           8.644    -106.214           0.000       0.000             193               0
  234       -1185.922     120.559           0.000       0.000             234               0
  205        -709.983     321.528           0.000       0.000             205               0
    8       -2488.981    2608.331           0.000       0.000               8               0
    4         924.342     691.350           0.000       0.000               4               0
  112       -2004.820     359.906           0.000       0.000             112               0
  202        2435.449     961.384           0.000       0.000             202               0
  244        -317.713    -742.146           0.000       0.000             244               0
  225        -882.211   -1335.616           0.000       0.000             225               0
   14         -38.306       6.792           0.000       0.000              14               0
  120         203.661    -415.593           0.000       0.000             120               0
  141        -820.380    -559.267           0.000       0.000             141               0
   59         -86.681     436.581           0.000       0.000              59               0
  103        -279.438     -12.896           0.000       0.000             103               0
  147       -1419.657    -647.866           0.000       0.000             147               0
   13       -1003.469    -799.626           0.000       0.000              13               0
  226       -1066.393    -763.911           0.000       0.000             226               0
   20        -786.427     496.578           0.000       0.000              20               0
  180         281.081     776.268           0.000       0.000             180               0
   20         266.943   -1484.844           0.000       0.000              20               0
   91       -1914.701    -456.757           0.000       0.000              91               0
   13        1201.186   -2065.975           0.000       0.000              13               0
  151         106.263   -1126.713           0.000       0.000             151               0
  125        -555.824    -202.278           0.000       0.000             125               0
   39        -371.414    1012.280           0.000       0.000              39               0
  185         925.004    -858.878           0.000       0.000             185               0
   79       -1002.306     -81.225           0.000       0.000              79               0
   48        1120.537      83.218           0.000       0.000              48               0
   73         113.078   -1344.113           0.000       0.000              73               0
  177        2105.740     669.970           0.000       0.000             177               0
  171         692.208   -1395.144           0.000       0.000             171               0
   11        -336.074    3321.995           0.000       0.000              11               0
  155        -226.905   -1132.428           0.000       0.000             155               0
  121        -533.976     236.361           0.000       0.000             121               0
   19        1433.712     375.006           0.000       0.000              19               0
  160        -552.175    -213.731           0.000       0.000             160               0
  234       -1943.389     736.752           0.000       0.000             234               0
  222          52.867    -480.688           0.000       0.000             222               0
  149        1259.658    1125.908           0.000       0.000             149               0
  204        -881.918   -2004.475           0.000       0.000             204               0
  236        -486.189   -3802.059           0.000       0.000             236               0
   13        2289.030    -140.905           0.000       0.000              13               0
   89        -828.860    1174.181           0.000       0.000              89               0
   39        1329.396   -1560.473           0.000       0.000              39               0
  116         283.678     764.564           0.000       0.000             116               0
  237        1081.637   -2556.132           0.000       0.000             237               0
   53         171.006     786.074           0.000       0.000              53               0
   87       -1479.346    1643.985           0.000       0.000              87               0
    2       -1315.963    -663.033           0.000       0.000               2               0
  233        -500.376    -703.366           0.000       0.000             233               0
  108        1805.747     508.354           0.000       0.000             108               0
   93         842.603    1350.030           0.000       0.000              93               0
  247        1701.754   -1274.508           0.000       0.000             247               0
    3        1259.399    -163.283           0.000       0.000               3               0
  218        1148.369    1755.756           0.000       0.000             218               0
   30         818.658   -1268.069           0.000       0.000              30               0
  188        -418.588    -795.519           0.000       0.000             188               0
   42       -1503.561    -187.140           0.000       0.000              42               0
   79        -185.081    1873.149           0.000       0.000              79               0
    6         327.757    1497.642           0.000       0.000               6               0
  219         630.646     855.236           0.000       0.000             219               0
  250         -46.088     658.010           0.000       0.000             250               0
   18        1016.846     293.602           0.000       0.000              18               0
  119         783.984   -1436.716           0.000       0.000             119               0
  116         353.201    -117.256           0.000       0.000             116               0
   38       -2013.385    -749.280           0.000       0.000              38               0
   23        1176.916    1728.095           0.000       0.000              23               0
   94       -1742.664   -1527.678           0.000       0.000              94               0
    4         235.207     750.442           0.000       0.000               4               0
  172         255.069   -1425.127           0.000       0.000             172               0
   43        -713.767    1118.105           0.000       0.000              43               0
  241         -57.523    2144.558           0.000       0.000             241               0
  185        1493.039   -1879.002           0.000       0.000             185               0
  132         679.155     444.525           0.000       0.000             132               0
   25        1230.890    2209.527           0.000       0.000              25               0
   46        1772.666   -1381.830           0.000       0.000              46               0
  114         581.582    1112.644           0.000       0.000             114               0
   78        1249.934     849.029           0.000       0.000              78               0
  133       -1179.221     619.145           0.000       0.000             133               0
  116       -2188.277   -1397.172           0.000       0.000             116               0
   56         558.522   -1127.563           0.000       0.000              56               0
  241       -1544.066   -3115.744           0.000       0.000             241               0
  210         405.889   -2101.297           0.000       0.000             210               0
   47        -959.893     444.389           0.000       0.000              47               0
  245       -1970.209    1716.355           0.000       0.000             245               0
  173         755.259   -1924.377           0.000       0.000             173               0
   77         516.955     987.679           0.000       0.000              77               0
  178        -982.471    1706.220           0.000       0.000             178               0
  216        1851.682    -182.640           0.000       0.000             216               0
  157       -2780.377    -504.326           0.000       0.000             157               0
  184       -1047.464    -657.143           0.000       0.000             184               0
  179         860.912   -1118.481           0.000       0.000             179               0
  152       -2169.256    1966.110           0.000       0.000             152               0
  203         399.534    -886.163           0.000       0.000             203               0
   43        -389.909   -1152.467           0.000       0.000              43               0
   12        2435.589      78.656           0.000       0.000              12               0
  241         918.282     927.143           0.000       0.000             241               0
   66       -2459.695   -2421.637           0.000       0.000              66               0
  107        -133.882   -1108.071           0.000       0.000             107               0
  246       -1880.469     435.162           0.000       0.000             246               0
  238        1591.680     679.370           0.000       0.000             238               0
  150         598.147   -1304.988           0.000       0.000             150               0
  231       -2632.282     896.790           0.000       0.000             231               0
  167        -181.856    1201.199           0.000       0.000             167               0
   27        -245.407    -243.037           0.000       0.000              27               0
    0       -1075.975    -838.294           0.000       0.000              -0               0
  214         560.628    -443.016           0.000       0.000             214               0
  142       -1080.697     578.394           0.000       0.000             142               0
   79         204.412   -1667.997           0.000       0.000              79               0
   91        -761.890     721.823           0.000       0.000              91               0
    3        -222.761     396.457           0.000       0.000               3               0
  135        -485.376     606.141           0.000       0.000             135               0
   77        -849.283     608.613           0.000       0.000              77               0
  213         140.872    -123.350           0.000       0.000             213               0
  183         563.035   -2082.890           0.000       0.000             183               0
   66         381.000       0.257           0.000       0.000              66               0
  130         562.233    2083.128           0.000       0.000             130               0
    5         140.606     123.135           0.000       0.000               5               0
  244        -849.237    -609.049           0.000       0.000             244               0
   90        -485.205    -606.311           0.000       0.000              90               0
  162        -222.676    -396.458           0.000       0.000             162               0
  173        -761.645    -721.835           0.000       0.000             173               0
   14         203.825    1668.159           0.000       0.000              14               0
   58       -1080.494    -578.793           0.000       0.000              58               0
  120         560.458     443.290           0.000       0.000             120               0
   57       -1076.326     837.865           0.000       0.000              57               0
   70        -245.466     242.726           0.000       0.000              70               0
  106        -181.577   -1201.357           0.000       0.000             106               0
  124       -2631.805    -897.446           0.000       0.000             124               0
  178         598.120    1305.298           0.000       0.000             178               0
   96        1591.813    -678.839           0.000       0.000              96               0
  106       -1880.447    -435.528           0.000       0.000             106               0
   72        -134.199    1108.314           0.000       0.000              72               0
   72       -2460.181    2420.658           0.000       0.000              72               0
   18         919.156    -927.083           0.000       0.000              18               0
  100        2435.634     -77.770           0.000       0.000             100               0
   73        -390.523    1152.320           0.000       0.000              73               0
  232         399.002     885.989           0.000       0.000             232               0
  242       -2168.625   -1966.889           0.000       0.000             242               0
  152         860.581    1118.918           0.000       0.000             152               0
   68       -1047.852     656.695           0.000       0.000              68               0
  246       -2780.215     503.198           0.000       0.000             246               0
   31        1851.942     182.948           0.000       0.000              31               0
  145        -981.824   -1706.672           0.000       0.000             145               0
  203         517.442    -987.221           0.000       0.000             203               0
  214         754.459    1924.678           0.000       0.000             214               0
  211       -1969.713   -1717.016           0.000       0.000             211               0
   78        -959.481    -444.228           0.000       0.000              78               0
  219         405.327    2101.856           0.000       0.000             219               0
  200       -1544.931    3115.121           0.000       0.000             200               0
  169         558.305    1127.334           0.000       0.000             169               0
  125       -2188.523    1395.889           0.000       0.000             125               0
  118       -1178.336    -620.110           0.000       0.000             118               0
  184        1250.842    -848.951           0.000       0.000             184               0
  184         582.401   -1112.526           0.000       0.000             184               0
  239        1772.507    1382.173           0.000       0.000             239               0
  242        1231.697   -2209.347           0.000       0.000             242               0
  254         679.337    -444.130           0.000       0.000             254               0
   89        1492.291    1879.296           0.000       0.000              89               0
  110         -57.042   -2144.844           0.000       0.000             110               0
  177        -713.432   -1118.113           0.000       0.000             177               0
  186         254.629    1425.295           0.000       0.000             186               0
  217         235.347    -750.381           0.000       0.000             217               0
  250       -1743.070    1526.961           0.000       0.000             250               0
    3        1177.594   -1727.801           0.000       0.000               3               0
  235       -2013.484     748.699           0.000       0.000             235               0
   94         353.593     117.358           0.000       0.000              94               0
   76         783.777    1436.770           0.000       0.000              76               0
  212        1017.025    -293.652           0.000       0.000             212               0
   81         -45.820    -658.318           0.000       0.000              81               0
  228         630.992    -855.250           0.000       0.000             228               0
   24         328.210   -1497.619           0.000       0.000              24               0
   71        -184.536   -1872.961           0.000       0.000              71               0
    3       -1503.473     187.023           0.000       0.000               3               0
  170        -418.404     795.568           0.000       0.000             170               0
   19         818.673    1268.187           0.000       0.000              19               0
  218        1149.251   -1755.435           0.000       0.000             218               0
  126        1259.523     163.923           0.000       0.000             126               0
   98        1701.322    1274.997           0.000       0.000              98               0
  182         842.942   -1349.845           0.000       0.000             182               0
   70        1805.591    -507.547           0.000       0.000              70               0
   11        -501.067     703.343           0.000       0.000              11               0
   52       -1316.369     662.475           0.000       0.000              52               0
  188       -1478.614   -1644.463           0.000       0.000             188               0
  195         171.619    -785.560           0.000       0.000             195               0
  236        1080.953    2556.680           0.000       0.000             236               0
  171         284.016    -764.451           0.000       0.000             171               0
  182        1328.823    1560.942           0.000       0.000             182               0
  235        -828.432   -1174.398           0.000       0.000             235               0
    5        2288.911     142.153           0.000       0.000               5               0
   36        -487.770    3802.010           0.000       0.000              36               0
  156        -882.574    2003.619           0.000       0.000             156               0
  191        1259.998   -1125.926           0.000       0.000             191               0
  254          52.397     480.471           0.000       0.000             254               0
  150       -1943.193    -737.597           0.000       0.000             150               0
  194        -551.935     213.428           0.000       0.000             194               0
  233        1433.940    -374.653           0.000       0.000             233               0
  245        -533.944    -236.570           0.000       0.000             245               0
   15        -227.180    1132.068           0.000       0.000              15               0
  190        -334.736   -3322.091           0.000       0.000             190               0
   71         692.034    1395.649           0.000       0.000              71               0
  243        2105.953    -669.146           0.000       0.000             243               0
  215         112.453    1344.233           0.000       0.000             215               0
  143        1120.334     -82.904           0.000       0.000             143               0
  247       -1002.496      80.936           0.000       0.000             247               0
  129         924.612     859.123           0.000       0.000             129               0
  162        -371.290   -1012.385           0.000       0.000             162               0
  209        -555.953     202.357           0.000       0.000             209               0
  255         105.896    1126.966           0.000       0.000             255               0
    4        1200.232    2066.305           0.000       0.000               4               0
  136       -1915.042     455.906           0.000       0.000             136               0
   70         266.477    1484.611           0.000       0.000              70               0
   16         281.153    -776.503           0.000       0.000              16               0
  188        -786.495    -496.861           0.000       0.000             188               0
    2       -1066.759     763.566           0.000       0.000               2               0
  212       -1003.754     799.156           0.000       0.000             212               0
  169       -1419.727     647.146           0.000       0.000             169               0
  174        -279.215      12.538           0.000       0.000             174               0
  138         -86.421    -436.730           0.000       0.000             138               0
  148        -820.412     558.914           0.000       0.000             148               0
  179         203.691     415.489           0.000       0.000             179               0
  175         -38.262      -6.923           0.000       0.000             175               0
   49        -882.533    1335.102           0.000       0.000              49               0
  115        -317.639     741.537           0.000       0.000             115               0
  173        2435.689    -961.025           0.000       0.000             173               0
  200       -2004.875    -360.910           0.000       0.000             200               0
   54         924.466    -691.430           0.000       0.000              54               0
  151       -2488.186   -2609.245           0.000       0.000             151               0
  190        -709.655    -321.592           0.000       0.000             190               0
   69       -1185.594    -120.907           0.000       0.000              69               0
   85           8.927     106.111           0.000       0.000              85               0
    5         185.676   -1531.180           0.000       0.000               5               0
   56        -677.932    -392.530           0.000       0.000              56               0
   45       -1172.044   -1604.435           0.000       0.000              45               0
  148       -1354.312     290.760           0.000       0.000             148               0
   47         639.078     792.037           0.000       0.000              47               0
  174         248.127    1494.006           0.000       0.000             174               0
   55        -842.241     659.801           0.000       0.000              55               0
    1        -907.525    2105.519           0.000       0.000               1               0
  174        2271.111   -1142.286           0.000       0.000             174               0
   60         -43.499    1480.683           0.000       0.000              60               0
  138         116.266    1788.793           0.000       0.000             138               0
  244        1167.350      53.261           0.000       0.000             244               0
   76       -1183.171    1289.400           0.000       0.000              76               0
   71         882.868   -1573.177           0.000       0.000              71               0
  246         398.145    -201.420           0.000       0.000             246               0
   33        1201.654    1765.452           0.000       0.000              33               0
  240       -1254.993    -376.349           0.000       0.000             240               0
  165        -874.926   -1823.050           0.000       0.000             165               0
  171        1055.402     512.389           0.000       0.000             171               0
  133        -376.563     117.627           0.000       0.000             133               0
   88        1689.821     634.696           0.000       0.000              88               0
   91         788.296     413.432           0.000       0.000              91               0
  183        2058.322   -1063.894           0.000       0.000             183               0
  204         664.064     135.438           0.000       0.000             204               0
    8          -7.798     233.525           0.000       0.000               8               0
  127         541.389    -523.542           0.000       0.000             127               0
    2         132.829      45.774           0.000       0.000               2               0
  159        -508.107   -1611.486           0.000       0.000             159               0
   61        1680.523    -785.129           0.000       0.000              61               0
   72         869.154    1018.778           0.000       0.000              72               0
  245        1358.124    -799.981           0.000       0.000             245               0
   67        1762.710      82.671           0.000       0.000              67               0
  128        1253.020    1556.354           0.000       0.000             128               0
   34         269.318     236.357           0.000       0.000              34               0
  216         -42.165    1006.074           0.000       0.000             216               0
  176         450.401     455.714           0.000       0.000             176               0
  209         116.119   -1342.823           0.000       0.000             209               0
   15        -852.249    -467.691           0.000       0.000              15               0
  178        -250.533    1606.471           0.000       0.000             178               0
  127         608.732    -385.285           0.000       0.000             127               0
   76       -1586.009    -427.975           0.000       0.000              76               0
   61        -749.242     563.555           0.000       0.000              61               0
  115        -761.216     165.309           0.000       0.000             115               0
  153        3403.267    1717.987           0.000       0.000             153               0
  132         930.690    -971.575           0.000       0.000             132               0
  106        -269.376     972.702           0.000       0.000             106               0
  186         783.142     674.796           0.000       0.000             186               0
  117        -408.655   -1193.755           0.000       0.000             117               0
   16       -2168.754    -143.274           0.000       0.000              16               0
  102         377.169     835.259           0.000       0.000             102               0
  251        -228.724     933.247           0.000       0.000             251               0
  105        -207.324    -422.775           0.000       0.000             105               0
  193         373.738   -1532.755           0.000       0.000             193               0
  178         387.587     730.119           0.000       0.000             178               0
   53        -491.831   -1732.863           0.000       0.000              53               0
  201       -1113.291    1700.933           0.000       0.000             201               0
   50         508.415    -388.530           0.000       0.000              50               0
   56        3059.846     630.582           0.000       0.000              56               0
  105         171.651   -1046.830           0.000       0.000             105               0
  111         -48.552    1685.403           0.000       0.000             111               0
  128        -518.006     -53.028           0.000       0.000             128               0
   95        1022.506    -282.842           0.000       0.000              95               0
  179          -1.180     956.011           0.000       0.000             179               0
    1        -386.009      62.034           0.000       0.000               1               0
  130         958.263   -1130.362           0.000       0.000             130               0
  139        1930.453    -333.478           0.000       0.000             139               0
  177        1289.782    -764.616           0.000       0.000             177               0
   83        -546.775    1043.602           0.000       0.000              83               0
  154         802.949   -1802.215           0.000       0.000             154               0
  100        -311.915    -533.565           0.000       0.000             100               0
  211        -473.867    -413.129           0.000       0.000             211               0
  231        1480.012     312.568           0.000       0.000             231               0
  161         373.280    -381.767           0.000       0.000             161               0
   71       -1753.612     -31.967           0.000       0.000              71               0
  128        2825.180     434.042           0.000       0.000             128               0
   37       -1041.285   -1217.364           0.000       0.000              37               0
  178         339.884   -1865.575           0.000       0.000             178               0
   58         436.303    2401.658           0.000       0.000              58               0
  155       -1435.325    -941.354           0.000       0.000             155               0
  194         639.155      77.169           0.000       0.000             194               0
  160         480.714     260.560           0.000       0.000             160               0
  150         761.284    1164.063           0.000       0.000             150               0
   43        1584.767     709.646           0.000       0.000              43               0
   97        -675.039    -128.188           0.000       0.000              97               0
   72       -2988.632    1306.765           0.000       0.000              72               0
   97        -259.612     280.196           0.000       0.000              97               0
   43       -3043.166    1304.526           0.000       0.000              43               0
  122        2659.811   -1105.356           0.000       0.000             122               0
  153        1147.446    1249.231           0.000       0.000             153               0
  148         814.630   -1347.999           0.000       0.000             148               0
  234         -27.018   -1438.070           0.000       0.000             234               0
   25         731.441    2334.297           0.000       0.000              25               0
  244          89.034   -1073.289           0.000       0.000             244               0
  157        -417.071    -851.767           0.000       0.000             157               0
   26         655.371     854.889           0.000       0.000              26               0
  118        -707.461    -349.762           0.000       0.000             118               0
   41        1170.841    -282.935           0.000       0.000              41               0
  204        1657.375     118.505           0.000       0.000             204               0
  201         273.587     698.141           0.000       0.000             201               0
  196         920.801    2140.412           0.000       0.000             196               0
   48        2818.157     603.204           0.000       0.000              48               0
  157          32.199     728.545           0.000       0.000             157               0
  171        1119.556     148.381           0.000       0.000             171               0
  210        -362.442     345.608           0.000       0.000             210               0
  228         504.921    -448.462           0.000       0.000             228               0
   43        -415.336    -773.302           0.000       0.000              43               0
  247        1761.340   -1358.870           0.000       0.000             247               0
  150        -763.366   -1366.973           0.000       0.000             150               0
  102        -433.429    -941.116           0.000       0.000             102               0
  147        -847.320   -2819.416           0.000       0.000             147               0
   88        -448.192    -548.407           0.000       0.000              88               0
    7         484.033   -1234.771           0.000       0.000               7               0
   41        -161.173    -238.337           0.000       0.000              41               0
  132        -441.543    1172.238           0.000       0.000             132               0
  104        -434.189    1064.333           0.000       0.000             104               0
  114        1051.115   -2450.260           0.000       0.000             114               0
  229         903.395    -184.336           0.000       0.000             229               0
  148       -1576.120     183.882           0.000       0.000             148               0
  237       -1178.304     947.962           0.000       0.000             237               0
  126         947.694    1145.508           0.000       0.000             126               0
   41         944.599     352.098           0.000       0.000              41               0
  216       -2269.176     397.714           0.000       0.000             216               0
  151        -613.916    -506.036           0.000       0.000             151               0
   29         493.322   -1541.720           0.000       0.000              29               0
  118        -578.052     429.290           0.000       0.000             118               0
  178        -766.044     -40.911           0.000       0.000             178               0
  147        1630.063     772.651           0.000       0.000             147               0
  159        -407.699    -576.617           0.000       0.000             159               0
  126        1024.544     477.160           0.000       0.000             126               0
   93        1312.229    1573.329           0.000       0.000              93               0
   99       -1204.934   -2928.751           0.000       0.000              99               0
  175        2146.053    1010.753           0.000       0.000             175               0
  250       -2534.611    -560.579           0.000       0.000             250               0
   14         487.676     803.801           0.000       0.000              14               0
  129        1075.818    -376.010           0.000       0.000             129               0
  222        1763.583    -406.151           0.000       0.000             222               0
   58        -696.066   -2565.196           0.000       0.000              58               0
  121        -450.006   -2642.550           0.000       0.000             121               0
  117         -19.412    1266.702           0.000       0.000             117               0
  160       -1436.200   -1637.112           0.000       0.000             160               0
