SINAL     NFT                         FFT                         NFT INVERSA     FFT INVERSA
-----     -----------------------     -----------------------     -----------     -----------
  189       66091.000       0.000           0.000       0.000             189               0
  235        1019.999   -2023.625           0.000       0.000             235               0
   81        -132.229    -722.179           0.000       0.000              81               0
  138        -354.103    -128.785           0.000       0.000             138               0
  248         239.695   -1273.256           0.000       0.000             248               0
   96        -338.415     882.880           0.000       0.000              96               0
  198         -13.957    -800.529           0.000       0.000             198               0
  111        -319.125    1751.585           0.000       0.000             111               0
  119        2594.356    1834.840           0.000       0.000             119               0
  156        1765.082      95.126           0.000       0.000             156               0
   54        1090.683     635.456           0.000       0.000              54               0
   38         131.006    -907.750           0.000       0.000              38               0
   94        -767.001     779.008           0.000       0.000              94               0
   83       -1107.600   -1364.161           0.000       0.000              83               0
  152        -833.303    -579.307           0.000       0.000             152               0
  123        -386.307     926.420           0.000       0.000             123               0
  148        -803.127    1474.542           0.000       0.000             148               0
  238        1506.619   -1103.149           0.000       0.000             238               0
   79        -759.958    1229.576           0.000       0.000              79               0
   15         529.095     410.651           0.000       0.000              15               0
  180         897.042     307.314           0.000       0.000             180               0
  217        1159.737     519.857           0.000       0.000             217               0
  234        -474.176     743.108           0.000       0.000             234               0
  241        -283.756     894.494           0.000       0.000             241               0
   83         269.825     849.749           0.000       0.000              83               0
   76        2228.748    -680.169           0.000       0.000              76               0
   41         550.725    -159.160           0.000       0.000              41               0
  141        -370.704   -1468.534           0.000       0.000             141               0
  233         413.833    -521.925           0.000       0.000             233               0
   44       -1996.412     550.661           0.000       0.000              44               0
   18        -136.477      65.171           0.000       0.000              18               0
  166       -1278.973   -1393.101           0.000       0.000             166               0
   24        1297.652   -2622.220           0.000       0.000              24               0
  100        -370.607    -833.659           0.000       0.000             100               0
   49       -2019.375     682.562           0.000       0.000              49               0
   16         285.764   -1926.922           0.000       0.000              16               0
  197       -1148.925    -243.200           0.000       0.000             197               0
  247         717.229   -1433.280           0.000       0.000             247               0
  127         827.817    -127.216           0.000       0.000             127               0
   60         985.907      44.418           0.000       0.000              60               0
  148         486.967    1160.695           0.000       0.000             148               0
  182        -596.168   -1728.477           0.000       0.000             182               0
   98        -139.141     726.086           0.000       0.000              98               0
  242        -865.853     352.444           0.000       0.000             242               0
    9        1151.189     -30.437           0.000       0.000               9               0
  251        -635.711   -2343.854           0.000       0.000             251               0
  110        1787.403    -612.562           0.000       0.000             110               0
  158        -469.731     606.018           0.000       0.000             158               0
  233        -529.967   -1193.264           0.000       0.000             233               0
  190        -559.228    2033.217           0.000       0.000             190               0
  173        1609.173     701.864           0.000       0.000             173               0
  158          47.474     432.920           0.000       0.000             158               0
  151       -1965.640     -33.465           0.000       0.000             151               0
  152        -324.774     502.450           0.000       0.000             152               0
  143         666.329     814.977           0.000       0.000             143               0
  234        -280.136   -1005.633           0.000       0.000             234               0
  228       -1191.109     656.824           0.000       0.000             228               0
  185        -782.403   -2249.474           0.000       0.000             185               0
  120        -802.304   -1565.645           0.000       0.000             120               0
  205        1810.658    2745.020           0.000       0.000             205               0
  230        1032.426   -2416.154           0.000       0.000             230               0
  139        -960.253     966.272           0.000       0.000             139               0
  116       -1168.323    1386.680           0.000       0.000             116               0
  254        1391.771    1934.941           0.000       0.000             254               0
  239        -613.771     396.278           0.000       0.000             239               0
  165         235.495    1325.673           0.000       0.000             165               0
   15       -1577.253      89.164           0.000       0.000              15               0
  180        2657.236     446.237           0.000       0.000             180               0
  157        -611.796     212.546           0.000       0.000             157               0
  142        1023.520     483.504           0.000       0.000             142               0
  241       -1679.380    -387.143           0.000       0.000             241               0
   49         -15.272     179.228           0.000       0.000              49               0
   69        1669.136    -794.567           0.000       0.000              69               0
   84         565.005     721.384           0.000       0.000              84               0
   36         576.083   -1602.826           0.000       0.000              36               0
   79        1109.434   -1830.918           0.000       0.000              79               0
   79          23.189   -1818.688           0.000       0.000              79               0
  147        -172.268    -200.787           0.000       0.000             147               0
  237       -3050.405    1602.830           0.000       0.000             237               0
   57        -217.825     -22.946           0.000       0.000              57               0
   82          18.244    -895.779           0.000       0.000              82               0
  155         868.171    -641.961           0.000       0.000             155               0
  215       -1766.333    1413.345           0.000       0.000             215               0
  233         400.090     227.100           0.000       0.000             233               0
   51       -1938.422     670.933           0.000       0.000              51               0
  103        -784.873     752.464           0.000       0.000             103               0
  212         219.361   -1296.585           0.000       0.000             212               0
   23       -2008.563     213.523           0.000       0.000              23               0
   33        1610.415    1593.950           0.000       0.000              33               0
   76       -2118.687    -560.309           0.000       0.000              76               0
  228        -567.761   -1253.982           0.000       0.000             228               0
    7        -440.298      73.752           0.000       0.000               7               0
  216        -357.878    -187.661           0.000       0.000             216               0
   88        1180.486    -767.802           0.000       0.000              88               0
    6         763.075      24.154           0.000       0.000               6               0
  199         603.406    -760.790           0.000       0.000             199               0
  254        1574.008    -146.748           0.000       0.000             254               0
   21         692.028   -1025.817           0.000       0.000              21               0
  124        1314.023    -738.173           0.000       0.000             124               0
  155         253.721    -260.939           0.000       0.000             155               0
  164        -116.675    -946.594           0.000       0.000             164               0
  109       -3016.195    -208.595           0.000       0.000             109               0
  205        1707.438   -1008.142           0.000       0.000             205               0
  233        -212.529   -1209.964           0.000       0.000             233               0
  194       -1991.439     -88.163           0.000       0.000             194               0
  242       -2020.714   -1491.160           0.000       0.000             242               0
   56        1535.378     -49.968           0.000       0.000              56               0
   17        2017.518   -2375.898           0.000       0.000              17               0
  133         192.814    1423.542           0.000       0.000             133               0
   38         555.066    1830.970           0.000       0.000              38               0
   75        -912.875    1262.096           0.000       0.000              75               0
  216        2216.433     569.530           0.000       0.000             216               0
  193        1566.989     910.191           0.000       0.000             193               0
   34        1727.514     -43.394           0.000       0.000              34               0
  193         936.959   -2273.751           0.000       0.000             193               0
  245        -242.051     196.777           0.000       0.000             245               0
  138         660.482     153.387           0.000       0.000             138               0
  150       -2169.840     478.982           0.000       0.000             150               0
   12         707.700     835.073           0.000       0.000              12               0
  171        1183.189    -283.568           0.000       0.000             171               0
  227        1536.334    -126.876           0.000       0.000             227               0
  241       -1946.251    -531.038           0.000       0.000             241               0
  179        -650.322    -815.613           0.000       0.000             179               0
  187        -589.685     867.142           0.000       0.000             187               0
   74        3652.799    -130.865           0.000       0.000              74               0
  185        -937.626   -1171.141           0.000       0.000             185               0
  131         842.668     723.148           0.000       0.000             131               0
   73        1884.167    1523.757           0.000       0.000              73               0
  206        -704.052    -439.183           0.000       0.000             206               0
  255        -156.761   -1406.556           0.000       0.000             255               0
  228        1071.988    -282.157           0.000       0.000             228               0
  114        -626.453    -671.681           0.000       0.000             114               0
  109        -334.793    -824.481           0.000       0.000             109               0
  178       -1238.109    -845.550           0.000       0.000             178               0
   92       -1597.921     323.945           0.000       0.000              92               0
   47          39.509   -2965.405           0.000       0.000              47               0
  165        -102.642     724.836           0.000       0.000             165               0
  148         841.328     271.228           0.000       0.000             148               0
   64        1537.339    -180.518           0.000       0.000              64               0
   43         906.006   -1543.935           0.000       0.000              43               0
  187        -568.701    -720.001           0.000       0.000             187               0
  140       -1206.745    -472.970           0.000       0.000             140               0
    3       -1426.089    2056.002           0.000       0.000               3               0
  125         344.098   -1104.705           0.000       0.000             125               0
  174        1899.719   -1057.834           0.000       0.000             174               0
  196        -784.588    1012.685           0.000       0.000             196               0
  114        1256.171    -576.486           0.000       0.000             114               0
   56        2956.334   -1527.192           0.000       0.000              56               0
   91         225.587    2878.759           0.000       0.000              91               0
  127       -1764.761    1040.100           0.000       0.000             127               0
  228        3169.679    -648.404           0.000       0.000             228               0
   62        -773.978    -142.402           0.000       0.000              62               0
  112         946.196     789.134           0.000       0.000             112               0
  151       -1409.577     444.448           0.000       0.000             151               0
  250        -682.051   -1580.818           0.000       0.000             250               0
  187        3141.170      87.320           0.000       0.000             187               0
   81        -230.708   -1007.109           0.000       0.000              81               0
  125        -714.983    1218.616           0.000       0.000             125               0
    4       -3419.246   -2581.214           0.000       0.000               4               0
   31       -1110.638      95.021           0.000       0.000              31               0
  124         428.051    -985.799           0.000       0.000             124               0
  233        2517.472    -183.793           0.000       0.000             233               0
  146       -1170.062   -1686.727           0.000       0.000             146               0
  234        -334.644    -436.764           0.000       0.000             234               0
  155       -1945.161    -101.025           0.000       0.000             155               0
  238        1031.555     -73.597           0.000       0.000             238               0
   25        2312.876    -554.073           0.000       0.000              25               0
   64         957.930     124.245           0.000       0.000              64               0
  131         289.719   -1905.288           0.000       0.000             131               0
   90        -876.166    -449.017           0.000       0.000              90               0
  107        2617.546    -369.876           0.000       0.000             107               0
   62         348.764    -670.423           0.000       0.000              62               0
  230        1124.544    -773.429           0.000       0.000             230               0
  111        -614.785   -1487.855           0.000       0.000             111               0
  187        -346.929     323.301           0.000       0.000             187               0
  149        1032.860    1346.080           0.000       0.000             149               0
   51         320.729     239.086           0.000       0.000              51               0
   46        -160.986    1127.299           0.000       0.000              46               0
  206         -22.754   -1397.969           0.000       0.000             206               0
  143        2183.067    1228.018           0.000       0.000             143               0
  173         717.522    -216.994           0.000       0.000             173               0
  178         554.956    -395.111           0.000       0.000             178               0
  206        1469.711    2180.514           0.000       0.000             206               0
   29       -1130.863   -1767.262           0.000       0.000              29               0
   74        2766.274   -1410.140           0.000       0.000              74               0
  200        1047.361    -658.798           0.000       0.000             200               0
  217       -2847.011    -352.343           0.000       0.000             217               0
  155        -511.566    -575.494           0.000       0.000             155               0
   69       -1304.136     254.706           0.000       0.000              69               0
  221        -859.545    -384.605           0.000       0.000             221               0
  186       -1064.920   -2261.589           0.000       0.000             186               0
  194         493.810   -1625.516           0.000       0.000             194               0
  199         507.680     326.496           0.000       0.000             199               0
   77         789.197   -1377.931           0.000       0.000              77               0
  173       -1527.075     663.798           0.000       0.000             173               0
   99        -719.773    -383.496           0.000       0.000              99               0
   60          45.775     139.935           0.000       0.000              60               0
  198        -218.201    1203.514           0.000       0.000             198               0
  164        -127.477    -173.245           0.000       0.000             164               0
  191        -258.416     371.202           0.000       0.000             191               0
   33       -1677.046   -1721.702           0.000       0.000              33               0
   16        2825.772   -1530.736           0.000       0.000              16               0
  254        -670.980    2469.862           0.000       0.000             254               0
    7        1582.859    -211.456           0.000       0.000               7               0
  127         814.385    2337.406           0.000       0.000             127               0
  186         111.765   -1182.160           0.000       0.000             186               0
  157         448.258   -2744.601           0.000       0.000             157               0
  179       -1314.844    -762.060           0.000       0.000             179               0
  232        1720.666     786.323           0.000       0.000             232               0
  107        -779.939    1453.882           0.000       0.000             107               0
   66       -2310.378    1945.011           0.000       0.000              66               0
  149        1506.199     180.266           0.000       0.000             149               0
   29       -2488.814     484.466           0.000       0.000              29               0
   16         704.166    -384.342           0.000       0.000              16               0
  179         799.454     541.357           0.000       0.000             179               0
  103        1910.017    1106.728           0.000       0.000             103               0
  217         -78.705     486.070           0.000       0.000             217               0
  141        -345.699    -333.975           0.000       0.000             141               0
    3        -652.850      75.729           0.000       0.000               3               0
   31         250.371     814.011           0.000       0.000              31               0
  106       -1596.327    -730.952           0.000       0.000             106               0
  190         843.709     272.044           0.000       0.000             190               0
  225       -1876.962    1011.729           0.000       0.000             225               0
   50         376.818    -377.768           0.000       0.000              50               0
   11         -11.395      46.828           0.000       0.000              11               0
  143          10.038    1501.187           0.000       0.000             143               0
  149         202.293    -147.413           0.000       0.000             149               0
   71        1078.924    1021.310           0.000       0.000              71               0
   85         334.702    1446.279           0.000       0.000              85               0
   57         564.876    -326.072           0.000       0.000              57               0
    7        -677.712    -298.562           0.000       0.000               7               0
  118       -2447.575      31.466           0.000       0.000             118               0
   73         -86.395    1399.316           0.000       0.000              73               0
    6       -1502.965    -195.784           0.000       0.000               6               0
  126        -532.857   -2178.626           0.000       0.000             126               0
  201        1351.952    1073.368           0.000       0.000             201               0
  192         707.534     192.604           0.000       0.000             192               0
   27         -72.567     803.217           0.000       0.000              27               0
  124        -139.432    1360.205           0.000       0.000             124               0
  169         903.524    -158.585           0.000       0.000             169               0
  135       -1105.525     398.476           0.000       0.000             135               0
  190         710.763     748.206           0.000       0.000             190               0
   63       -1415.494     -92.456           0.000       0.000              63               0
  164        -486.766    -551.572           0.000       0.000             164               0
  207        -666.593    2220.701           0.000       0.000             207               0
  242        -693.899   -1309.811           0.000       0.000             242               0
   12         583.753   -1017.861           0.000       0.000              12               0
  168          33.193    1146.675           0.000       0.000             168               0
  127       -2066.203    1179.380           0.000       0.000             127               0
   15         703.010    -658.711           0.000       0.000              15               0
  199         918.571     503.548           0.000       0.000             199               0
  234        1348.836    -856.186           0.000       0.000             234               0
  205       -1377.585   -1405.896           0.000       0.000             205               0
  169         533.467   -1817.467           0.000       0.000             169               0
   29         629.932    -525.255           0.000       0.000              29               0
  217          25.202     548.451           0.000       0.000             217               0
   56          -7.000       0.021           0.000       0.000              56               0
  178          25.435    -548.270           0.000       0.000             178               0
   33         629.759     525.756           0.000       0.000              33               0
  142         532.695    1817.731           0.000       0.000             142               0
  236       -1378.012    1405.223           0.000       0.000             236               0
   40        1348.678     856.251           0.000       0.000              40               0
    5         918.566    -503.553           0.000       0.000               5               0
   54         702.387     658.626           0.000       0.000              54               0
   47       -2066.002   -1180.373           0.000       0.000              47               0
  132          33.668   -1146.616           0.000       0.000             132               0
  255         583.294    1018.103           0.000       0.000             255               0
  240        -694.519    1309.190           0.000       0.000             240               0
  160        -665.912   -2221.167           0.000       0.000             160               0
  123        -486.988     551.402           0.000       0.000             123               0
  153       -1415.380      91.757           0.000       0.000             153               0
   39         711.148    -748.157           0.000       0.000              39               0
   58       -1105.260    -398.934           0.000       0.000              58               0
  216         903.623     158.695           0.000       0.000             216               0
  204        -138.962   -1360.400           0.000       0.000             204               0
   10         -72.194    -803.181           0.000       0.000              10               0
  203         707.671    -192.306           0.000       0.000             203               0
  216        1352.088   -1072.687           0.000       0.000             216               0
  178        -533.964    2178.499           0.000       0.000             178               0
   75       -1503.158     194.922           0.000       0.000              75               0
  232         -86.018   -1399.500           0.000       0.000             232               0
  122       -2447.480     -32.257           0.000       0.000             122               0
   54        -677.377     298.248           0.000       0.000              54               0
  182         565.107     325.981           0.000       0.000             182               0
   36         335.402   -1446.390           0.000       0.000              36               0
   83        1079.329   -1020.915           0.000       0.000              83               0
  143         202.170     147.449           0.000       0.000             143               0
   93          10.487   -1501.157           0.000       0.000              93               0
    6         -11.420     -46.665           0.000       0.000               6               0
  176         376.524     377.872           0.000       0.000             176               0
  235       -1876.610   -1012.363           0.000       0.000             235               0
  243         843.862    -271.613           0.000       0.000             243               0
  217       -1596.516     730.406           0.000       0.000             217               0
  241         250.827    -813.982           0.000       0.000             241               0
   41        -652.684     -75.893           0.000       0.000              41               0
    8        -345.547     333.790           0.000       0.000               8               0
  117         -78.169    -486.242           0.000       0.000             117               0
   40        1910.563   -1106.093           0.000       0.000              40               0
  248         799.497    -540.947           0.000       0.000             248               0
   21         703.705     384.617           0.000       0.000              21               0
  164       -2488.684    -485.356           0.000       0.000             164               0
  146        1506.272    -179.874           0.000       0.000             146               0
   61       -2309.750   -1945.774           0.000       0.000              61               0
  222        -779.017   -1453.800           0.000       0.000             222               0
  107        1721.104    -785.194           0.000       0.000             107               0
    9       -1315.002     762.203           0.000       0.000               9               0
  233         447.625    2744.891           0.000       0.000             233               0
   54         111.611    1181.791           0.000       0.000              54               0
  226         815.401   -2337.292           0.000       0.000             226               0
  155        1582.766     212.065           0.000       0.000             155               0
  130        -670.114   -2469.744           0.000       0.000             130               0
  203        2825.067    1532.198           0.000       0.000             203               0
   22       -1677.960    1721.152           0.000       0.000              22               0
  185        -258.286    -371.391           0.000       0.000             185               0
  129        -127.545     173.161           0.000       0.000             129               0
   59        -217.806   -1203.499           0.000       0.000              59               0
   13          45.765    -139.639           0.000       0.000              13               0
   16        -719.966     383.460           0.000       0.000              16               0
  152       -1526.634    -664.001           0.000       0.000             152               0
   19         789.013    1378.475           0.000       0.000              19               0
  193         507.828    -326.057           0.000       0.000             193               0
  132         493.123    1626.007           0.000       0.000             132               0
    6       -1065.807    2261.174           0.000       0.000               6               0
  154        -859.650     384.076           0.000       0.000             154               0
  117       -1303.890    -255.194           0.000       0.000             117               0
   47        -511.565     575.359           0.000       0.000              47               0
  163       -2846.555     351.417           0.000       0.000             163               0
  235        1047.999     659.205           0.000       0.000             235               0
   88        2766.061    1411.001           0.000       0.000              88               0
  156       -1131.270    1766.426           0.000       0.000             156               0
    1        1470.786   -2180.316           0.000       0.000               1               0
  253         555.011     395.325           0.000       0.000             253               0
   46         717.697     217.087           0.000       0.000              46               0
   62        2183.478   -1227.259           0.000       0.000              62               0
  220         -23.383    1397.927           0.000       0.000             220               0
  153        -160.570   -1127.492           0.000       0.000             153               0
   72         320.941    -238.962           0.000       0.000              72               0
  197        1033.310   -1345.560           0.000       0.000             197               0
  208        -346.857    -322.976           0.000       0.000             208               0
   42        -615.054    1487.958           0.000       0.000              42               0
   97        1124.537     773.891           0.000       0.000              97               0
   83         348.751     670.583           0.000       0.000              83               0
  246        2617.352     370.809           0.000       0.000             246               0
  119        -876.481     448.863           0.000       0.000             119               0
   12         289.226    1905.330           0.000       0.000              12               0
  119         958.116    -124.082           0.000       0.000             119               0
  178        2312.533     554.790           0.000       0.000             178               0
   25        1030.974      73.895           0.000       0.000              25               0
  136       -1945.525     100.426           0.000       0.000             136               0
   74        -334.792     436.787           0.000       0.000              74               0
   44       -1170.403    1686.306           0.000       0.000              44               0
   73        2517.445     184.516           0.000       0.000              73               0
  207         427.262     985.842           0.000       0.000             207               0
   51       -1111.057     -95.409           0.000       0.000              51               0
  228       -3420.033    2579.824           0.000       0.000             228               0
   68        -714.051   -1219.155           0.000       0.000              68               0
   99        -230.451    1006.926           0.000       0.000              99               0
  135        3141.343     -86.409           0.000       0.000             135               0
   47        -682.796    1580.317           0.000       0.000              47               0
  188       -1409.213    -445.331           0.000       0.000             188               0
   35         946.744    -788.992           0.000       0.000              35               0
   49        -773.669     142.057           0.000       0.000              49               0
  185        3169.536     649.180           0.000       0.000             185               0
   81       -1764.445   -1041.046           0.000       0.000              81               0
  111         227.021   -2878.489           0.000       0.000             111               0
  149        2955.977    1528.509           0.000       0.000             149               0
  235        1255.676     576.822           0.000       0.000             235               0
  184        -784.349   -1012.886           0.000       0.000             184               0
   90        1899.256    1058.600           0.000       0.000              90               0
  187         343.298    1104.594           0.000       0.000             187               0
  227       -1425.657   -2056.502           0.000       0.000             227               0
  187       -1206.815     472.858           0.000       0.000             187               0
   15        -568.629     719.985           0.000       0.000              15               0
  217         905.787    1544.192           0.000       0.000             217               0
   51        1537.299     180.846           0.000       0.000              51               0
   27         841.195    -271.006           0.000       0.000              27               0
   80        -102.647    -724.612           0.000       0.000              80               0
  229          38.247    2965.458           0.000       0.000             229               0
   52       -1597.956    -324.681           0.000       0.000              52               0
  217       -1238.228     845.094           0.000       0.000             217               0
   48        -334.817     824.235           0.000       0.000              48               0
   97        -626.344     671.280           0.000       0.000              97               0
   34        1072.138     282.367           0.000       0.000              34               0
  255        -157.127    1406.238           0.000       0.000             255               0
  149        -703.842     438.450           0.000       0.000             149               0
    6        1884.964   -1523.426           0.000       0.000               6               0
   68         842.876    -722.799           0.000       0.000              68               0
  248        -937.774    1170.800           0.000       0.000             248               0
  142        3652.737     131.848           0.000       0.000             142               0
  116        -589.807    -867.397           0.000       0.000             116               0
  181        -650.743     815.396           0.000       0.000             181               0
  177       -1946.158     530.215           0.000       0.000             177               0
  165        1536.664     127.182           0.000       0.000             165               0
  110        1183.096     283.704           0.000       0.000             110               0
    3         707.746    -835.035           0.000       0.000               3               0
   21       -2169.618    -479.737           0.000       0.000              21               0
    3         660.857    -153.137           0.000       0.000               3               0
  238        -241.687    -196.716           0.000       0.000             238               0
  205         936.575    2273.942           0.000       0.000             205               0
   94        1727.705      43.514           0.000       0.000              94               0
  170        1567.308    -909.977           0.000       0.000             170               0
  176        2216.315    -568.992           0.000       0.000             176               0
   25        -912.729   -1262.528           0.000       0.000              25               0
  185         555.650   -1830.632           0.000       0.000             185               0
  138         193.308   -1422.903           0.000       0.000             138               0
   76        2016.585    2376.968           0.000       0.000              76               0
  212        1534.740      50.601           0.000       0.000             212               0
  218       -2021.759    1490.563           0.000       0.000             218               0
   50       -1991.455      87.522           0.000       0.000              50               0
    9        -212.690    1209.939           0.000       0.000               9               0
  180        1706.931    1008.597           0.000       0.000             180               0
   98       -3016.316     207.491           0.000       0.000              98               0
  107        -116.581     946.462           0.000       0.000             107               0
  214         253.993     260.914           0.000       0.000             214               0
   98        1313.993     738.537           0.000       0.000              98               0
    0         691.781    1025.857           0.000       0.000              -0               0
  221        1573.922     147.071           0.000       0.000             221               0
  167         602.986     760.791           0.000       0.000             167               0
  249         762.917     -24.088           0.000       0.000             249               0
  107        1179.881     768.010           0.000       0.000             107               0
   27        -358.358     187.296           0.000       0.000              27               0
  174        -440.580     -74.036           0.000       0.000             174               0
   28        -568.467    1253.568           0.000       0.000              28               0
  193       -2118.841     559.115           0.000       0.000             193               0
   28        1610.888   -1593.706           0.000       0.000              28               0
   31       -2008.649    -214.188           0.000       0.000              31               0
  214         218.928    1296.437           0.000       0.000             214               0
   32        -784.764    -753.072           0.000       0.000              32               0
   14       -1938.077    -671.737           0.000       0.000              14               0
  163         400.313    -227.098           0.000       0.000             163               0
  126       -1765.657   -1413.879           0.000       0.000             126               0
  184         868.207     642.416           0.000       0.000             184               0
   84          17.933     895.696           0.000       0.000              84               0
  152        -217.971      22.639           0.000       0.000             152               0
  114       -3049.655   -1603.807           0.000       0.000             114               0
  222        -171.762     201.077           0.000       0.000             222               0
  228          23.080    1818.869           0.000       0.000             228               0
   71        1109.184    1831.136           0.000       0.000              71               0
  185         575.754    1602.557           0.000       0.000             185               0
   23         565.453    -721.592           0.000       0.000              23               0
   81        1668.856     794.837           0.000       0.000              81               0
  109         -15.430    -179.573           0.000       0.000             109               0
  122       -1679.384     386.233           0.000       0.000             122               0
  188        1023.913    -483.516           0.000       0.000             188               0
   68        -611.494    -213.046           0.000       0.000              68               0
  220        2657.352    -445.626           0.000       0.000             220               0
  188       -1577.385     -90.022           0.000       0.000             188               0
   34         236.037   -1325.863           0.000       0.000              34               0
  131        -613.486    -396.705           0.000       0.000             131               0
  182        1392.428   -1934.596           0.000       0.000             182               0
  141       -1167.928   -1386.902           0.000       0.000             141               0
  159        -959.633    -966.191           0.000       0.000             159               0
  100        1031.935    2416.527           0.000       0.000             100               0
  170        1811.463   -2744.332           0.000       0.000             170               0
   96        -803.079    1565.779           0.000       0.000              96               0
  129        -783.199    2249.052           0.000       0.000             129               0
  202       -1190.740    -657.480           0.000       0.000             202               0
   54        -280.186    1005.312           0.000       0.000              54               0
  162         666.732    -815.032           0.000       0.000             162               0
  216        -324.642    -502.650           0.000       0.000             216               0
  218       -1965.396      32.703           0.000       0.000             218               0
   32          48.140    -433.052           0.000       0.000              32               0
  145        1609.610    -701.438           0.000       0.000             145               0
   47        -558.512   -2033.180           0.000       0.000              47               0
  184        -530.140    1193.355           0.000       0.000             184               0
    4        -469.115    -606.018           0.000       0.000               4               0
   14        1787.421     613.461           0.000       0.000              14               0
  157        -636.382    2343.593           0.000       0.000             157               0
   75        1151.275      30.523           0.000       0.000              75               0
  200        -865.684    -352.880           0.000       0.000             200               0
  180        -138.687    -726.038           0.000       0.000             180               0
  156        -596.431    1728.222           0.000       0.000             156               0
   54         487.737   -1160.655           0.000       0.000              54               0
   46         986.156     -43.949           0.000       0.000              46               0
   88         827.843     127.695           0.000       0.000              88               0
  122         716.639    1433.604           0.000       0.000             122               0
   11       -1149.025     242.841           0.000       0.000              11               0
   21         285.150    1926.898           0.000       0.000              21               0
  156       -2018.972    -683.348           0.000       0.000             156               0
  143        -370.401     833.693           0.000       0.000             143               0
  204        1296.984    2622.525           0.000       0.000             204               0
   42       -1279.308    1392.168           0.000       0.000              42               0
   46        -136.208     -65.711           0.000       0.000              46               0
   48       -1995.767    -551.573           0.000       0.000              48               0
  212         414.284     521.951           0.000       0.000             212               0
  143        -370.610    1468.090           0.000       0.000             143               0
  178         551.354     158.894           0.000       0.000             178               0
  159        2228.899     680.398           0.000       0.000             159               0
  198         270.239    -850.182           0.000       0.000             198               0
   84        -283.190    -894.923           0.000       0.000              84               0
  120        -473.433    -743.485           0.000       0.000             120               0
  161        1160.409    -519.633           0.000       0.000             161               0
  117         897.444    -307.183           0.000       0.000             117               0
    9         529.433    -410.670           0.000       0.000               9               0
  208        -759.174   -1229.854           0.000       0.000             208               0
   45        1506.562    1103.522           0.000       0.000              45               0
   14        -802.425   -1475.015           0.000       0.000              14               0
  223        -385.608    -926.421           0.000       0.000             223               0
  203        -833.010     579.176           0.000       0.000             203               0
   89       -1107.353    1363.617           0.000       0.000              89               0
  167        -765.784    -779.475           0.000       0.000             167               0
  128         131.817     907.580           0.000       0.000             128               0
  246        1092.016    -635.403           0.000       0.000             246               0
  221        1766.121     -94.846           0.000       0.000             221               0
  174        2595.640   -1834.174           0.000       0.000             174               0
   79        -317.882   -1751.478           0.000       0.000              79               0
   88         -13.201     800.721           0.000       0.000              88               0
  186        -336.763    -882.834           0.000       0.000             186               0
  100         241.008    1273.478           0.000       0.000             100               0
  245        -351.791     128.662           0.000       0.000             245               0
   74        -128.807     722.169           0.000       0.000              74               0
   48        1026.421    2023.682           0.000       0.000              48               0
