SINAL     NFT                         FFT                         NFT INVERSA     FFT INVERSA
-----     -----------------------     -----------------------     -----------     -----------
   46       67764.000       0.000           0.000       0.000              46               0
  231         315.493   -1776.807           0.000       0.000             231               0
  149         323.693   -2151.587           0.000       0.000             149               0
  117          48.146   -2079.428           0.000       0.000             117               0
   71         705.621    1328.403           0.000       0.000              71               0
  185         169.542    -690.743           0.000       0.000             185               0
  109         722.932    1528.907           0.000       0.000             109               0
  132        1131.486    3794.484           0.000       0.000             132               0
  116        -489.473    -200.290           0.000       0.000             116               0
  242           6.169   -1757.048           0.000       0.000             242               0
  222        1310.940    1591.550           0.000       0.000             222               0
  244        1192.495     456.556           0.000       0.000             244               0
   37         268.110     801.275           0.000       0.000              37               0
  218        -547.699    -154.731           0.000       0.000             218               0
   26        2270.269   -1415.537           0.000       0.000              26               0
  208       -1680.785     130.386           0.000       0.000             208               0
   51       -1710.076     200.665           0.000       0.000              51               0
  164         263.920    -415.313           0.000       0.000             164               0
   54        -552.560   -1082.330           0.000       0.000              54               0
  109        -560.629    -880.688           0.000       0.000             109               0
  175         454.011     924.034           0.000       0.000             175               0
   97       -1432.201    -529.955           0.000       0.000              97               0
   58        -822.598     616.639           0.000       0.000              58               0
  176         -44.093    1330.669           0.000       0.000             176               0
   72       -1102.758   -1733.866           0.000       0.000              72               0
  178         624.409    -268.664           0.000       0.000             178               0
    0         -78.103    2191.410           0.000       0.000               0               0
   62         342.508    1070.697           0.000       0.000              62               0
  210         767.440   -2246.287           0.000       0.000             210               0
  234       -1032.201   -1564.326           0.000       0.000             234               0
   25       -1946.135      91.805           0.000       0.000              25               0
    0       -1586.216    -546.941           0.000       0.000               0               0
  209         308.282    2035.791           0.000       0.000             209               0
  174       -1440.160    -854.866           0.000       0.000             174               0
  118         249.519    1483.248           0.000       0.000             118               0
   25        -163.097    1470.647           0.000       0.000              25               0
  104        2211.141    -961.187           0.000       0.000             104               0
  227        1012.795    -958.385           0.000       0.000             227               0
  157         237.252    -311.651           0.000       0.000             157               0
  220       -1083.577     335.496           0.000       0.000             220               0
  214         717.698     427.267           0.000       0.000             214               0
  124        -933.576    2777.009           0.000       0.000             124               0
  209       -1005.544    -599.389           0.000       0.000             209               0
  251         845.753     609.397           0.000       0.000             251               0
   87        1525.993     623.097           0.000       0.000              87               0
  236       -3292.493    1355.492           0.000       0.000             236               0
  204       -1637.585    -557.174           0.000       0.000             204               0
  138         314.460   -1542.858           0.000       0.000             138               0
  144         734.867   -1718.961           0.000       0.000             144               0
    2         606.184    -282.927           0.000       0.000               2               0
  248         323.622      46.905           0.000       0.000             248               0
   64        1518.462   -1387.804           0.000       0.000              64               0
  100        1203.082      47.410           0.000       0.000             100               0
   51         226.760    1201.553           0.000       0.000              51               0
  241        2589.445    1260.762           0.000       0.000             241               0
  172       -1326.072    -480.591           0.000       0.000             172               0
  229       -1324.209     302.162           0.000       0.000             229               0
  242         751.992     709.135           0.000       0.000             242               0
  235        -639.207   -2900.842           0.000       0.000             235               0
  184       -1294.431   -2287.417           0.000       0.000             184               0
  220        -105.856    -631.081           0.000       0.000             220               0
    4        1086.253     -19.360           0.000       0.000               4               0
  185       -1353.305   -1756.351           0.000       0.000             185               0
  173         188.745    1280.146           0.000       0.000             173               0
  179        3117.498   -1261.690           0.000       0.000             179               0
   47        1614.984      55.817           0.000       0.000              47               0
  199        -239.376    -280.949           0.000       0.000             199               0
   28        -673.027   -1148.762           0.000       0.000              28               0
   19        -547.137    -465.996           0.000       0.000              19               0
  100         938.864    -940.592           0.000       0.000             100               0
  249        -373.395     544.789           0.000       0.000             249               0
  233        1163.669    -107.346           0.000       0.000             233               0
  224        2173.895    -688.039           0.000       0.000             224               0
  202        1491.802    -235.826           0.000       0.000             202               0
  229         734.643    -140.906           0.000       0.000             229               0
   56       -2328.160    2046.886           0.000       0.000              56               0
  182        -266.997     464.309           0.000       0.000             182               0
  177        -476.588    -812.243           0.000       0.000             177               0
  195        1169.120    1211.948           0.000       0.000             195               0
   71        -158.406    1268.204           0.000       0.000              71               0
  180        -634.042      39.184           0.000       0.000             180               0
  187       -1479.217     -80.344           0.000       0.000             187               0
  136         592.640   -2199.489           0.000       0.000             136               0
   24         103.568    -596.562           0.000       0.000              24               0
  238        -914.683    1949.247           0.000       0.000             238               0
  122       -1573.635    -499.863           0.000       0.000             122               0
  197         360.823     119.148           0.000       0.000             197               0
  212        -559.698     415.632           0.000       0.000             212               0
  108        1592.843   -1321.013           0.000       0.000             108               0
  176        -639.872    2408.344           0.000       0.000             176               0
  140        1315.740    -997.040           0.000       0.000             140               0
   72        1100.168     871.429           0.000       0.000              72               0
  181       -1041.828    2043.034           0.000       0.000             181               0
   70        1993.647   -1069.210           0.000       0.000              70               0
  246       -1357.016     293.181           0.000       0.000             246               0
  104        2438.692    1021.288           0.000       0.000             104               0
  118        -855.587    -621.299           0.000       0.000             118               0
  189         392.542    -554.840           0.000       0.000             189               0
  132       -2868.966    1130.701           0.000       0.000             132               0
  137        -218.825    -853.682           0.000       0.000             137               0
   33         970.156    -681.733           0.000       0.000              33               0
  125          52.641    1088.464           0.000       0.000             125               0
  114       -1111.986     342.833           0.000       0.000             114               0
    2         424.437    -491.773           0.000       0.000               2               0
   72          72.300     711.813           0.000       0.000              72               0
   87         907.227   -1380.657           0.000       0.000              87               0
   58        2075.277    1866.559           0.000       0.000              58               0
  255          34.005    1251.018           0.000       0.000             255               0
    9         -27.436     768.613           0.000       0.000               9               0
  253         183.154   -1256.390           0.000       0.000             253               0
   70         348.116    -666.703           0.000       0.000              70               0
  189        1868.708   -1476.729           0.000       0.000             189               0
  185        -431.462     148.411           0.000       0.000             185               0
  207        1086.109    -735.915           0.000       0.000             207               0
  214       -1083.480   -1570.310           0.000       0.000             214               0
  168        -312.905      -9.134           0.000       0.000             168               0
   73         517.047   -2152.462           0.000       0.000              73               0
  155       -1800.089    1106.943           0.000       0.000             155               0
  124       -1700.139    1713.727           0.000       0.000             124               0
  181        -319.332     177.769           0.000       0.000             181               0
   76       -1353.669    2219.911           0.000       0.000              76               0
    9         434.197    1337.240           0.000       0.000               9               0
  254        -359.920     274.588           0.000       0.000             254               0
    1          -4.412     112.709           0.000       0.000               1               0
   80         193.279     483.568           0.000       0.000              80               0
  244       -1261.787     986.702           0.000       0.000             244               0
  106        1099.803   -1279.264           0.000       0.000             106               0
  198        -924.621    -959.168           0.000       0.000             198               0
  177        -159.069    -337.022           0.000       0.000             177               0
  238       -2761.978    -526.054           0.000       0.000             238               0
   79        1534.389    1953.845           0.000       0.000              79               0
  211       -1555.407     223.528           0.000       0.000             211               0
  108       -1536.058   -2433.021           0.000       0.000             108               0
  193       -1633.236    -428.692           0.000       0.000             193               0
  214         244.616   -1969.663           0.000       0.000             214               0
  180       -1185.406    -870.310           0.000       0.000             180               0
   25       -2612.205     -45.316           0.000       0.000              25               0
   17       -1257.988    1265.886           0.000       0.000              17               0
  180         157.214      20.959           0.000       0.000             180               0
   34       -1405.987     909.246           0.000       0.000              34               0
   15       -2759.223     258.331           0.000       0.000              15               0
  251        1835.023   -3653.889           0.000       0.000             251               0
  224         457.362    -449.518           0.000       0.000             224               0
  200        -355.086     256.940           0.000       0.000             200               0
  202        1355.784    -287.222           0.000       0.000             202               0
  182        -523.926    1172.326           0.000       0.000             182               0
  112         485.916   -1551.944           0.000       0.000             112               0
   20        -395.819    -982.994           0.000       0.000              20               0
   82        1778.582    -174.123           0.000       0.000              82               0
  237       -2300.488   -2642.870           0.000       0.000             237               0
  202       -2056.858    1117.278           0.000       0.000             202               0
  159         881.592    1452.021           0.000       0.000             159               0
  246          85.669     129.633           0.000       0.000             246               0
  200         -21.299    -229.810           0.000       0.000             200               0
  161         218.112    -227.305           0.000       0.000             161               0
   71        1760.158     536.848           0.000       0.000              71               0
  189        -673.939    -451.227           0.000       0.000             189               0
   11          72.775      90.941           0.000       0.000              11               0
   13       -1211.728    -188.365           0.000       0.000              13               0
  110        -311.240    -963.573           0.000       0.000             110               0
  250        1966.442    -399.917           0.000       0.000             250               0
   92        1243.792    -583.683           0.000       0.000              92               0
   66       -1392.803    1253.750           0.000       0.000              66               0
  102         131.476     995.955           0.000       0.000             102               0
   30         691.414   -1030.577           0.000       0.000              30               0
   24       -2117.500   -2052.035           0.000       0.000              24               0
   27         196.353     399.532           0.000       0.000              27               0
   55         462.277     118.756           0.000       0.000              55               0
   41        -206.746    -413.637           0.000       0.000              41               0
  207        -806.966    1198.866           0.000       0.000             207               0
   90         144.995    -768.198           0.000       0.000              90               0
   56          47.276    1359.518           0.000       0.000              56               0
  202         379.990     689.730           0.000       0.000             202               0
   58       -1346.621   -2214.015           0.000       0.000              58               0
    1        -987.845     277.231           0.000       0.000               1               0
  149          97.627      -5.603           0.000       0.000             149               0
  241        -778.574    1878.863           0.000       0.000             241               0
  113         351.953     282.255           0.000       0.000             113               0
  170        -660.491    1776.099           0.000       0.000             170               0
   68         809.234   -1008.137           0.000       0.000              68               0
   95       -1157.141    1847.335           0.000       0.000              95               0
  116         761.738   -2039.060           0.000       0.000             116               0
  228         479.090     377.041           0.000       0.000             228               0
   86         -73.716   -1057.151           0.000       0.000              86               0
   61          39.099    -234.666           0.000       0.000              61               0
  133        -285.610    -467.086           0.000       0.000             133               0
  157       -1207.405    -789.687           0.000       0.000             157               0
  250       -1225.513     431.828           0.000       0.000             250               0
  144        -822.474     849.155           0.000       0.000             144               0
  170         569.025   -1060.995           0.000       0.000             170               0
  105       -1738.999     758.559           0.000       0.000             105               0
  138        -462.754   -1170.471           0.000       0.000             138               0
    6         304.595     522.265           0.000       0.000               6               0
  171         308.692     878.562           0.000       0.000             171               0
  241         300.355   -2202.373           0.000       0.000             241               0
   37        -211.549    1837.388           0.000       0.000              37               0
  196        2096.222     106.498           0.000       0.000             196               0
   12       -1158.722    -613.782           0.000       0.000              12               0
   93        -514.681   -2571.002           0.000       0.000              93               0
  237         450.144     759.206           0.000       0.000             237               0
  220        -883.188    2610.635           0.000       0.000             220               0
  183        1015.426     679.503           0.000       0.000             183               0
   38         967.203    -723.344           0.000       0.000              38               0
  167        -353.413     454.334           0.000       0.000             167               0
  242       -1590.533    -194.685           0.000       0.000             242               0
   39        -490.850     271.098           0.000       0.000              39               0
   61        3243.346     620.393           0.000       0.000              61               0
  228        -250.375   -1008.555           0.000       0.000             228               0
  153       -1689.085   -2597.421           0.000       0.000             153               0
  231         331.515   -2169.012           0.000       0.000             231               0
   41       -1240.121    -131.729           0.000       0.000              41               0
  249        1420.963   -1069.951           0.000       0.000             249               0
   92        -341.709   -1597.789           0.000       0.000              92               0
   13         218.187     388.215           0.000       0.000              13               0
   79         994.274     188.099           0.000       0.000              79               0
  154        -398.769     598.569           0.000       0.000             154               0
  146        -212.976      48.740           0.000       0.000             146               0
  236        -525.015      53.394           0.000       0.000             236               0
  148        -692.187    -524.710           0.000       0.000             148               0
   34       -1126.248    -771.432           0.000       0.000              34               0
  150        -822.279    -582.232           0.000       0.000             150               0
  254        -925.202     760.446           0.000       0.000             254               0
  173        1210.300    1203.479           0.000       0.000             173               0
  157        -184.185    1022.257           0.000       0.000             157               0
  169        -159.090      32.773           0.000       0.000             169               0
  158        1345.711     277.536           0.000       0.000             158               0
  194         616.096    1426.295           0.000       0.000             194               0
  110        -470.099    -365.387           0.000       0.000             110               0
  171        -602.752    -663.304           0.000       0.000             171               0
   32       -2591.412     717.946           0.000       0.000              32               0
   92        2463.213   -1377.254           0.000       0.000              92               0
  135        -462.730   -1293.903           0.000       0.000             135               0
  215        -256.714     100.562           0.000       0.000             215               0
  130        -559.796    1710.082           0.000       0.000             130               0
   47         -56.754   -1467.190           0.000       0.000              47               0
  202        1659.599     995.471           0.000       0.000             202               0
  170        1627.959    -715.492           0.000       0.000             170               0
  108       -1154.191    1148.613           0.000       0.000             108               0
  174        1288.278     174.683           0.000       0.000             174               0
   68         695.029     122.070           0.000       0.000              68               0
   84         760.872   -2008.813           0.000       0.000              84               0
  216        1079.882   -1235.585           0.000       0.000             216               0
   61         127.520    2559.013           0.000       0.000              61               0
  176        -102.498    -118.297           0.000       0.000             176               0
  229        -490.292    1147.078           0.000       0.000             229               0
  140        -660.755   -1323.811           0.000       0.000             140               0
   74         218.187    -623.707           0.000       0.000              74               0
  119        -396.033    -190.200           0.000       0.000             119               0
  120        -224.213    -172.161           0.000       0.000             120               0
  223        -105.929   -1361.446           0.000       0.000             223               0
  154        1433.350   -2120.146           0.000       0.000             154               0
   15       -2754.032   -2333.165           0.000       0.000              15               0
  221       -1818.586     692.884           0.000       0.000             221               0
   71       -2977.606     771.257           0.000       0.000              71               0
  173        -223.202     528.517           0.000       0.000             173               0
  135        -814.413     490.666           0.000       0.000             135               0
  229        -186.000      -0.029           0.000       0.000             229               0
  111        -814.323    -490.878           0.000       0.000             111               0
  245        -223.250    -528.430           0.000       0.000             245               0
  144       -2977.440    -771.945           0.000       0.000             144               0
  143       -1818.106    -692.887           0.000       0.000             143               0
   82       -2754.189    2332.761           0.000       0.000              82               0
   24        1433.225    2120.692           0.000       0.000              24               0
  103        -106.177    1361.225           0.000       0.000             103               0
  212        -224.063     171.902           0.000       0.000             212               0
   71        -395.853     190.010           0.000       0.000              71               0
   50         218.169     623.739           0.000       0.000              50               0
  127        -661.017    1323.311           0.000       0.000             127               0
  179        -489.600   -1147.505           0.000       0.000             179               0
  224        -102.172     118.105           0.000       0.000             224               0
  196         128.776   -2558.794           0.000       0.000             196               0
    8        1079.776    1236.371           0.000       0.000               8               0
  185         760.362    2008.999           0.000       0.000             185               0
    1         695.192    -122.106           0.000       0.000               1               0
  184        1288.276    -174.432           0.000       0.000             184               0
  158       -1153.718   -1148.979           0.000       0.000             158               0
  142        1627.925     716.073           0.000       0.000             142               0
    3        1659.740    -994.847           0.000       0.000               3               0
   22         -57.561    1467.135           0.000       0.000              22               0
    7        -559.374   -1710.300           0.000       0.000               7               0
  226        -256.711    -100.334           0.000       0.000             226               0
  176        -463.044    1293.924           0.000       0.000             176               0
   23        2462.501    1377.910           0.000       0.000              23               0
  192       -2591.466    -718.970           0.000       0.000             192               0
  247        -602.809     663.029           0.000       0.000             247               0
  196        -469.988     364.953           0.000       0.000             196               0
   72         616.798   -1426.241           0.000       0.000              72               0
  221        1345.758    -277.049           0.000       0.000             221               0
   51        -159.244     -32.890           0.000       0.000              51               0
   62        -183.869   -1022.365           0.000       0.000              62               0
  110        1210.502   -1202.914           0.000       0.000             110               0
  195        -925.254    -760.394           0.000       0.000             195               0
  144        -822.605     582.305           0.000       0.000             144               0
  134       -1126.503     771.217           0.000       0.000             134               0
   43        -692.245     524.502           0.000       0.000              43               0
  100        -524.834     -53.564           0.000       0.000             100               0
  205        -212.785     -48.778           0.000       0.000             205               0
   93        -398.327    -598.577           0.000       0.000              93               0
  228         994.489    -187.523           0.000       0.000             228               0
  129         218.296    -387.742           0.000       0.000             129               0
   62        -342.165    1598.018           0.000       0.000              62               0
  168        1420.517    1070.527           0.000       0.000             168               0
  137       -1240.289     131.525           0.000       0.000             137               0
  247         330.760    2169.316           0.000       0.000             247               0
  170       -1689.850    2596.615           0.000       0.000             170               0
   66        -250.245    1007.939           0.000       0.000              66               0
  150        3243.561    -619.711           0.000       0.000             150               0
   57        -491.170    -271.446           0.000       0.000              57               0
   70       -1590.632     193.974           0.000       0.000              70               0
  172        -353.007    -454.584           0.000       0.000             172               0
   64         967.115     723.455           0.000       0.000              64               0
   41        1015.511    -679.518           0.000       0.000              41               0
   92        -882.423   -2610.887           0.000       0.000              92               0
   88         450.365    -758.528           0.000       0.000              88               0
  233        -515.622    2571.048           0.000       0.000             233               0
   84       -1158.705     613.166           0.000       0.000              84               0
   28        2096.347    -106.042           0.000       0.000              28               0
   49        -211.103   -1837.334           0.000       0.000              49               0
   49         299.532    2202.530           0.000       0.000              49               0
   80         308.836    -878.639           0.000       0.000              80               0
  111         304.514    -522.047           0.000       0.000             111               0
  160        -463.460    1170.317           0.000       0.000             160               0
   20       -1738.801    -759.169           0.000       0.000              20               0
  255         568.647    1061.138           0.000       0.000             255               0
   38        -822.369    -849.524           0.000       0.000              38               0
   63       -1225.401    -432.088           0.000       0.000              63               0
  100       -1207.504     789.404           0.000       0.000             100               0
  244        -285.523     466.979           0.000       0.000             244               0
  157          39.197     234.680           0.000       0.000             157               0
   73         -73.916    1057.021           0.000       0.000              73               0
  117         479.323    -376.963           0.000       0.000             117               0
  220         760.951    2039.021           0.000       0.000             220               0
  242       -1156.547   -1848.020           0.000       0.000             242               0
  255         808.907    1008.202           0.000       0.000             255               0
  212        -659.957   -1776.544           0.000       0.000             212               0
  156         351.990    -282.194           0.000       0.000             156               0
   66        -778.011   -1879.020           0.000       0.000              66               0
  106          97.564       5.915           0.000       0.000             106               0
  214        -987.828    -277.270           0.000       0.000             214               0
  136       -1347.182    2213.553           0.000       0.000             136               0
   22         380.441    -689.876           0.000       0.000              22               0
   23          47.802   -1359.428           0.000       0.000              23               0
  177         144.726     768.325           0.000       0.000             177               0
  115        -806.527   -1199.055           0.000       0.000             115               0
  111        -206.727     413.758           0.000       0.000             111               0
  155         462.379    -118.485           0.000       0.000             155               0
  200         196.348    -399.177           0.000       0.000             200               0
  139       -2118.073    2051.464           0.000       0.000             139               0
  204         691.343    1030.529           0.000       0.000             204               0
  249         131.843    -996.142           0.000       0.000             249               0
  219       -1392.126   -1254.073           0.000       0.000             219               0
   60        1243.957     584.336           0.000       0.000              60               0
  154        1966.211     400.696           0.000       0.000             154               0
  239        -311.861     963.466           0.000       0.000             239               0
   60       -1211.812     187.858           0.000       0.000              60               0
  192          72.917     -90.951           0.000       0.000             192               0
   47        -673.877     450.937           0.000       0.000              47               0
  161        1760.428    -536.291           0.000       0.000             161               0
  180         217.865     227.416           0.000       0.000             180               0
  204         -21.497     229.755           0.000       0.000             204               0
  234          85.615    -129.717           0.000       0.000             234               0
   42         881.752   -1451.652           0.000       0.000              42               0
  169       -2056.770   -1117.458           0.000       0.000             169               0
  220       -2301.054    2642.411           0.000       0.000             220               0
   42        1778.789     174.724           0.000       0.000              42               0
  125        -396.159     982.926           0.000       0.000             125               0
  121         485.402    1551.896           0.000       0.000             121               0
  109        -523.484   -1172.652           0.000       0.000             109               0
  231        1355.642     287.752           0.000       0.000             231               0
   80        -355.166    -256.923           0.000       0.000              80               0
  245         457.117     449.987           0.000       0.000             245               0
  254        1833.265    3654.348           0.000       0.000             254               0
  103       -2759.657    -259.794           0.000       0.000             103               0
  167       -1405.706    -909.934           0.000       0.000             167               0
  113         157.084     -21.011           0.000       0.000             113               0
  214       -1257.868   -1266.247           0.000       0.000             214               0
   66       -2612.230      44.728           0.000       0.000              66               0
   57       -1185.428     870.168           0.000       0.000              57               0
   98         244.022    1969.739           0.000       0.000              98               0
   15       -1633.408     428.039           0.000       0.000              15               0
   51       -1536.691    2432.175           0.000       0.000              51               0
   61       -1554.912    -224.641           0.000       0.000              61               0
   76        1535.176   -1953.492           0.000       0.000              76               0
  205       -2762.053     525.204           0.000       0.000             205               0
   45        -158.793     336.933           0.000       0.000              45               0
  137        -924.561     958.735           0.000       0.000             137               0
  142        1099.598    1279.219           0.000       0.000             142               0
   92       -1261.304    -987.551           0.000       0.000              92               0
   42         193.709    -483.717           0.000       0.000              42               0
   66          -4.233    -112.937           0.000       0.000              66               0
   41        -359.685    -275.032           0.000       0.000              41               0
   21         434.664   -1337.386           0.000       0.000              21               0
  109       -1352.899   -2220.323           0.000       0.000             109               0
  210        -319.177    -177.738           0.000       0.000             210               0
  242       -1699.417   -1714.107           0.000       0.000             242               0
  152       -1799.218   -1106.981           0.000       0.000             152               0
   79         516.833    2153.007           0.000       0.000              79               0
  108        -312.592       9.168           0.000       0.000             108               0
    5       -1083.497    1570.037           0.000       0.000               5               0
   55        1086.350     736.157           0.000       0.000              55               0
  188        -430.962    -148.564           0.000       0.000             188               0
  250        1868.565    1477.309           0.000       0.000             250               0
   53         348.005     666.598           0.000       0.000              53               0
   36         182.898    1256.039           0.000       0.000              36               0
  162         -26.944    -769.109           0.000       0.000             162               0
  167          34.809   -1251.264           0.000       0.000             167               0
  250        2076.118   -1865.731           0.000       0.000             250               0
  229         906.671    1381.051           0.000       0.000             229               0
  224          72.457    -711.869           0.000       0.000             224               0
   93         424.167     491.863           0.000       0.000              93               0
  244       -1111.856    -343.350           0.000       0.000             244               0
   20          53.204   -1088.381           0.000       0.000              20               0
  155         969.925     682.178           0.000       0.000             155               0
   65        -219.338     853.449           0.000       0.000              65               0
  226       -2868.406   -1131.749           0.000       0.000             226               0
  200         392.805     554.999           0.000       0.000             200               0
  202        -855.320     620.805           0.000       0.000             202               0
  112        2439.278   -1020.640           0.000       0.000             112               0
   37       -1356.747    -293.614           0.000       0.000              37               0
  244        1993.472    1069.649           0.000       0.000             244               0
  179       -1041.026   -2043.580           0.000       0.000             179               0
   78        1100.733    -870.881           0.000       0.000              78               0
    9        1315.380     997.442           0.000       0.000               9               0
   33        -639.042   -2408.460           0.000       0.000              33               0
   33        1592.369    1321.759           0.000       0.000              33               0
  251        -559.718    -415.836           0.000       0.000             251               0
  185         360.716    -118.955           0.000       0.000             185               0
  113       -1573.864     499.268           0.000       0.000             113               0
  103        -913.797   -1949.418           0.000       0.000             103               0
  190         103.622     597.002           0.000       0.000             190               0
  168         591.930    2199.681           0.000       0.000             168               0
   36       -1479.168      79.563           0.000       0.000              36               0
  185        -633.697     -39.663           0.000       0.000             185               0
  221        -157.586   -1268.406           0.000       0.000             221               0
   72        1169.723   -1211.404           0.000       0.000              72               0
   91        -476.797     812.168           0.000       0.000              91               0
  132        -266.732    -464.528           0.000       0.000             132               0
   67       -2327.009   -2047.489           0.000       0.000              67               0
   64         735.344     141.538           0.000       0.000              64               0
  101        1492.243     236.600           0.000       0.000             101               0
  160        2173.853     688.924           0.000       0.000             160               0
   53        1163.533     107.805           0.000       0.000              53               0
  122        -373.217    -544.693           0.000       0.000             122               0
   59         938.569     941.153           0.000       0.000              59               0
  118        -547.302     465.961           0.000       0.000             118               0
   93        -673.181    1148.584           0.000       0.000              93               0
    4        -239.005     280.827           0.000       0.000               4               0
   64        1615.453     -55.197           0.000       0.000              64               0
  205        3116.995    1262.706           0.000       0.000             205               0
   42         188.762   -1279.974           0.000       0.000              42               0
   53       -1353.941    1756.077           0.000       0.000              53               0
  129        1086.276      19.768           0.000       0.000             129               0
  120        -106.248     631.271           0.000       0.000             120               0
   62       -1295.193    2287.066           0.000       0.000              62               0
  162        -639.924    2900.161           0.000       0.000             162               0
  154         752.355    -709.460           0.000       0.000             154               0
   58       -1323.979    -302.867           0.000       0.000              58               0
   91       -1325.634     479.831           0.000       0.000              91               0
   11        2590.317   -1260.161           0.000       0.000              11               0
  162         227.317   -1201.409           0.000       0.000             162               0
   26        1203.296     -46.766           0.000       0.000              26               0
  179        1517.973    1388.359           0.000       0.000             179               0
  199         323.532     -46.864           0.000       0.000             199               0
  211         606.016     283.210           0.000       0.000             211               0
  145         734.105    1719.163           0.000       0.000             145               0
   15         313.578    1542.586           0.000       0.000              15               0
   47       -1638.073     556.033           0.000       0.000              47               0
   22       -3291.681   -1357.038           0.000       0.000              22               0
   82        1526.709    -622.790           0.000       0.000              82               0
  112         845.962    -609.244           0.000       0.000             112               0
  124       -1005.739     598.734           0.000       0.000             124               0
  243        -932.359   -2777.471           0.000       0.000             243               0
  166         718.074    -426.823           0.000       0.000             166               0
  246       -1083.208    -335.686           0.000       0.000             246               0
   47         237.597     311.885           0.000       0.000              47               0
   29        1012.841     958.710           0.000       0.000              29               0
   83        2210.813     961.600           0.000       0.000              83               0
   52        -162.803   -1471.005           0.000       0.000              52               0
   93         249.847   -1483.070           0.000       0.000              93               0
   33       -1440.477     854.400           0.000       0.000              33               0
   94         308.967   -2035.595           0.000       0.000              94               0
  146       -1586.428     546.705           0.000       0.000             146               0
  162       -1945.790     -92.215           0.000       0.000             162               0
  215       -1032.127    1564.141           0.000       0.000             215               0
  209         767.203    2246.193           0.000       0.000             209               0
   69         343.159   -1071.088           0.000       0.000              69               0
  113         -77.093   -2191.420           0.000       0.000             113               0
   12         624.481     269.152           0.000       0.000              12               0
  161       -1103.151    1733.375           0.000       0.000             161               0
  125         -43.367   -1330.890           0.000       0.000             125               0
  175        -822.133    -616.806           0.000       0.000             175               0
  187       -1431.875     529.524           0.000       0.000             187               0
   48         454.848    -923.768           0.000       0.000              48               0
  118        -560.500     880.694           0.000       0.000             118               0
  143        -552.385    1082.101           0.000       0.000             143               0
  194         264.235     415.221           0.000       0.000             194               0
  134       -1709.465    -201.367           0.000       0.000             134               0
  191       -1679.686    -130.937           0.000       0.000             191               0
  216        2270.719    1416.160           0.000       0.000             216               0
  217        -547.045     154.180           0.000       0.000             217               0
   47         269.324    -801.457           0.000       0.000              47               0
   84        1193.553    -456.332           0.000       0.000              84               0
  204        1312.193   -1591.033           0.000       0.000             204               0
  214           6.310    1757.021           0.000       0.000             214               0
   75        -488.489     199.579           0.000       0.000              75               0
  252        1133.951   -3794.269           0.000       0.000             252               0
  243         724.630   -1528.192           0.000       0.000             243               0
  159         170.750     691.157           0.000       0.000             159               0
   48         707.848   -1327.731           0.000       0.000              48               0
   81          49.815    2079.909           0.000       0.000              81               0
  192         326.582    2151.688           0.000       0.000             192               0
  143         322.087    1776.511           0.000       0.000             143               0
