SINAL     NFT                         FFT                         NFT INVERSA     FFT INVERSA
-----     -----------------------     -----------------------     -----------     -----------
   77       66261.000       0.000           0.000       0.000              77               0
  117         825.591   -1253.393           0.000       0.000             117               0
  195         733.330    1572.583           0.000       0.000             195               0
  189        -963.841    -790.024           0.000       0.000             189               0
  249        1286.450    -806.080           0.000       0.000             249               0
  158        -789.215    -378.395           0.000       0.000             158               0
   92        -935.317   -1527.808           0.000       0.000              92               0
   95        1739.103   -2170.050           0.000       0.000              95               0
  246        -568.882     235.274           0.000       0.000             246               0
  249        -667.339   -2867.224           0.000       0.000             249               0
   99       -1712.483   -1367.710           0.000       0.000              99               0
   16         -16.835    1606.332           0.000       0.000              16               0
  204         990.100    -620.884           0.000       0.000             204               0
  225       -1048.611    -457.276           0.000       0.000             225               0
   11        -288.014    -592.153           0.000       0.000              11               0
  227       -2594.242     411.099           0.000       0.000             227               0
  134         441.143     -33.937           0.000       0.000             134               0
  117         180.633    -194.361           0.000       0.000             117               0
  198        1465.682   -1684.351           0.000       0.000             198               0
  241         468.361   -1218.336           0.000       0.000             241               0
   40        1816.330    -519.826           0.000       0.000              40               0
  182        1240.251    1557.894           0.000       0.000             182               0
  201        1152.150     134.404           0.000       0.000             201               0
  236       -1916.745    -179.350           0.000       0.000             236               0
  198          -4.058    -389.924           0.000       0.000             198               0
  214        1211.066   -2515.978           0.000       0.000             214               0
  173        1124.214    -444.846           0.000       0.000             173               0
   20       -3051.732   -2078.956           0.000       0.000              20               0
  193         360.143     -79.001           0.000       0.000             193               0
  243        2009.590    -222.495           0.000       0.000             243               0
  255          18.058     294.106           0.000       0.000             255               0
   14        -290.375     638.255           0.000       0.000              14               0
  105        1329.231     170.599           0.000       0.000             105               0
  195        2050.154    1764.392           0.000       0.000             195               0
  204       -1888.395    -701.060           0.000       0.000             204               0
   99         230.147   -2297.806           0.000       0.000              99               0
   97         281.028    1176.044           0.000       0.000              97               0
   40          63.739    -669.373           0.000       0.000              40               0
  195       -3019.493     164.652           0.000       0.000             195               0
   88         868.451     146.188           0.000       0.000              88               0
   33          29.113    2780.110           0.000       0.000              33               0
   38       -1245.444   -1211.534           0.000       0.000              38               0
  104        1229.327   -2035.374           0.000       0.000             104               0
  237         148.564    -297.905           0.000       0.000             237               0
    8         303.465    1813.393           0.000       0.000               8               0
  115        2990.349    1733.864           0.000       0.000             115               0
  209       -2056.033     728.817           0.000       0.000             209               0
  142         393.007    -503.325           0.000       0.000             142               0
  233        -983.215      76.627           0.000       0.000             233               0
  152       -2427.100    -473.174           0.000       0.000             152               0
  128         983.032      -6.943           0.000       0.000             128               0
   17       -1419.669     -62.318           0.000       0.000              17               0
   78        -124.151    1373.740           0.000       0.000              78               0
   74        -588.518     -71.288           0.000       0.000              74               0
  254       -1090.150    -128.860           0.000       0.000             254               0
   21        1212.026      -7.674           0.000       0.000              21               0
   33        -888.977     211.866           0.000       0.000              33               0
  171        -883.701    -816.134           0.000       0.000             171               0
   41       -1764.719    -686.212           0.000       0.000              41               0
  226       -1612.486    1300.533           0.000       0.000             226               0
  159        1027.024   -1359.213           0.000       0.000             159               0
   41         891.943     133.569           0.000       0.000              41               0
  241        -782.676    -167.352           0.000       0.000             241               0
    9        -618.580     465.611           0.000       0.000               9               0
  236       -1352.503      70.811           0.000       0.000             236               0
  189        -517.781     -85.849           0.000       0.000             189               0
  108         114.290     529.810           0.000       0.000             108               0
   78        -503.331   -2592.093           0.000       0.000              78               0
  230          77.245    -278.658           0.000       0.000             230               0
   47         130.313   -1419.655           0.000       0.000              47               0
  166        -996.737     326.735           0.000       0.000             166               0
    8        -928.301   -1354.084           0.000       0.000               8               0
   86         625.464   -2117.754           0.000       0.000              86               0
   15       -1004.704     629.262           0.000       0.000              15               0
  246         588.111   -1654.240           0.000       0.000             246               0
   94         949.668    -596.083           0.000       0.000              94               0
  131         351.698    -264.631           0.000       0.000             131               0
  199        -580.129    -832.864           0.000       0.000             199               0
  237         196.984     278.840           0.000       0.000             237               0
  108       -1296.782    -167.567           0.000       0.000             108               0
   96        -154.484     420.277           0.000       0.000              96               0
  109         -22.129    -248.361           0.000       0.000             109               0
  126       -1704.234     626.884           0.000       0.000             126               0
  175       -2063.401     286.701           0.000       0.000             175               0
  184         281.609    1369.669           0.000       0.000             184               0
  124        -270.523   -1871.723           0.000       0.000             124               0
  196         252.373   -1222.326           0.000       0.000             196               0
  217         955.984     825.390           0.000       0.000             217               0
   39         744.105   -1526.286           0.000       0.000              39               0
  238        -438.607   -1965.313           0.000       0.000             238               0
  188          92.544    -909.863           0.000       0.000             188               0
  199         334.156    -582.798           0.000       0.000             199               0
   24         152.772    1749.803           0.000       0.000              24               0
  174        1089.712   -1633.493           0.000       0.000             174               0
  208        -571.671    -676.070           0.000       0.000             208               0
    4         738.477    1779.352           0.000       0.000               4               0
  108          48.101    1787.464           0.000       0.000             108               0
   60        -419.711     150.143           0.000       0.000              60               0
   82        -231.355   -1283.474           0.000       0.000              82               0
   82       -2389.761    1166.389           0.000       0.000              82               0
  108       -4104.733    1949.002           0.000       0.000             108               0
  249       -1356.515     425.121           0.000       0.000             249               0
   90        -268.788    -660.667           0.000       0.000              90               0
  194       -1131.991    1260.725           0.000       0.000             194               0
    8         571.912     954.332           0.000       0.000               8               0
   80        2546.755    2032.956           0.000       0.000              80               0
   33        1265.392   -1328.311           0.000       0.000              33               0
  139        -409.706    1669.368           0.000       0.000             139               0
   24         329.121   -1186.349           0.000       0.000              24               0
   14        -760.328    1539.304           0.000       0.000              14               0
  247         674.331    -619.695           0.000       0.000             247               0
  120        -401.985   -2077.246           0.000       0.000             120               0
  124        1319.022     732.178           0.000       0.000             124               0
  117         -74.746    -554.301           0.000       0.000             117               0
   40        -452.125    1004.500           0.000       0.000              40               0
   52        -214.463     886.189           0.000       0.000              52               0
  241        -253.863    -487.426           0.000       0.000             241               0
  236        -198.273    1306.710           0.000       0.000             236               0
   14         362.817    1083.279           0.000       0.000              14               0
   25        2392.744    2003.944           0.000       0.000              25               0
  219         753.047   -1005.911           0.000       0.000             219               0
  202          -5.035    2088.131           0.000       0.000             202               0
  225        -161.405    -536.550           0.000       0.000             225               0
  243        -681.856   -1326.178           0.000       0.000             243               0
  120        1231.249   -1760.164           0.000       0.000             120               0
  177        2238.641     298.884           0.000       0.000             177               0
  248        1678.637   -3498.402           0.000       0.000             248               0
  228        -274.668     600.716           0.000       0.000             228               0
  238          70.980    -573.931           0.000       0.000             238               0
   75         431.913     886.784           0.000       0.000              75               0
   55       -2539.048    1595.513           0.000       0.000              55               0
   90          59.042     275.090           0.000       0.000              90               0
   68        3177.043    -646.688           0.000       0.000              68               0
  146       -1393.081    1344.278           0.000       0.000             146               0
   29       -1170.756     519.342           0.000       0.000              29               0
   76        -381.210     -42.509           0.000       0.000              76               0
  226         178.749   -1827.837           0.000       0.000             226               0
   62         780.014     350.012           0.000       0.000              62               0
  216         247.547   -2406.838           0.000       0.000             216               0
  251       -1436.534    -107.793           0.000       0.000             251               0
   76         -76.711      90.471           0.000       0.000              76               0
  207         274.850    -750.221           0.000       0.000             207               0
  116         391.189   -1343.105           0.000       0.000             116               0
  201         694.934    -153.948           0.000       0.000             201               0
   68        1152.379    1407.484           0.000       0.000              68               0
  156       -1452.311   -2355.784           0.000       0.000             156               0
  253       -1937.779   -1914.530           0.000       0.000             253               0
   54         601.116    -344.212           0.000       0.000              54               0
  137        -268.786     121.175           0.000       0.000             137               0
   11       -2019.409    -712.574           0.000       0.000              11               0
   80       -1969.608    -321.237           0.000       0.000              80               0
  100         163.102   -1165.486           0.000       0.000             100               0
  214        -775.264     210.123           0.000       0.000             214               0
   49        2155.389    2524.303           0.000       0.000              49               0
   87         212.935    1281.873           0.000       0.000              87               0
   79       -1036.761    -622.231           0.000       0.000              79               0
  227       -1435.645    1411.390           0.000       0.000             227               0
   80         569.851    1206.219           0.000       0.000              80               0
   51         521.372    3199.790           0.000       0.000              51               0
  209        1764.310   -1380.556           0.000       0.000             209               0
  155        -456.626     371.862           0.000       0.000             155               0
  107       -2993.458    -802.980           0.000       0.000             107               0
   44        1747.882     456.307           0.000       0.000              44               0
  223         855.587    -929.292           0.000       0.000             223               0
  253        -206.170    1299.546           0.000       0.000             253               0
   74        1598.044     108.344           0.000       0.000              74               0
   44        1255.983     462.743           0.000       0.000              44               0
  224         772.913     297.087           0.000       0.000             224               0
  136        -562.293     221.728           0.000       0.000             136               0
    4        -958.593   -1257.162           0.000       0.000               4               0
  219         554.763     791.139           0.000       0.000             219               0
  213         669.260    -962.453           0.000       0.000             213               0
  212        1912.753    1364.435           0.000       0.000             212               0
   79        -260.088   -1315.055           0.000       0.000              79               0
  158       -1011.209    -950.983           0.000       0.000             158               0
   25        1025.657    -478.224           0.000       0.000              25               0
  235       -1366.657   -1079.063           0.000       0.000             235               0
  156         796.625    1900.058           0.000       0.000             156               0
   80       -2014.074    -883.079           0.000       0.000              80               0
  117        -884.368      64.004           0.000       0.000             117               0
  168         742.992    1013.366           0.000       0.000             168               0
  160         973.903   -1988.076           0.000       0.000             160               0
  217          30.325     743.081           0.000       0.000             217               0
  126        -525.719     136.836           0.000       0.000             126               0
  210       -2642.170    -941.912           0.000       0.000             210               0
   49        -568.271    -929.321           0.000       0.000              49               0
  205        -297.919     280.131           0.000       0.000             205               0
  181       -1271.170    1351.063           0.000       0.000             181               0
  129         761.801    1085.540           0.000       0.000             129               0
    1         183.948     433.825           0.000       0.000               1               0
  135        1412.272     921.271           0.000       0.000             135               0
   29        -923.503    -841.579           0.000       0.000              29               0
  108         576.662   -1007.085           0.000       0.000             108               0
  179         335.083   -2353.437           0.000       0.000             179               0
  253        -887.109    -412.679           0.000       0.000             253               0
  105        -105.965    1386.928           0.000       0.000             105               0
  253        1287.626     970.892           0.000       0.000             253               0
   41        1493.514    1194.312           0.000       0.000              41               0
   73         561.570     -31.794           0.000       0.000              73               0
  134         638.336    3634.611           0.000       0.000             134               0
   46         597.471    -333.921           0.000       0.000              46               0
   37        1198.923    -780.649           0.000       0.000              37               0
   92       -1874.997     760.551           0.000       0.000              92               0
    2        1838.265     351.757           0.000       0.000               2               0
  116        -242.419    1319.352           0.000       0.000             116               0
  250       -1077.068    -274.808           0.000       0.000             250               0
   28        -718.611     919.555           0.000       0.000              28               0
   96         934.079      85.306           0.000       0.000              96               0
  151        -577.888     127.917           0.000       0.000             151               0
  108        -197.962   -1849.583           0.000       0.000             108               0
  213       -1309.123    1057.783           0.000       0.000             213               0
   63       -2321.780     706.736           0.000       0.000              63               0
   12       -1046.619    1560.538           0.000       0.000              12               0
  175       -2333.219     235.623           0.000       0.000             175               0
  189        1137.169     100.037           0.000       0.000             189               0
  223         229.086   -2031.309           0.000       0.000             223               0
  224       -1178.617   -1430.097           0.000       0.000             224               0
  139         766.118    -392.995           0.000       0.000             139               0
  148        -177.459     155.242           0.000       0.000             148               0
   98         773.351   -1537.287           0.000       0.000              98               0
  140       -1100.797   -1791.688           0.000       0.000             140               0
   27        -989.077   -1233.376           0.000       0.000              27               0
  127         366.337    -440.156           0.000       0.000             127               0
  249        1867.907    1284.137           0.000       0.000             249               0
  207         810.950     135.243           0.000       0.000             207               0
  124        1801.455     941.310           0.000       0.000             124               0
   98        -405.236    -339.052           0.000       0.000              98               0
  205        -444.640    -913.927           0.000       0.000             205               0
  166         606.724    1476.416           0.000       0.000             166               0
  172          50.051     447.646           0.000       0.000             172               0
   83        -266.211   -1666.536           0.000       0.000              83               0
  212       -1754.680    1358.488           0.000       0.000             212               0
  209        -570.367    1983.823           0.000       0.000             209               0
  175        -256.435     347.857           0.000       0.000             175               0
  215        -505.929     460.292           0.000       0.000             215               0
   70        2236.789    1449.833           0.000       0.000              70               0
  170        -868.462     276.016           0.000       0.000             170               0
  243         486.689     528.792           0.000       0.000             243               0
  167       -1805.214    1526.485           0.000       0.000             167               0
   65         526.607    -690.116           0.000       0.000              65               0
   96        1025.459    -767.749           0.000       0.000              96               0
  124         861.623     482.875           0.000       0.000             124               0
  128        1091.652    -246.793           0.000       0.000             128               0
  109        1944.388   -1827.509           0.000       0.000             109               0
   44        -419.805     526.891           0.000       0.000              44               0
   62        -709.204     -13.852           0.000       0.000              62               0
   76       -1166.847     827.225           0.000       0.000              76               0
   12        -737.699     501.892           0.000       0.000              12               0
  202        1467.371    -976.175           0.000       0.000             202               0
  224        -162.106    -836.806           0.000       0.000             224               0
  110        -592.287   -1503.567           0.000       0.000             110               0
   86         364.668   -2674.061           0.000       0.000              86               0
  252        -878.897    2449.958           0.000       0.000             252               0
  238        -295.899    1499.620           0.000       0.000             238               0
   80        -553.222     -91.907           0.000       0.000              80               0
  204        -759.294    -246.077           0.000       0.000             204               0
  106        4693.000       0.765           0.000       0.000             106               0
  179        -759.893     245.732           0.000       0.000             179               0
  153        -553.432      91.507           0.000       0.000             153               0
   16        -295.499   -1499.835           0.000       0.000              16               0
   95        -878.052   -2449.759           0.000       0.000              95               0
  236         363.814    2674.674           0.000       0.000             236               0
  229        -592.765    1503.313           0.000       0.000             229               0
   49        -162.219     836.570           0.000       0.000              49               0
  156        1466.984     976.351           0.000       0.000             156               0
  189        -737.750    -502.469           0.000       0.000             189               0
  120       -1166.534    -827.717           0.000       0.000             120               0
   70        -708.962      13.608           0.000       0.000              70               0
  177        -419.193    -526.923           0.000       0.000             177               0
   31        1944.070    1828.127           0.000       0.000              31               0
  135        1091.555     246.852           0.000       0.000             135               0
   18         861.696    -482.751           0.000       0.000              18               0
  156        1024.992     767.932           0.000       0.000             156               0
    8         525.987     689.862           0.000       0.000               8               0
  127       -1804.848   -1527.442           0.000       0.000             127               0
  200         486.906    -528.765           0.000       0.000             200               0
   71        -868.256    -276.517           0.000       0.000              71               0
  203        2237.209   -1449.205           0.000       0.000             203               0
  212        -506.105    -460.468           0.000       0.000             212               0
   17        -256.520    -348.071           0.000       0.000              17               0
  172        -569.901   -1984.001           0.000       0.000             172               0
   67       -1754.186   -1358.676           0.000       0.000              67               0
  104        -266.526    1666.647           0.000       0.000             104               0
  168          50.400    -447.741           0.000       0.000             168               0
   49         607.291   -1476.031           0.000       0.000              49               0
  184        -444.885     914.002           0.000       0.000             184               0
  117        -405.056     338.867           0.000       0.000             117               0
  155        1801.964    -940.685           0.000       0.000             155               0
  107         810.972    -134.853           0.000       0.000             107               0
   14        1868.104   -1283.219           0.000       0.000              14               0
  172         365.718     440.751           0.000       0.000             172               0
  203        -989.821    1233.387           0.000       0.000             203               0
  251       -1101.406    1791.424           0.000       0.000             251               0
  146         772.827    1537.367           0.000       0.000             146               0
  253        -177.526    -155.462           0.000       0.000             253               0
  151         765.757     393.285           0.000       0.000             151               0
   80       -1179.288    1429.669           0.000       0.000              80               0
  117         228.349    2030.995           0.000       0.000             117               0
  221        1136.781    -100.208           0.000       0.000             221               0
    2       -2333.544    -236.874           0.000       0.000               2               0
  148       -1046.231   -1561.164           0.000       0.000             148               0
  101       -2321.498    -707.564           0.000       0.000             101               0
   20       -1308.440   -1058.067           0.000       0.000              20               0
   48        -198.270    1849.507           0.000       0.000              48               0
  109        -577.546    -128.409           0.000       0.000             109               0
  147         934.256     -85.261           0.000       0.000             147               0
  248        -718.289    -919.964           0.000       0.000             248               0
  180       -1076.919     274.260           0.000       0.000             180               0
   94        -241.553   -1319.594           0.000       0.000              94               0
  205        1838.499    -351.172           0.000       0.000             205               0
  197       -1874.576    -761.152           0.000       0.000             197               0
   11        1199.034     780.976           0.000       0.000              11               0
   16         597.521     333.661           0.000       0.000              16               0
   45         639.683   -3634.515           0.000       0.000              45               0
  180         561.698      32.184           0.000       0.000             180               0
   65        1493.940   -1193.733           0.000       0.000              65               0
  230        1287.708    -970.256           0.000       0.000             230               0
   41        -105.811   -1386.532           0.000       0.000              41               0
  221        -887.323     412.966           0.000       0.000             221               0
   81         334.337    2353.777           0.000       0.000              81               0
   55         576.214    1007.138           0.000       0.000              55               0
  138        -923.772     840.967           0.000       0.000             138               0
   28        1412.580    -921.063           0.000       0.000              28               0
   50         183.892    -433.888           0.000       0.000              50               0
   29         761.837   -1085.333           0.000       0.000              29               0
   25       -1271.009   -1351.292           0.000       0.000              25               0
  201        -297.973    -279.860           0.000       0.000             201               0
  110        -568.829     929.386           0.000       0.000             110               0
  143       -2642.437     941.027           0.000       0.000             143               0
  167        -525.309    -137.085           0.000       0.000             167               0
  113          30.885    -742.908           0.000       0.000             113               0
   35         973.370    1988.388           0.000       0.000              35               0
   12         743.169   -1013.265           0.000       0.000              12               0
  133        -884.561     -64.208           0.000       0.000             133               0
   83       -2014.202     882.313           0.000       0.000              83               0
  121         797.468   -1899.706           0.000       0.000             121               0
   25       -1366.819    1078.871           0.000       0.000              25               0
   76        1025.699     478.645           0.000       0.000              76               0
   46       -1011.378     950.651           0.000       0.000              46               0
  120        -260.101    1314.705           0.000       0.000             120               0
   25        1913.451   -1363.950           0.000       0.000              25               0
  243         668.890     962.629           0.000       0.000             243               0
  131         554.893    -791.004           0.000       0.000             131               0
   42        -959.041    1256.760           0.000       0.000              42               0
   33        -561.954    -222.165           0.000       0.000              33               0
   55         773.321    -296.997           0.000       0.000              55               0
  107        1256.283    -462.426           0.000       0.000             107               0
    7        1597.956    -107.920           0.000       0.000               7               0
   96        -205.880   -1299.562           0.000       0.000              96               0
   73         855.217     929.635           0.000       0.000              73               0
   89        1747.576    -455.767           0.000       0.000              89               0
  152       -2993.983     801.884           0.000       0.000             152               0
  212        -456.174    -372.178           0.000       0.000             212               0
  118        1763.944    1380.705           0.000       0.000             118               0
  203         522.240   -3199.966           0.000       0.000             203               0
  242         569.922   -1205.919           0.000       0.000             242               0
  144       -1435.409   -1411.630           0.000       0.000             144               0
  149       -1036.861     621.999           0.000       0.000             149               0
   96         213.589   -1281.852           0.000       0.000              96               0
   31        2156.069   -2523.217           0.000       0.000              31               0
   60        -775.565    -209.725           0.000       0.000              60               0
  210         162.367    1165.972           0.000       0.000             210               0
   66       -1969.992     320.833           0.000       0.000              66               0
   72       -2019.509     712.095           0.000       0.000              72               0
   87        -268.468    -121.044           0.000       0.000              87               0
  150         600.991     344.788           0.000       0.000             150               0
  194       -1938.401    1914.133           0.000       0.000             194               0
  112       -1452.641    2355.061           0.000       0.000             112               0
  226        1153.273   -1407.284           0.000       0.000             226               0
  240         695.009     154.382           0.000       0.000             240               0
  233         390.769    1343.316           0.000       0.000             233               0
  252         274.564     750.203           0.000       0.000             252               0
  228         -76.778     -90.546           0.000       0.000             228               0
  108       -1436.458     107.465           0.000       0.000             108               0
   38         247.021    2406.837           0.000       0.000              38               0
    6         780.221    -349.947           0.000       0.000               6               0
  164         178.076    1827.665           0.000       0.000             164               0
  146        -381.293      41.932           0.000       0.000             146               0
   14       -1170.490    -520.082           0.000       0.000              14               0
    5       -1392.123   -1344.827           0.000       0.000               5               0
  220        3177.051     647.702           0.000       0.000             220               0
  103          58.802    -275.308           0.000       0.000             103               0
  157       -2538.406   -1596.404           0.000       0.000             157               0
  177         432.613    -886.371           0.000       0.000             177               0
  221          71.061     574.206           0.000       0.000             221               0
  104        -274.045    -600.432           0.000       0.000             104               0
  163        1677.872    3499.050           0.000       0.000             163               0
  109        2238.771    -298.322           0.000       0.000             109               0
  254        1230.374    1760.459           0.000       0.000             254               0
    4        -682.490    1325.523           0.000       0.000               4               0
  141        -161.534     535.862           0.000       0.000             141               0
   58          -4.174   -2088.488           0.000       0.000              58               0
  214         752.928    1005.860           0.000       0.000             214               0
  207        2393.317   -2003.499           0.000       0.000             207               0
  131         362.818   -1083.217           0.000       0.000             131               0
   46        -198.087   -1306.670           0.000       0.000              46               0
  102        -254.171     487.391           0.000       0.000             102               0
   69        -214.252    -886.311           0.000       0.000              69               0
  159        -451.782   -1004.483           0.000       0.000             159               0
   73         -74.806     554.425           0.000       0.000              73               0
   54        1319.226    -731.541           0.000       0.000              54               0
  136        -402.799    2077.165           0.000       0.000             136               0
   69         674.013     619.558           0.000       0.000              69               0
   27        -759.888   -1539.705           0.000       0.000              27               0
  245         328.747    1186.313           0.000       0.000             245               0
  108        -409.043   -1669.644           0.000       0.000             108               0
   34        1265.088    1328.539           0.000       0.000              34               0
  153        2547.134   -2032.377           0.000       0.000             153               0
  255         571.554    -954.119           0.000       0.000             255               0
   48       -1132.116   -1260.936           0.000       0.000              48               0
  158        -269.487     660.664           0.000       0.000             158               0
  219       -1356.960    -425.731           0.000       0.000             219               0
  151       -4104.228   -1950.332           0.000       0.000             151               0
   60       -2388.913   -1166.797           0.000       0.000              60               0
  140        -231.300    1283.614           0.000       0.000             140               0
  117        -419.298    -150.403           0.000       0.000             117               0
  164          49.046   -1787.403           0.000       0.000             164               0
   48         739.255   -1778.627           0.000       0.000              48               0
  227        -571.704     676.449           0.000       0.000             227               0
  163        1089.333    1633.992           0.000       0.000             163               0
   52         153.377   -1749.547           0.000       0.000              52               0
  112         333.975     583.408           0.000       0.000             112               0
  221          92.216     910.291           0.000       0.000             221               0
   11        -439.180    1965.345           0.000       0.000              11               0
   64         743.699    1526.373           0.000       0.000              64               0
   97         956.156    -825.104           0.000       0.000              97               0
   57         251.725    1222.527           0.000       0.000              57               0
  167        -271.366    1871.344           0.000       0.000             167               0
  167         281.739   -1369.862           0.000       0.000             167               0
  216       -2063.543    -287.398           0.000       0.000             216               0
  240       -1703.858    -627.370           0.000       0.000             240               0
  222         -21.995     248.458           0.000       0.000             222               0
   97        -154.298    -420.215           0.000       0.000              97               0
   54       -1296.679     167.297           0.000       0.000              54               0
  249         197.300    -278.548           0.000       0.000             249               0
   86        -580.198     832.890           0.000       0.000              86               0
  162         351.866     264.914           0.000       0.000             162               0
   27         949.547     596.622           0.000       0.000              27               0
  239         587.411    1654.469           0.000       0.000             239               0
  161       -1004.549    -629.485           0.000       0.000             161               0
   76         624.711    2118.112           0.000       0.000              76               0
  141        -928.865    1353.579           0.000       0.000             141               0
  125        -996.515    -327.150           0.000       0.000             125               0
  228         129.983    1419.674           0.000       0.000             228               0
  201          77.164     278.638           0.000       0.000             201               0
    9        -504.182    2591.642           0.000       0.000               9               0
   89         114.456    -530.216           0.000       0.000              89               0
  110        -517.903      85.437           0.000       0.000             110               0
   57       -1352.427     -71.486           0.000       0.000              57               0
   61        -618.232    -465.937           0.000       0.000              61               0
   18        -782.440     167.030           0.000       0.000              18               0
  110         892.205    -133.287           0.000       0.000             110               0
  173        1026.382    1359.368           0.000       0.000             173               0
  239       -1612.278   -1301.220           0.000       0.000             239               0
  121       -1764.826     685.653           0.000       0.000             121               0
  238        -883.684     815.654           0.000       0.000             238               0
   81        -888.511    -212.387           0.000       0.000              81               0
  179        1212.214       7.929           0.000       0.000             179               0
  149       -1090.151     128.319           0.000       0.000             149               0
  248        -588.330      70.831           0.000       0.000             248               0
  139        -123.544   -1373.885           0.000       0.000             139               0
  133       -1419.428      61.894           0.000       0.000             133               0
  214         983.167       7.266           0.000       0.000             214               0
  237       -2427.105     472.276           0.000       0.000             237               0
  188        -982.642     -77.096           0.000       0.000             188               0
  208         393.266     503.216           0.000       0.000             208               0
   67       -2055.116    -729.832           0.000       0.000              67               0
   94        2991.503   -1732.973           0.000       0.000              94               0
  235         304.185   -1813.001           0.000       0.000             235               0
   50         148.681     298.414           0.000       0.000              50               0
    0        1228.689    2035.884           0.000       0.000               0               0
   56       -1245.787    1210.691           0.000       0.000              56               0
  192          30.309   -2780.273           0.000       0.000             192               0
  125         868.479    -145.666           0.000       0.000             125               0
   28       -3019.222    -165.480           0.000       0.000              28               0
  138          64.112     669.459           0.000       0.000             138               0
  135         281.845   -1175.736           0.000       0.000             135               0
  117         229.658    2298.008           0.000       0.000             117               0
  249       -1888.039     700.080           0.000       0.000             249               0
  193        2051.401   -1763.848           0.000       0.000             193               0
  179        1329.488    -170.045           0.000       0.000             179               0
   11        -289.962    -638.214           0.000       0.000              11               0
   47          18.577    -293.843           0.000       0.000              47               0
   97        2009.724     223.450           0.000       0.000              97               0
  251         359.960      79.484           0.000       0.000             251               0
  169       -3052.094    2078.140           0.000       0.000             169               0
   79        1124.735     445.303           0.000       0.000              79               0
   77        1210.508    2516.283           0.000       0.000              77               0
   92          -4.059     389.578           0.000       0.000              92               0
  229       -1916.288     178.448           0.000       0.000             229               0
   69        1152.933    -134.255           0.000       0.000              69               0
  232        1241.291   -1557.419           0.000       0.000             232               0
  107        1816.442     520.724           0.000       0.000             107               0
   28         468.154    1218.629           0.000       0.000              28               0
  213        1465.245    1684.696           0.000       0.000             213               0
   39         180.581     194.153           0.000       0.000              39               0
  236         441.062      33.908           0.000       0.000             236               0
   25       -2593.893    -411.997           0.000       0.000              25               0
  133        -287.658     592.079           0.000       0.000             133               0
  216       -1048.105     456.870           0.000       0.000             216               0
   76         990.522     621.056           0.000       0.000              76               0
  134         -15.892   -1606.214           0.000       0.000             134               0
   16       -1712.294    1367.513           0.000       0.000              16               0
   13        -667.324    2866.903           0.000       0.000              13               0
    3        -567.613    -235.637           0.000       0.000               3               0
   44        1739.451    2170.516           0.000       0.000              44               0
  151        -934.749    1527.065           0.000       0.000             151               0
  139        -787.711     377.685           0.000       0.000             139               0
  162        1288.049     806.091           0.000       0.000             162               0
  145        -961.678     789.118           0.000       0.000             145               0
   76         737.585   -1572.702           0.000       0.000              76               0
   86         832.241    1253.397           0.000       0.000              86               0
