SINAL     NFT                         FFT                         NFT INVERSA     FFT INVERSA
-----     -----------------------     -----------------------     -----------     -----------
  105       67206.000       0.000           0.000       0.000             105               0
  238         428.001    1176.484           0.000       0.000             238               0
  140       -1628.443     -43.958           0.000       0.000             140               0
  121         786.480     597.766           0.000       0.000             121               0
  105         953.582    -482.069           0.000       0.000             105               0
  179       -1159.179     256.076           0.000       0.000             179               0
   67       -1506.539    1887.399           0.000       0.000              67               0
   17         670.012    -199.744           0.000       0.000              17               0
  114        1163.181    -609.212           0.000       0.000             114               0
  110         523.267     988.258           0.000       0.000             110               0
   16        -515.522    -939.987           0.000       0.000              16               0
  181         171.345     264.604           0.000       0.000             181               0
  108        -412.574    2540.196           0.000       0.000             108               0
   57        -751.328    -373.029           0.000       0.000              57               0
  179       -2006.735      25.696           0.000       0.000             179               0
  187         762.655    1486.249           0.000       0.000             187               0
  124         858.967    -432.968           0.000       0.000             124               0
   59         -66.070     330.593           0.000       0.000              59               0
   53         -89.188    1700.574           0.000       0.000              53               0
  145         540.758    -881.200           0.000       0.000             145               0
  201        1673.312    -782.068           0.000       0.000             201               0
   59        -589.672    -294.146           0.000       0.000              59               0
  126       -1883.394    1042.040           0.000       0.000             126               0
  206        1247.821   -1946.275           0.000       0.000             206               0
  146        1148.311    1445.697           0.000       0.000             146               0
  161         -40.974     972.540           0.000       0.000             161               0
  140        -577.400   -1113.937           0.000       0.000             140               0
   83        2124.138   -2416.357           0.000       0.000              83               0
   55        -662.298    1453.552           0.000       0.000              55               0
  212         438.705   -1203.917           0.000       0.000             212               0
  101         642.708    -560.600           0.000       0.000             101               0
  160        -355.083     580.180           0.000       0.000             160               0
  194        2176.602    2514.804           0.000       0.000             194               0
  242        1291.209     190.782           0.000       0.000             242               0
   26        -202.794     535.837           0.000       0.000              26               0
   44        1730.073    1759.421           0.000       0.000              44               0
  165        -338.840   -1497.270           0.000       0.000             165               0
   93        -770.007     121.814           0.000       0.000              93               0
   62        -704.170    1032.294           0.000       0.000              62               0
   24        -350.948   -1523.427           0.000       0.000              24               0
  203         891.734     -44.841           0.000       0.000             203               0
   79        -763.810    -675.871           0.000       0.000              79               0
  206         382.627    -188.141           0.000       0.000             206               0
   56        -258.535    2241.588           0.000       0.000              56               0
  136        -569.558     167.881           0.000       0.000             136               0
  129        1303.117    -100.636           0.000       0.000             129               0
  243         457.332    -692.302           0.000       0.000             243               0
    5         800.751    -213.031           0.000       0.000               5               0
  189        -858.516    -895.119           0.000       0.000             189               0
   40       -1072.887     611.896           0.000       0.000              40               0
  150         726.078    -923.960           0.000       0.000             150               0
  135        -593.243   -2065.796           0.000       0.000             135               0
   99         172.851    -673.380           0.000       0.000              99               0
   21        1198.537     801.940           0.000       0.000              21               0
   86       -1202.970    -735.649           0.000       0.000              86               0
  246       -1029.538    -509.066           0.000       0.000             246               0
  182         658.826      89.864           0.000       0.000             182               0
  227       -1666.194    -281.305           0.000       0.000             227               0
   74         252.431      68.639           0.000       0.000              74               0
  237       -2884.628     295.672           0.000       0.000             237               0
  183        1061.020     286.330           0.000       0.000             183               0
  175         742.257     -68.236           0.000       0.000             175               0
  142          -5.913     744.995           0.000       0.000             142               0
  122         851.850    -391.919           0.000       0.000             122               0
  161        -763.209     575.795           0.000       0.000             161               0
  169       -1194.275     390.050           0.000       0.000             169               0
  166         936.321     279.508           0.000       0.000             166               0
   71         695.516   -1681.742           0.000       0.000              71               0
    7        1471.648     347.539           0.000       0.000               7               0
  229       -1101.665   -1118.091           0.000       0.000             229               0
   96       -2632.115     234.573           0.000       0.000              96               0
  211         326.919    1388.204           0.000       0.000             211               0
   52        -646.099     668.279           0.000       0.000              52               0
   47       -1291.259    -871.837           0.000       0.000              47               0
   11         313.159   -2654.672           0.000       0.000              11               0
  189       -1164.230   -2519.886           0.000       0.000             189               0
  176         713.879   -2072.613           0.000       0.000             176               0
  254        1081.076     915.704           0.000       0.000             254               0
  194        1616.854    -519.789           0.000       0.000             194               0
  110         555.422    1342.840           0.000       0.000             110               0
   39         805.496     570.527           0.000       0.000              39               0
   89        1151.986     827.370           0.000       0.000              89               0
  246        1028.343    -297.990           0.000       0.000             246               0
  139       -1718.808    -183.096           0.000       0.000             139               0
  111        -892.866   -1122.432           0.000       0.000             111               0
   76        -969.402      75.412           0.000       0.000              76               0
  129        1263.762      16.489           0.000       0.000             129               0
   38        1780.053    -504.543           0.000       0.000              38               0
   47        1578.858    -600.965           0.000       0.000              47               0
  203        -878.394    1715.054           0.000       0.000             203               0
   20       -2437.301     249.615           0.000       0.000              20               0
  231         316.330    -282.334           0.000       0.000             231               0
  123       -1140.718    2141.678           0.000       0.000             123               0
  163        1422.507    -413.129           0.000       0.000             163               0
   97          35.132     227.172           0.000       0.000              97               0
   29        -680.080    1040.078           0.000       0.000              29               0
   76       -2212.744    -842.103           0.000       0.000              76               0
    8         137.562    -476.161           0.000       0.000               8               0
  101       -1508.144    1038.098           0.000       0.000             101               0
   83        1173.155   -1264.040           0.000       0.000              83               0
  237        1289.694    1324.775           0.000       0.000             237               0
  197        1691.952     663.787           0.000       0.000             197               0
   38        1753.628    -526.019           0.000       0.000              38               0
   33         455.696     828.807           0.000       0.000              33               0
  244       -1795.231   -1415.094           0.000       0.000             244               0
   50        -292.104    -383.661           0.000       0.000              50               0
  223         504.147     559.483           0.000       0.000             223               0
  165        -409.543     137.698           0.000       0.000             165               0
   49       -1080.789     329.480           0.000       0.000              49               0
  162         935.631    1373.802           0.000       0.000             162               0
   20         842.930   -1052.644           0.000       0.000              20               0
   88        -298.400    1182.549           0.000       0.000              88               0
  252        -807.899      79.493           0.000       0.000             252               0
   10        -805.329   -3700.769           0.000       0.000              10               0
  227        1670.176   -1600.038           0.000       0.000             227               0
  107       -3254.822   -2216.311           0.000       0.000             107               0
   87        1608.497    -374.694           0.000       0.000              87               0
  100         -92.916    1511.659           0.000       0.000             100               0
  146       -1353.939    -953.403           0.000       0.000             146               0
  134         -11.406     715.059           0.000       0.000             134               0
   48       -1980.946    -580.047           0.000       0.000              48               0
  167        -529.881    -431.682           0.000       0.000             167               0
  110        1224.118    -155.774           0.000       0.000             110               0
  171       -1145.306    1169.092           0.000       0.000             171               0
   74        1535.354     385.402           0.000       0.000              74               0
  207       -2222.539      76.868           0.000       0.000             207               0
  201         299.930    -130.597           0.000       0.000             201               0
  150        2054.464   -1570.052           0.000       0.000             150               0
  215        -691.944   -1070.028           0.000       0.000             215               0
   46         204.775    2178.020           0.000       0.000              46               0
  234         730.850   -2764.959           0.000       0.000             234               0
  197       -1229.663     -45.735           0.000       0.000             197               0
  243         -40.563   -1285.671           0.000       0.000             243               0
   17         -46.086    -693.101           0.000       0.000              17               0
  231         872.719   -3202.811           0.000       0.000             231               0
  232        1254.057    -831.140           0.000       0.000             232               0
   67         257.736    1795.050           0.000       0.000              67               0
  198        1070.537    1177.287           0.000       0.000             198               0
  142        2884.549    -370.358           0.000       0.000             142               0
  116       -1261.644    -346.517           0.000       0.000             116               0
  104        -306.283     609.818           0.000       0.000             104               0
  162         994.656   -2368.006           0.000       0.000             162               0
  205       -1287.795    -438.415           0.000       0.000             205               0
  100        2489.658    -285.847           0.000       0.000             100               0
  172       -1057.655     208.573           0.000       0.000             172               0
  176       -1533.317   -2955.945           0.000       0.000             176               0
  208        -498.789   -2293.465           0.000       0.000             208               0
    3        1576.115    1041.277           0.000       0.000               3               0
   21        1013.668     413.512           0.000       0.000              21               0
   98       -2144.458    -135.163           0.000       0.000              98               0
  138         990.675    -495.926           0.000       0.000             138               0
   70       -1250.551     969.928           0.000       0.000              70               0
    9          -8.346    -446.530           0.000       0.000               9               0
  248         216.064    1766.661           0.000       0.000             248               0
  241       -1778.180    1707.111           0.000       0.000             241               0
   84       -1823.336    -373.922           0.000       0.000              84               0
  200        2543.296     874.060           0.000       0.000             200               0
  187         840.394    -123.534           0.000       0.000             187               0
  234       -2778.802    -958.494           0.000       0.000             234               0
  160        1522.163   -1683.004           0.000       0.000             160               0
  233         186.924    -307.529           0.000       0.000             233               0
  213        1355.603    -611.340           0.000       0.000             213               0
  101        -665.550     979.121           0.000       0.000             101               0
  221        -179.794    1288.114           0.000       0.000             221               0
  230        -384.501     100.058           0.000       0.000             230               0
   77        -734.197   -1543.167           0.000       0.000              77               0
  197       -1311.492    3414.739           0.000       0.000             197               0
   42       -1134.266     829.397           0.000       0.000              42               0
   19        -508.240    1025.418           0.000       0.000              19               0
   83        -809.801    1095.051           0.000       0.000              83               0
  159          54.522     200.919           0.000       0.000             159               0
  123       -2054.390      47.807           0.000       0.000             123               0
  245         234.065    1339.328           0.000       0.000             245               0
  108        -567.068    -663.778           0.000       0.000             108               0
  224       -1241.880    -302.422           0.000       0.000             224               0
  162        -923.790    -759.281           0.000       0.000             162               0
   29        -795.308   -1592.568           0.000       0.000              29               0
  176        -116.520     155.249           0.000       0.000             176               0
  166        2622.275     -62.248           0.000       0.000             166               0
   50        2393.698     581.070           0.000       0.000              50               0
   19        1241.143   -1721.874           0.000       0.000              19               0
   48         421.335    1700.483           0.000       0.000              48               0
  120          30.091    -164.928           0.000       0.000             120               0
   29        1470.697     386.547           0.000       0.000              29               0
   41         596.389   -1062.857           0.000       0.000              41               0
  106         854.148     744.588           0.000       0.000             106               0
  113       -1736.413     678.943           0.000       0.000             113               0
  242         572.568     509.808           0.000       0.000             242               0
   37         943.124    -378.357           0.000       0.000              37               0
   92        -777.774    -411.704           0.000       0.000              92               0
  146        -764.726    1184.321           0.000       0.000             146               0
   14         511.906     596.340           0.000       0.000              14               0
   49          23.022     187.755           0.000       0.000              49               0
  248        -216.609     183.570           0.000       0.000             248               0
  235         219.077    -443.620           0.000       0.000             235               0
   23       -2545.812     306.218           0.000       0.000              23               0
   69       -2342.152    1136.135           0.000       0.000              69               0
  177         509.749     128.027           0.000       0.000             177               0
   66       -2305.272   -1561.582           0.000       0.000              66               0
   89       -1612.855   -1345.603           0.000       0.000              89               0
    5       -1348.827    -581.709           0.000       0.000               5               0
  225        1127.151   -1695.721           0.000       0.000             225               0
  213        1559.183     350.738           0.000       0.000             213               0
  251         371.809   -1034.296           0.000       0.000             251               0
   78       -1366.659    -927.565           0.000       0.000              78               0
  181        -705.513     493.874           0.000       0.000             181               0
  157         293.032     791.898           0.000       0.000             157               0
  107       -1057.591     495.934           0.000       0.000             107               0
  102         290.426   -2672.162           0.000       0.000             102               0
   67        -682.015     127.538           0.000       0.000              67               0
  158       -1446.875   -1778.789           0.000       0.000             158               0
  121         229.883      99.970           0.000       0.000             121               0
  116        -284.107    -259.839           0.000       0.000             116               0
   23        -323.410    1103.081           0.000       0.000              23               0
  150         149.771   -2348.254           0.000       0.000             150               0
  157         396.780   -1004.685           0.000       0.000             157               0
  129        1634.430    1172.347           0.000       0.000             129               0
    8         596.713   -1346.041           0.000       0.000               8               0
  143        -867.094   -1164.500           0.000       0.000             143               0
  167        -569.434     905.675           0.000       0.000             167               0
  100        1043.257    -661.918           0.000       0.000             100               0
   34        -177.244     219.148           0.000       0.000              34               0
  182       -1956.877   -1259.394           0.000       0.000             182               0
  149        -400.265    1269.471           0.000       0.000             149               0
   27        1505.184    1081.133           0.000       0.000              27               0
  162         887.384   -1285.377           0.000       0.000             162               0
  173        -329.902   -2877.660           0.000       0.000             173               0
   97        -721.396      26.848           0.000       0.000              97               0
   84        -541.071    -890.339           0.000       0.000              84               0
  239        1321.589    1046.082           0.000       0.000             239               0
  186        1318.795    -358.550           0.000       0.000             186               0
   89        1074.735    1726.017           0.000       0.000              89               0
  209        1340.325     492.298           0.000       0.000             209               0
  143        -237.980   -3131.144           0.000       0.000             143               0
   84        2254.612     267.233           0.000       0.000              84               0
   31       -1139.518    -466.434           0.000       0.000              31               0
   69        1084.783    -340.722           0.000       0.000              69               0
  241         420.301   -1091.607           0.000       0.000             241               0
  139         506.900      34.606           0.000       0.000             139               0
  171       -3276.746     380.412           0.000       0.000             171               0
   53         165.009     170.128           0.000       0.000              53               0
   42        -733.634    1552.274           0.000       0.000              42               0
   36        1030.072     837.591           0.000       0.000              36               0
  169       -1613.128     347.342           0.000       0.000             169               0
   65        2592.989     511.851           0.000       0.000              65               0
  187         356.788    -215.593           0.000       0.000             187               0
   71        1308.933     767.017           0.000       0.000              71               0
  195           4.888   -1459.740           0.000       0.000             195               0
  195       -1398.515    -606.642           0.000       0.000             195               0
  215       -1727.572    -548.172           0.000       0.000             215               0
  106        -416.091     328.664           0.000       0.000             106               0
   39       -1671.877     818.007           0.000       0.000              39               0
  250        1027.020      37.567           0.000       0.000             250               0
   33         533.666    -601.517           0.000       0.000              33               0
  189        -494.954    -106.949           0.000       0.000             189               0
   21        -206.455     997.625           0.000       0.000              21               0
  196          74.000      -0.057           0.000       0.000             196               0
  106        -206.149    -997.664           0.000       0.000             106               0
  118        -494.923     106.949           0.000       0.000             118               0
   24         533.525     601.726           0.000       0.000              24               0
   90        1026.781     -37.300           0.000       0.000              90               0
   49       -1671.827    -818.525           0.000       0.000              49               0
  113        -416.030    -328.587           0.000       0.000             113               0
   44       -1727.703     547.794           0.000       0.000              44               0
  192       -1398.340     606.280           0.000       0.000             192               0
  198           4.908    1459.596           0.000       0.000             198               0
   76        1309.495    -766.770           0.000       0.000              76               0
    5         356.910     215.623           0.000       0.000               5               0
  184        2593.005    -511.094           0.000       0.000             184               0
  215       -1613.211    -347.957           0.000       0.000             215               0
  177        1030.305    -837.295           0.000       0.000             177               0
  237        -733.266   -1552.342           0.000       0.000             237               0
    1         164.874    -169.767           0.000       0.000               1               0
  213       -3276.450    -381.215           0.000       0.000             213               0
  151         507.430     -34.068           0.000       0.000             151               0
   66         420.249    1092.000           0.000       0.000              66               0
  144        1084.784     341.206           0.000       0.000             144               0
  223       -1139.411     466.166           0.000       0.000             223               0
    6        2254.928    -266.209           0.000       0.000               6               0
   84        -238.956    3131.014           0.000       0.000              84               0
  183        1340.636    -492.262           0.000       0.000             183               0
  113        1075.308   -1725.644           0.000       0.000             113               0
  123        1318.553     359.160           0.000       0.000             123               0
  177        1321.583   -1045.393           0.000       0.000             177               0
  146        -541.738     890.480           0.000       0.000             146               0
   57        -721.505     -26.747           0.000       0.000              57               0
  199        -330.792    2877.666           0.000       0.000             199               0
   86         887.002    1285.290           0.000       0.000              86               0
  163        1505.267   -1080.918           0.000       0.000             163               0
   62        -400.293   -1269.447           0.000       0.000              62               0
  111       -1957.400    1258.897           0.000       0.000             111               0
  254        -176.985    -219.178           0.000       0.000             254               0
  111        1043.002     662.291           0.000       0.000             111               0
  225        -569.273    -905.718           0.000       0.000             225               0
   42        -867.372    1164.445           0.000       0.000              42               0
   48         596.471    1346.153           0.000       0.000              48               0
  167        1634.755   -1171.755           0.000       0.000             167               0
  118         396.166    1005.090           0.000       0.000             118               0
   54         148.705    2348.151           0.000       0.000              54               0
   96        -323.285   -1103.386           0.000       0.000              96               0
   78        -284.368     259.821           0.000       0.000              78               0
  231         229.648     -99.724           0.000       0.000             231               0
   78       -1447.666    1778.354           0.000       0.000              78               0
   80        -681.941    -127.751           0.000       0.000              80               0
  189         289.467    2672.074           0.000       0.000             189               0
  229       -1057.476    -496.705           0.000       0.000             229               0
  147         293.261    -791.912           0.000       0.000             147               0
   78        -705.466    -493.973           0.000       0.000              78               0
  197       -1366.840     927.253           0.000       0.000             197               0
  153         371.721    1034.359           0.000       0.000             153               0
  162        1559.264    -350.188           0.000       0.000             162               0
  124        1126.115    1696.117           0.000       0.000             124               0
   10       -1349.538     581.134           0.000       0.000              10               0
   30       -1613.574    1344.902           0.000       0.000              30               0
   46       -2305.726    1560.378           0.000       0.000              46               0
  156         509.788    -128.405           0.000       0.000             156               0
   87       -2341.867   -1137.223           0.000       0.000              87               0
  245       -2545.305    -307.162           0.000       0.000             245               0
  243         219.426     443.530           0.000       0.000             243               0
  251        -216.236    -183.881           0.000       0.000             251               0
   51          23.367    -187.975           0.000       0.000              51               0
   99         512.240    -596.370           0.000       0.000              99               0
  249        -764.217   -1184.574           0.000       0.000             249               0
  163        -777.568     411.502           0.000       0.000             163               0
   68         943.297     378.533           0.000       0.000              68               0
   35         572.757    -509.787           0.000       0.000              35               0
  211       -1735.942    -679.577           0.000       0.000             211               0
  236         854.835    -744.178           0.000       0.000             236               0
  154         596.328    1063.080           0.000       0.000             154               0
   10        1470.951    -386.165           0.000       0.000              10               0
   76          30.101     164.825           0.000       0.000              76               0
  232         422.126   -1700.218           0.000       0.000             232               0
  242        1240.798    1722.393           0.000       0.000             242               0
  154        2393.886    -580.361           0.000       0.000             154               0
   56        2621.751      63.173           0.000       0.000              56               0
  175        -117.162    -155.152           0.000       0.000             175               0
  128        -796.328    1592.322           0.000       0.000             128               0
  203        -924.368     758.739           0.000       0.000             203               0
  253       -1242.130     301.741           0.000       0.000             253               0
   69        -567.320     663.197           0.000       0.000              69               0
  100         234.321   -1339.556           0.000       0.000             100               0
  159       -2054.453     -48.650           0.000       0.000             159               0
  194          54.644    -201.176           0.000       0.000             194               0
  111        -809.477   -1095.564           0.000       0.000             111               0
  190        -507.927   -1025.713           0.000       0.000             190               0
  240       -1133.992    -829.927           0.000       0.000             240               0
   12       -1310.191   -3414.881           0.000       0.000              12               0
   21        -734.444    1543.318           0.000       0.000              21               0
  230        -384.190    -100.228           0.000       0.000             230               0
    0        -179.117   -1288.091           0.000       0.000              -0               0
   16        -664.867    -978.982           0.000       0.000              16               0
   26        1355.660     612.163           0.000       0.000              26               0
   99         186.902     307.878           0.000       0.000              99               0
    9        1521.418    1683.624           0.000       0.000               9               0
  190       -2779.089     957.383           0.000       0.000             190               0
  167         840.763     123.545           0.000       0.000             167               0
   45        2543.388    -873.343           0.000       0.000              45               0
  146       -1823.826     373.149           0.000       0.000             146               0
  148       -1777.455   -1707.841           0.000       0.000             148               0
  199         216.901   -1766.322           0.000       0.000             199               0
  156          -8.438     446.817           0.000       0.000             156               0
  224       -1250.031    -970.084           0.000       0.000             224               0
  176         990.629     496.568           0.000       0.000             176               0
  142       -2144.263     134.622           0.000       0.000             142               0
  122        1014.257    -412.950           0.000       0.000             122               0
  232        1576.476   -1040.188           0.000       0.000             232               0
   61        -499.722    2293.869           0.000       0.000              61               0
  250       -1534.189    2955.388           0.000       0.000             250               0
  180       -1057.071    -209.121           0.000       0.000             180               0
   59        2489.799     286.727           0.000       0.000              59               0
   64       -1287.858     438.128           0.000       0.000              64               0
   25         994.076    2368.204           0.000       0.000              25               0
  219        -305.981    -610.175           0.000       0.000             219               0
    2       -1261.271     346.022           0.000       0.000               2               0
  136        2884.811     371.137           0.000       0.000             136               0
  153        1070.869   -1177.030           0.000       0.000             153               0
  243         258.343   -1794.588           0.000       0.000             243               0
  149        1253.761     832.199           0.000       0.000             149               0
  174         871.445    3203.282           0.000       0.000             174               0
  217         -46.534     692.952           0.000       0.000             217               0
  149         -41.168    1285.526           0.000       0.000             149               0
  191       -1229.641      45.271           0.000       0.000             191               0
  244         730.043    2764.877           0.000       0.000             244               0
  248         205.462   -2178.208           0.000       0.000             248               0
  201        -692.169    1069.917           0.000       0.000             201               0
  178        2053.927    1570.530           0.000       0.000             178               0
  160         299.493     130.348           0.000       0.000             160               0
  246       -2222.539     -77.891           0.000       0.000             246               0
   68        1535.522    -385.117           0.000       0.000              68               0
   52       -1144.979   -1169.490           0.000       0.000              52               0
  190        1223.977     156.311           0.000       0.000             190               0
  224        -530.350     431.545           0.000       0.000             224               0
   20       -1981.170     579.295           0.000       0.000              20               0
  111         -11.069    -715.064           0.000       0.000             111               0
  111       -1354.120     952.926           0.000       0.000             111               0
  143         -92.116   -1511.588           0.000       0.000             143               0
   88        1608.262     375.676           0.000       0.000              88               0
  173       -3255.466    2215.470           0.000       0.000             173               0
  138        1669.918    1600.626           0.000       0.000             138               0
   12        -806.577    3700.057           0.000       0.000              12               0
  232        -807.671     -80.527           0.000       0.000             232               0
  202        -297.672   -1183.004           0.000       0.000             202               0
   38         842.823    1052.592           0.000       0.000              38               0
  195         936.047   -1373.824           0.000       0.000             195               0
  205       -1080.696    -329.940           0.000       0.000             205               0
  175        -409.282    -137.943           0.000       0.000             175               0
   92         504.470    -559.334           0.000       0.000              92               0
  192        -292.213     383.609           0.000       0.000             192               0
   68       -1795.375    1414.270           0.000       0.000              68               0
   11         456.564    -828.921           0.000       0.000              11               0
  154        1753.815     526.398           0.000       0.000             154               0
  217        1692.228    -663.487           0.000       0.000             217               0
  202        1289.980   -1324.318           0.000       0.000             202               0
  142        1172.327    1264.392           0.000       0.000             142               0
  210       -1508.093   -1038.716           0.000       0.000             210               0
  148         137.232     476.216           0.000       0.000             148               0
   65       -2213.043     841.120           0.000       0.000              65               0
  114        -679.420   -1040.538           0.000       0.000             114               0
  139          35.527    -227.227           0.000       0.000             139               0
  133        1422.391     413.365           0.000       0.000             133               0
  167       -1140.052   -2142.135           0.000       0.000             167               0
   73         316.214     282.544           0.000       0.000              73               0
  102       -2437.056    -250.513           0.000       0.000             102               0
  188        -877.181   -1715.197           0.000       0.000             188               0
  184        1579.196     601.770           0.000       0.000             184               0
  213        1780.018     505.204           0.000       0.000             213               0
   75        1263.556     -16.042           0.000       0.000              75               0
   16        -969.573     -75.622           0.000       0.000              16               0
  130        -893.194    1122.146           0.000       0.000             130               0
  213       -1718.465     182.388           0.000       0.000             213               0
   29        1028.764     298.154           0.000       0.000              29               0
  106        1152.517    -827.116           0.000       0.000             106               0
  160         805.815    -570.257           0.000       0.000             160               0
   67         556.017   -1342.428           0.000       0.000              67               0
   46        1616.709     520.629           0.000       0.000              46               0
  109        1081.184    -914.907           0.000       0.000             109               0
  243         712.828    2073.345           0.000       0.000             243               0
  138       -1165.302    2519.591           0.000       0.000             138               0
   46         312.123    2654.435           0.000       0.000              46               0
   55       -1291.671     870.792           0.000       0.000              55               0
  149        -645.799    -668.999           0.000       0.000             149               0
  201         327.292   -1388.247           0.000       0.000             201               0
   17       -2631.958    -235.349           0.000       0.000              17               0
   96       -1101.471    1117.685           0.000       0.000              96               0
   88        1472.193    -347.108           0.000       0.000              88               0
  227         695.071    1681.799           0.000       0.000             227               0
  244         936.323    -279.549           0.000       0.000             244               0
  153       -1194.195    -390.667           0.000       0.000             153               0
   86        -762.751    -576.136           0.000       0.000              86               0
  127         851.935     392.091           0.000       0.000             127               0
   30          -5.560    -745.100           0.000       0.000              30               0
  253         742.287      68.453           0.000       0.000             253               0
  201        1060.819    -286.025           0.000       0.000             201               0
  133       -2884.605    -296.623           0.000       0.000             133               0
  185         252.642     -68.493           0.000       0.000             185               0
  130       -1666.062     280.781           0.000       0.000             130               0
   90         659.102     -89.596           0.000       0.000              90               0
    5       -1029.565     508.779           0.000       0.000               5               0
  146       -1202.772     735.161           0.000       0.000             146               0
  221        1199.191    -801.510           0.000       0.000             221               0
  219         172.753     673.654           0.000       0.000             219               0
  176        -593.711    2065.543           0.000       0.000             176               0
   72         725.934     923.847           0.000       0.000              72               0
  123       -1072.530    -612.471           0.000       0.000             123               0
  244        -858.369     894.694           0.000       0.000             244               0
  118         801.128     213.077           0.000       0.000             118               0
  233         457.414     692.182           0.000       0.000             233               0
  231        1303.200     100.707           0.000       0.000             231               0
    1        -569.444    -168.483           0.000       0.000               1               0
   24        -257.546   -2241.775           0.000       0.000              24               0
   31         382.761     188.437           0.000       0.000              31               0
  151        -763.766     675.597           0.000       0.000             151               0
  225         891.970      45.081           0.000       0.000             225               0
   48        -351.331    1523.050           0.000       0.000              48               0
  247        -703.565   -1032.838           0.000       0.000             247               0
   57        -769.525    -122.136           0.000       0.000              57               0
   20        -338.701    1496.803           0.000       0.000              20               0
  236        1731.141   -1759.229           0.000       0.000             236               0
  210        -202.218    -536.021           0.000       0.000             210               0
  107        1291.756    -190.589           0.000       0.000             107               0
  108        2177.575   -2514.081           0.000       0.000             108               0
  241        -354.823    -579.951           0.000       0.000             241               0
  104         642.736     561.080           0.000       0.000             104               0
   53         438.445    1204.027           0.000       0.000              53               0
  118        -661.471   -1453.655           0.000       0.000             118               0
   34        2123.552    2417.173           0.000       0.000              34               0
  183        -577.695    1113.342           0.000       0.000             183               0
  209         -40.308    -972.914           0.000       0.000             209               0
   39        1149.078   -1445.237           0.000       0.000              39               0
   74        1247.126    1946.648           0.000       0.000              74               0
  175       -1882.935   -1042.865           0.000       0.000             175               0
    3        -589.189     293.950           0.000       0.000               3               0
  251        1673.497     782.490           0.000       0.000             251               0
  247         540.646     880.969           0.000       0.000             247               0
  127         -88.383   -1700.912           0.000       0.000             127               0
  239         -65.592    -330.656           0.000       0.000             239               0
  110         859.146     433.045           0.000       0.000             110               0
  104         763.218   -1486.145           0.000       0.000             104               0
  215       -2006.486     -26.373           0.000       0.000             215               0
  111        -750.836     372.519           0.000       0.000             111               0
  129        -411.011   -2540.395           0.000       0.000             129               0
  246         172.154    -264.271           0.000       0.000             246               0
    6        -515.012     939.832           0.000       0.000               6               0
   98         524.549    -988.102           0.000       0.000              98               0
   39        1163.818     609.620           0.000       0.000              39               0
  254         670.641     199.744           0.000       0.000             254               0
  155       -1504.933   -1887.946           0.000       0.000             155               0
   60       -1157.489    -256.254           0.000       0.000              60               0
  234         955.363     482.441           0.000       0.000             234               0
  110         788.877    -597.494           0.000       0.000             110               0
  167       -1624.933      43.436           0.000       0.000             167               0
   86         435.669   -1176.205           0.000       0.000              86               0
