SINAL     NFT                         FFT                         NFT INVERSA     FFT INVERSA
-----     -----------------------     -----------------------     -----------     -----------
   35       68432.000       0.000           0.000       0.000              35               0
  203         575.653     585.368           0.000       0.000             203               0
  173        -571.009     907.254           0.000       0.000             173               0
  220       -1102.978       8.271           0.000       0.000             220               0
  161         501.679   -1253.182           0.000       0.000             161               0
  104        1585.740   -1338.920           0.000       0.000             104               0
  219        1593.929    -437.184           0.000       0.000             219               0
  217       -2788.848    -252.717           0.000       0.000             217               0
  194         436.510     532.217           0.000       0.000             194               0
  214         101.781     432.377           0.000       0.000             214               0
  173       -1136.762   -1922.627           0.000       0.000             173               0
   13        1533.251   -1123.308           0.000       0.000              13               0
  219       -1051.961     910.940           0.000       0.000             219               0
  187        1540.012   -2178.564           0.000       0.000             187               0
  123        1331.897     669.276           0.000       0.000             123               0
  141        -907.662     586.404           0.000       0.000             141               0
  134        1292.697    -133.569           0.000       0.000             134               0
  223         244.699   -1145.855           0.000       0.000             223               0
   67        1997.178   -1665.250           0.000       0.000              67               0
   87          -4.065   -3133.616           0.000       0.000              87               0
   14        -572.004    1013.621           0.000       0.000              14               0
    3        -852.726     954.807           0.000       0.000               3               0
  132         931.185     -77.480           0.000       0.000             132               0
  131       -1878.246   -1358.003           0.000       0.000             131               0
  126        -628.838   -1709.898           0.000       0.000             126               0
  179        -382.244   -1830.532           0.000       0.000             179               0
  123        -754.346     278.108           0.000       0.000             123               0
  254       -1847.714    -263.626           0.000       0.000             254               0
  207        -253.798    1626.322           0.000       0.000             207               0
  112        1531.169    1986.341           0.000       0.000             112               0
   69        -654.540    -564.719           0.000       0.000              69               0
  242        -812.832     864.971           0.000       0.000             242               0
   60       -1805.386     966.850           0.000       0.000              60               0
  243         721.202    -935.055           0.000       0.000             243               0
  207        1388.039   -1853.791           0.000       0.000             207               0
  222       -2597.592    -185.324           0.000       0.000             222               0
   91         233.284     656.442           0.000       0.000              91               0
  171         256.107   -1594.881           0.000       0.000             171               0
  183       -1849.517   -1336.419           0.000       0.000             183               0
   30         -91.741    -894.932           0.000       0.000              30               0
  129        2232.873    1114.544           0.000       0.000             129               0
  101         752.209    2405.393           0.000       0.000             101               0
   43       -1977.848   -1785.235           0.000       0.000              43               0
   92         237.452   -1789.363           0.000       0.000              92               0
   33        1694.411   -2094.016           0.000       0.000              33               0
  167        -573.354    -718.605           0.000       0.000             167               0
  234        -322.738     481.949           0.000       0.000             234               0
  167         372.309   -2685.699           0.000       0.000             167               0
  134         -41.770   -1131.645           0.000       0.000             134               0
   45       -1156.051    1151.903           0.000       0.000              45               0
  254       -1155.810    1647.530           0.000       0.000             254               0
  149        -302.041   -2226.219           0.000       0.000             149               0
   49         624.604    -403.388           0.000       0.000              49               0
  131        -249.420     257.193           0.000       0.000             131               0
   24          87.046    1808.972           0.000       0.000              24               0
  175        -566.130    1710.987           0.000       0.000             175               0
   54         -54.648     156.429           0.000       0.000              54               0
  148        2117.575     817.999           0.000       0.000             148               0
  174       -1693.535    -652.030           0.000       0.000             174               0
    6         787.239    -106.383           0.000       0.000               6               0
    5         490.764    -935.994           0.000       0.000               5               0
  243         257.694   -1830.189           0.000       0.000             243               0
  248         227.127    1336.835           0.000       0.000             248               0
   65         280.192     317.077           0.000       0.000              65               0
  231        1530.761     521.775           0.000       0.000             231               0
  200        -648.899    -771.197           0.000       0.000             200               0
   31        1753.187    -545.298           0.000       0.000              31               0
   67        -440.906   -2423.870           0.000       0.000              67               0
  115        -143.357   -1315.010           0.000       0.000             115               0
  215        -458.342     730.807           0.000       0.000             215               0
   97        1660.656    -869.591           0.000       0.000              97               0
  245        1518.380     -45.397           0.000       0.000             245               0
   61         909.545    1241.782           0.000       0.000              61               0
  141        -518.172    1353.109           0.000       0.000             141               0
   81        -723.020     501.363           0.000       0.000              81               0
   94         904.345     105.935           0.000       0.000              94               0
   52        -624.879    -826.074           0.000       0.000              52               0
   60       -1529.146     113.985           0.000       0.000              60               0
    6       -1629.332    -454.692           0.000       0.000               6               0
  187         715.811    -484.403           0.000       0.000             187               0
  106          69.295   -1283.251           0.000       0.000             106               0
    5         577.555      75.583           0.000       0.000               5               0
   80          43.423      72.532           0.000       0.000              80               0
  155       -1379.450   -3500.388           0.000       0.000             155               0
  136          13.815    -980.352           0.000       0.000             136               0
  105          80.697    -948.379           0.000       0.000             105               0
   75        1111.312    1484.699           0.000       0.000              75               0
  191         626.739    -185.026           0.000       0.000             191               0
  253        -418.685    1687.972           0.000       0.000             253               0
  249         997.324   -1333.680           0.000       0.000             249               0
  197        1509.206    1401.552           0.000       0.000             197               0
    2        -944.613   -1112.365           0.000       0.000               2               0
  237        1722.355     553.133           0.000       0.000             237               0
  190        -614.583   -1147.827           0.000       0.000             190               0
   68       -1172.892   -2567.672           0.000       0.000              68               0
  213          66.011    -804.647           0.000       0.000             213               0
  135         625.888    -340.304           0.000       0.000             135               0
  100         350.830    1437.065           0.000       0.000             100               0
   24        1496.171    -430.256           0.000       0.000              24               0
  251        -316.237      99.466           0.000       0.000             251               0
   60         437.684     463.372           0.000       0.000              60               0
  122        -909.093    2178.770           0.000       0.000             122               0
  240       -1791.234     596.776           0.000       0.000             240               0
  121       -1057.713   -1004.480           0.000       0.000             121               0
    7       -1857.324    -110.937           0.000       0.000               7               0
   66        -628.020   -1040.864           0.000       0.000              66               0
  216         659.858    -532.586           0.000       0.000             216               0
   59        -608.519     822.695           0.000       0.000              59               0
  126        -958.936     820.045           0.000       0.000             126               0
  223         147.377     657.149           0.000       0.000             223               0
  246        2883.030    1987.130           0.000       0.000             246               0
  233         409.039    -146.297           0.000       0.000             233               0
  228         966.802   -1709.994           0.000       0.000             228               0
   71        -291.536     822.749           0.000       0.000              71               0
  132        -416.699    1639.717           0.000       0.000             132               0
  109        1008.205     585.694           0.000       0.000             109               0
  176         822.062    1967.203           0.000       0.000             176               0
  208       -1096.404   -1280.581           0.000       0.000             208               0
   45        -945.102     692.027           0.000       0.000              45               0
  174         122.504      90.964           0.000       0.000             174               0
  201        -781.184   -1143.014           0.000       0.000             201               0
  243       -1279.760     430.090           0.000       0.000             243               0
  177        3843.919    -584.503           0.000       0.000             177               0
  183        -574.211     401.261           0.000       0.000             183               0
  178         906.185     545.856           0.000       0.000             178               0
  245         551.751    -738.858           0.000       0.000             245               0
  140        -366.397     585.797           0.000       0.000             140               0
   58       -1507.063    -997.960           0.000       0.000              58               0
   90        1700.987      61.202           0.000       0.000              90               0
  165          81.363    -261.176           0.000       0.000             165               0
   53       -1100.652    1614.822           0.000       0.000              53               0
  150        -130.093     738.902           0.000       0.000             150               0
   31        1169.104     291.722           0.000       0.000              31               0
   38        -211.419    2078.339           0.000       0.000              38               0
   16        -677.099    -370.658           0.000       0.000              16               0
   38        2393.500   -1569.842           0.000       0.000              38               0
  105        1577.311    -796.888           0.000       0.000             105               0
  233        -847.999    -520.955           0.000       0.000             233               0
   98       -1901.561    1967.066           0.000       0.000              98               0
  232        -634.593     774.054           0.000       0.000             232               0
  200         143.153    1545.217           0.000       0.000             200               0
   89        -563.848    1033.760           0.000       0.000              89               0
  209        -903.531    1004.092           0.000       0.000             209               0
  173        -733.475     550.652           0.000       0.000             173               0
  160         -68.698     132.682           0.000       0.000             160               0
   85        -610.214     600.993           0.000       0.000              85               0
   27       -1213.363    -137.343           0.000       0.000              27               0
   81       -2455.031    1497.066           0.000       0.000              81               0
   37        -334.293     270.720           0.000       0.000              37               0
   73          32.515    2312.003           0.000       0.000              73               0
    0        4050.685     841.096           0.000       0.000              -0               0
  239        -600.633     937.312           0.000       0.000             239               0
   60        -802.237     146.468           0.000       0.000              60               0
  177       -2215.669     268.012           0.000       0.000             177               0
  167       -1379.785     727.158           0.000       0.000             167               0
  239         338.052   -1020.263           0.000       0.000             239               0
  167       -1138.796      78.194           0.000       0.000             167               0
   52       -1542.761    -611.153           0.000       0.000              52               0
   41        -761.207    -655.289           0.000       0.000              41               0
    1         -30.556    1696.833           0.000       0.000               1               0
  217        1176.655       5.047           0.000       0.000             217               0
   95          90.296    -876.730           0.000       0.000              95               0
  152        -210.290    -431.147           0.000       0.000             152               0
  249       -1031.522     758.834           0.000       0.000             249               0
  133        -783.288     541.199           0.000       0.000             133               0
  169         -97.032    -440.430           0.000       0.000             169               0
   32        2644.483    -693.200           0.000       0.000              32               0
  239        1550.482   -1773.364           0.000       0.000             239               0
  147       -1002.222    -685.528           0.000       0.000             147               0
  131          85.820    -794.782           0.000       0.000             131               0
  215       -1439.691   -3226.261           0.000       0.000             215               0
   91         695.918     -99.120           0.000       0.000              91               0
  220        -327.514     -89.095           0.000       0.000             220               0
  168         160.220   -1679.272           0.000       0.000             168               0
    9         117.218     972.944           0.000       0.000               9               0
  125        1076.209     824.181           0.000       0.000             125               0
  254        -893.635   -1524.042           0.000       0.000             254               0
   37        1801.131   -1546.149           0.000       0.000              37               0
  207       -1346.363    -520.814           0.000       0.000             207               0
   36        1951.242    1102.481           0.000       0.000              36               0
  110        -664.474       2.516           0.000       0.000             110               0
  207        1815.677   -1373.312           0.000       0.000             207               0
   20        1050.228    2446.958           0.000       0.000              20               0
  170          48.907     280.255           0.000       0.000             170               0
  128        1642.238     920.970           0.000       0.000             128               0
  187        -875.386    -675.563           0.000       0.000             187               0
  154       -1862.511    1154.016           0.000       0.000             154               0
   40        1193.489     511.547           0.000       0.000              40               0
  240       -1216.034   -1240.119           0.000       0.000             240               0
  195        -794.422     307.608           0.000       0.000             195               0
   42        -647.031    -930.503           0.000       0.000              42               0
  201        -987.593   -1119.274           0.000       0.000             201               0
   34        1828.969    1556.098           0.000       0.000              34               0
  195          82.758    1560.277           0.000       0.000             195               0
  195       -1288.499    -149.767           0.000       0.000             195               0
  168        -866.508      98.162           0.000       0.000             168               0
  108       -1064.052    -293.513           0.000       0.000             108               0
  228       -3696.643   -1763.446           0.000       0.000             228               0
  151         263.468    1162.165           0.000       0.000             151               0
  255        1800.434    -689.824           0.000       0.000             255               0
  103       -2356.233    2528.658           0.000       0.000             103               0
  111        1079.188    1494.028           0.000       0.000             111               0
   91         574.007   -1453.790           0.000       0.000              91               0
   67         309.542    1389.726           0.000       0.000              67               0
   24         911.593    -117.735           0.000       0.000              24               0
  100         734.078    1571.857           0.000       0.000             100               0
  193        -133.470    1063.225           0.000       0.000             193               0
   22        -837.874    -196.518           0.000       0.000              22               0
  138       -1305.692   -2250.662           0.000       0.000             138               0
  144        -485.301     858.689           0.000       0.000             144               0
   59        -940.184    1362.237           0.000       0.000              59               0
  248          -7.579   -1072.905           0.000       0.000             248               0
   96        1672.341     210.637           0.000       0.000              96               0
   79         526.405    1544.759           0.000       0.000              79               0
  162         454.679    1733.285           0.000       0.000             162               0
  225        -370.357     739.733           0.000       0.000             225               0
   11         306.188     208.073           0.000       0.000              11               0
   61        -471.698     -73.707           0.000       0.000              61               0
    9        -311.222   -2225.923           0.000       0.000               9               0
  251       -3109.878     473.747           0.000       0.000             251               0
    0       -1221.121     168.927           0.000       0.000              -0               0
   51       -1560.983     173.906           0.000       0.000              51               0
  197       -1983.177   -1457.770           0.000       0.000             197               0
   35         666.505     461.648           0.000       0.000              35               0
  246          46.809    -235.733           0.000       0.000             246               0
  136       -3199.458   -3303.934           0.000       0.000             136               0
  204        -206.546    1514.184           0.000       0.000             204               0
   99         348.429   -1792.534           0.000       0.000              99               0
  108        -238.206    -105.163           0.000       0.000             108               0
  100          76.242     281.736           0.000       0.000             100               0
   98       -1423.201    1409.112           0.000       0.000              98               0
  211        1206.178     333.289           0.000       0.000             211               0
  211        -568.178    -210.375           0.000       0.000             211               0
  190        1207.417     696.355           0.000       0.000             190               0
   23        -170.705   -3290.730           0.000       0.000              23               0
  235        -208.119     721.656           0.000       0.000             235               0
   35         154.162     709.823           0.000       0.000              35               0
  217       -1615.278    1707.167           0.000       0.000             217               0
    2         523.711    -705.537           0.000       0.000               2               0
  173        -406.778    -850.967           0.000       0.000             173               0
  106          77.370     647.242           0.000       0.000             106               0
   61       -1418.774    1450.748           0.000       0.000              61               0
  165        1068.944     218.278           0.000       0.000             165               0
  202       -1336.720    1782.796           0.000       0.000             202               0
  140         729.188    1000.626           0.000       0.000             140               0
   72         -16.813    1158.831           0.000       0.000              72               0
  171        -745.092    1974.925           0.000       0.000             171               0
  151       -1076.641    -881.780           0.000       0.000             151               0
  133        -683.953   -1645.789           0.000       0.000             133               0
  181       -1403.168    -189.207           0.000       0.000             181               0
  146         656.588    -449.863           0.000       0.000             146               0
  134        -150.662   -1082.222           0.000       0.000             134               0
  233        1245.364    -548.305           0.000       0.000             233               0
   88         -62.031     669.786           0.000       0.000              88               0
  169       -1108.678    -958.082           0.000       0.000             169               0
  223        1061.947   -1272.724           0.000       0.000             223               0
  224       -4210.000      -0.541           0.000       0.000             224               0
  118        1061.837    1273.236           0.000       0.000             118               0
   66       -1108.885     957.582           0.000       0.000              66               0
   77         -61.532    -669.863           0.000       0.000              77               0
  218        1245.231     548.809           0.000       0.000             218               0
  165        -151.134    1082.101           0.000       0.000             165               0
   33         656.215     449.901           0.000       0.000              33               0
  174       -1403.440     188.624           0.000       0.000             174               0
   99        -684.532    1645.285           0.000       0.000              99               0
   56       -1076.886     880.758           0.000       0.000              56               0
  154        -744.249   -1975.718           0.000       0.000             154               0
  135         -16.230   -1159.056           0.000       0.000             135               0
   18         729.499   -1000.553           0.000       0.000              18               0
  156       -1336.089   -1783.233           0.000       0.000             156               0
   52        1069.016    -217.856           0.000       0.000              52               0
  124       -1418.334   -1451.126           0.000       0.000             124               0
  218          77.684    -646.910           0.000       0.000             218               0
  217        -407.005     851.017           0.000       0.000             217               0
   71         523.410     705.560           0.000       0.000              71               0
  102       -1614.688   -1707.769           0.000       0.000             102               0
   33         154.573    -709.530           0.000       0.000              33               0
  243        -207.784    -721.257           0.000       0.000             243               0
  254        -171.646    3290.761           0.000       0.000             254               0
  167        1207.642    -696.208           0.000       0.000             167               0
  168        -568.320     210.089           0.000       0.000             168               0
  145        1206.111    -333.031           0.000       0.000             145               0
   45       -1422.919   -1409.525           0.000       0.000              45               0
  145          76.313    -281.436           0.000       0.000             145               0
  233        -238.331     105.398           0.000       0.000             233               0
  215         347.631    1792.702           0.000       0.000             215               0
  113        -206.462   -1514.062           0.000       0.000             113               0
  202       -3200.639    3302.964           0.000       0.000             202               0
   77          46.947     235.415           0.000       0.000              77               0
  180         666.462    -461.501           0.000       0.000             180               0
   23       -1983.914    1456.975           0.000       0.000              23               0
   40       -1560.915    -174.698           0.000       0.000              40               0
   90       -1221.045    -169.481           0.000       0.000              90               0
   56       -3109.385    -474.739           0.000       0.000              56               0
  214        -311.404    2225.664           0.000       0.000             214               0
  190        -471.275      73.081           0.000       0.000             190               0
  113         306.616    -208.395           0.000       0.000             113               0
  112        -369.783    -740.260           0.000       0.000             112               0
   69         455.596   -1733.347           0.000       0.000              69               0
  131         527.183   -1544.485           0.000       0.000             131               0
   13        1672.408    -209.860           0.000       0.000              13               0
  121          -8.174    1072.836           0.000       0.000             121               0
    0        -939.828   -1362.659           0.000       0.000              -0               0
  231        -485.017    -858.591           0.000       0.000             231               0
   82       -1306.335    2250.240           0.000       0.000              82               0
   71        -837.626     195.828           0.000       0.000              71               0
   78        -132.726   -1063.592           0.000       0.000              78               0
  116         734.903   -1571.640           0.000       0.000             116               0
   58         911.657     118.050           0.000       0.000              58               0
   76         310.024   -1389.541           0.000       0.000              76               0
   28         573.504    1453.909           0.000       0.000              28               0
  227        1079.404   -1493.950           0.000       0.000             227               0
  222       -2355.439   -2529.227           0.000       0.000             222               0
   73        1800.212     690.737           0.000       0.000              73               0
  117         263.317   -1161.785           0.000       0.000             117               0
  200       -3697.422    1762.421           0.000       0.000             200               0
   32       -1063.865     293.049           0.000       0.000              32               0
  231        -866.230     -98.546           0.000       0.000             231               0
  146       -1288.169     149.167           0.000       0.000             146               0
  110          83.762   -1560.322           0.000       0.000             110               0
  155        1829.583   -1555.144           0.000       0.000             155               0
  169        -988.063    1119.298           0.000       0.000             169               0
  150        -647.251     930.306           0.000       0.000             150               0
  245        -794.166    -307.857           0.000       0.000             245               0
  226       -1216.093    1239.628           0.000       0.000             226               0
  108        1193.866    -511.376           0.000       0.000             108               0
  180       -1861.944   -1154.613           0.000       0.000             180               0
   84        -875.004     675.275           0.000       0.000              84               0
  221        1643.012    -920.493           0.000       0.000             221               0
  249          49.294    -280.268           0.000       0.000             249               0
  216        1051.374   -2446.315           0.000       0.000             216               0
  234        1815.244    1374.294           0.000       0.000             234               0
  114        -664.418      -2.679           0.000       0.000             114               0
  216        1951.600   -1101.558           0.000       0.000             216               0
  209       -1346.521     520.802           0.000       0.000             209               0
  197        1800.664    1546.983           0.000       0.000             197               0
   32        -894.165    1523.617           0.000       0.000              32               0
   31        1076.543    -823.947           0.000       0.000              31               0
   58         117.461    -972.620           0.000       0.000              58               0
   91         159.588    1679.573           0.000       0.000              91               0
  108        -327.553      89.076           0.000       0.000             108               0
   86         695.785      99.701           0.000       0.000              86               0
   62       -1440.789    3225.873           0.000       0.000              62               0
   75          85.707     794.566           0.000       0.000              75               0
  160       -1002.145     685.075           0.000       0.000             160               0
  180        1550.246    1773.645           0.000       0.000             180               0
   19        2644.070     693.674           0.000       0.000              19               0
  192         -97.636     439.960           0.000       0.000             192               0
  155        -783.374    -541.828           0.000       0.000             155               0
  165       -1031.305    -759.310           0.000       0.000             165               0
   46        -210.347     431.019           0.000       0.000              46               0
   54          90.087     876.508           0.000       0.000              54               0
   79        1176.537      -5.056           0.000       0.000              79               0
  196         -30.323   -1696.969           0.000       0.000             196               0
   44        -761.733     655.067           0.000       0.000              44               0
   50       -1543.089     610.451           0.000       0.000              50               0
   49       -1138.667     -78.779           0.000       0.000              49               0
  224         337.692    1020.043           0.000       0.000             224               0
  134       -1379.666    -728.020           0.000       0.000             134               0
   14       -2215.368    -269.041           0.000       0.000              14               0
  218        -801.718    -147.094           0.000       0.000             218               0
   94        -599.660    -937.873           0.000       0.000              94               0
  249        4051.119    -840.072           0.000       0.000             249               0
   76          32.849   -2312.092           0.000       0.000              76               0
   55        -334.596    -270.813           0.000       0.000              55               0
  202       -2454.663   -1497.846           0.000       0.000             202               0
   18       -1213.197     137.000           0.000       0.000              18               0
   87        -609.763    -601.238           0.000       0.000              87               0
  234         -68.499    -132.777           0.000       0.000             234               0
   77        -733.189    -551.047           0.000       0.000              77               0
  178        -902.995   -1004.508           0.000       0.000             178               0
   87        -563.219   -1034.003           0.000       0.000              87               0
  163         143.863   -1545.092           0.000       0.000             163               0
  241        -634.242    -774.116           0.000       0.000             241               0
  162       -1900.560   -1967.333           0.000       0.000             162               0
   67        -847.465     521.161           0.000       0.000              67               0
  165        1577.669     797.682           0.000       0.000             165               0
  181        2393.052    1570.595           0.000       0.000             181               0
    4        -677.281     370.063           0.000       0.000               4               0
   64        -210.501   -2078.558           0.000       0.000              64               0
   91        1169.304    -291.250           0.000       0.000              91               0
   51        -129.907    -738.932           0.000       0.000              51               0
  119       -1099.955   -1614.954           0.000       0.000             119               0
  171          81.622     261.532           0.000       0.000             171               0
  247        1701.039     -60.393           0.000       0.000             247               0
  163       -1507.393     997.540           0.000       0.000             163               0
  221        -365.860    -585.876           0.000       0.000             221               0
   41         551.833     739.075           0.000       0.000              41               0
  132         906.530    -545.580           0.000       0.000             132               0
  100        -573.761    -401.324           0.000       0.000             100               0
   55        3843.656     585.864           0.000       0.000              55               0
   94       -1280.017    -430.443           0.000       0.000              94               0
  195        -781.556    1142.747           0.000       0.000             195               0
   48         122.558     -91.102           0.000       0.000              48               0
  171        -944.823    -692.369           0.000       0.000             171               0
  250       -1096.503    1280.004           0.000       0.000             250               0
  251         823.085   -1967.162           0.000       0.000             251               0
  190        1008.486    -585.357           0.000       0.000             190               0
   81        -416.096   -1639.732           0.000       0.000              81               0
  230        -290.999    -822.448           0.000       0.000             230               0
   11         966.477    1710.474           0.000       0.000              11               0
    4         409.216     146.182           0.000       0.000               4               0
   61        2883.595   -1986.217           0.000       0.000              61               0
  174         147.141    -656.903           0.000       0.000             174               0
  245        -958.906    -820.139           0.000       0.000             245               0
  224        -608.258    -822.520           0.000       0.000             224               0
  242         659.559     533.199           0.000       0.000             242               0
  155        -628.654    1040.811           0.000       0.000             155               0
  150       -1857.441     110.369           0.000       0.000             150               0
  246       -1057.943    1004.035           0.000       0.000             246               0
  219       -1790.759    -597.614           0.000       0.000             219               0
  242        -907.857   -2178.980           0.000       0.000             242               0
   41         438.283    -462.859           0.000       0.000              41               0
   82        -315.779     -99.247           0.000       0.000              82               0
  157        1496.334     430.937           0.000       0.000             157               0
   33         351.416   -1436.632           0.000       0.000              33               0
  246         625.827     341.050           0.000       0.000             246               0
  123          65.701     805.160           0.000       0.000             123               0
   75       -1173.628    2567.457           0.000       0.000              75               0
  123        -614.539    1147.419           0.000       0.000             123               0
  223        1722.784    -552.638           0.000       0.000             223               0
  130        -944.772    1111.957           0.000       0.000             130               0
  217        1509.956   -1401.045           0.000       0.000             217               0
  163         996.859    1334.014           0.000       0.000             163               0
  179        -418.077   -1688.108           0.000       0.000             179               0
  133         626.828     185.431           0.000       0.000             133               0
  157        1111.775   -1483.958           0.000       0.000             157               0
  175          80.239     948.943           0.000       0.000             175               0
   67          13.343     980.800           0.000       0.000              67               0
  239       -1380.576    3499.924           0.000       0.000             239               0
  149          43.681     -72.804           0.000       0.000             149               0
   78         577.684     -75.375           0.000       0.000              78               0
  244          68.885    1283.261           0.000       0.000             244               0
  211         715.498     484.496           0.000       0.000             211               0
  253       -1629.607     453.990           0.000       0.000             253               0
  233       -1528.865    -114.596           0.000       0.000             233               0
  180        -624.707     825.717           0.000       0.000             180               0
  239         904.674    -105.890           0.000       0.000             239               0
  132        -722.634    -501.820           0.000       0.000             132               0
   75        -517.259   -1353.330           0.000       0.000              75               0
  230         910.452   -1241.231           0.000       0.000             230               0
   96        1518.641      46.269           0.000       0.000              96               0
   61        1660.316     870.336           0.000       0.000              61               0
   16        -458.183    -730.692           0.000       0.000              16               0
  179        -143.689    1315.342           0.000       0.000             179               0
  219        -441.427    2423.711           0.000       0.000             219               0
   50        1753.162     545.647           0.000       0.000              50               0
  169        -649.041     770.716           0.000       0.000             169               0
   86        1531.075    -521.492           0.000       0.000              86               0
  125         280.264    -317.077           0.000       0.000             125               0
   37         227.600   -1336.557           0.000       0.000              37               0
   54         257.137    1830.468           0.000       0.000              54               0
    0         490.489     935.992           0.000       0.000               0               0
  255         787.080     106.456           0.000       0.000             255               0
  217       -1693.632     651.202           0.000       0.000             217               0
  180        2117.971    -817.544           0.000       0.000             180               0
  132         -54.789    -156.659           0.000       0.000             132               0
  119        -565.587   -1711.293           0.000       0.000             119               0
   99          87.690   -1808.680           0.000       0.000              99               0
  199        -249.278    -256.828           0.000       0.000             199               0
  102         624.446     404.006           0.000       0.000             102               0
  249        -302.931    2226.113           0.000       0.000             249               0
   22       -1155.274   -1647.997           0.000       0.000              22               0
   91       -1155.433   -1151.840           0.000       0.000              91               0
  205         -41.831    1132.189           0.000       0.000             205               0
   19         371.600    2685.918           0.000       0.000              19               0
   68        -322.425    -482.068           0.000       0.000              68               0
  130        -573.258     718.676           0.000       0.000             130               0
    3        1693.901    2094.681           0.000       0.000               3               0
  201         236.721    1789.237           0.000       0.000             201               0
  205       -1978.248    1783.996           0.000       0.000             205               0
  234         753.476   -2405.528           0.000       0.000             234               0
   42        2233.259   -1113.568           0.000       0.000              42               0
   10         -92.343     895.191           0.000       0.000              10               0
  250       -1849.939    1335.873           0.000       0.000             250               0
  221         255.779    1594.743           0.000       0.000             221               0
  229         233.460    -656.563           0.000       0.000             229               0
   45       -2597.387     184.523           0.000       0.000              45               0
  135        1387.823    1854.140           0.000       0.000             135               0
   60         720.822     934.838           0.000       0.000              60               0
  170       -1805.032    -967.849           0.000       0.000             170               0
  172        -812.211    -865.357           0.000       0.000             172               0
  114        -654.266     564.290           0.000       0.000             114               0
  171        1532.082   -1985.988           0.000       0.000             171               0
  172        -253.317   -1626.116           0.000       0.000             172               0
   76       -1847.635     263.392           0.000       0.000              76               0
   95        -753.843    -277.945           0.000       0.000              95               0
   48        -382.473    1830.748           0.000       0.000              48               0
  195        -629.066    1709.702           0.000       0.000             195               0
  195       -1878.088    1357.150           0.000       0.000             195               0
  248         931.790      77.502           0.000       0.000             248               0
   42        -851.900    -955.150           0.000       0.000              42               0
  189        -570.943   -1013.403           0.000       0.000             189               0
   14          -4.243    3133.886           0.000       0.000              14               0
  133        1997.285    1665.688           0.000       0.000             133               0
  139         244.809    1145.565           0.000       0.000             139               0
   34        1293.085     133.611           0.000       0.000              34               0
  202        -906.913    -586.927           0.000       0.000             202               0
   13        1332.815    -668.739           0.000       0.000              13               0
   38        1539.654    2178.998           0.000       0.000              38               0
  148       -1051.160    -911.442           0.000       0.000             148               0
  218        1533.420    1123.857           0.000       0.000             218               0
   16       -1136.851    1921.927           0.000       0.000              16               0
  190         102.750    -432.767           0.000       0.000             190               0
  229         437.419    -532.229           0.000       0.000             229               0
   10       -2787.708     251.735           0.000       0.000              10               0
  156        1595.417     437.672           0.000       0.000             156               0
  202        1586.698    1339.288           0.000       0.000             202               0
   55         502.786    1252.922           0.000       0.000              55               0
   36       -1100.704      -9.173           0.000       0.000              36               0
    7        -566.951    -907.809           0.000       0.000               7               0
  226         583.216    -585.332           0.000       0.000             226               0
