SINAL     NFT                         FFT                         NFT INVERSA     FFT INVERSA
-----     -----------------------     -----------------------     -----------     -----------
  253       64960.000       0.000           0.000       0.000             253               0
   54         798.527     458.910           0.000       0.000              54               0
  212         339.295    -318.061           0.000       0.000             212               0
   19         154.108    2220.833           0.000       0.000              19               0
  140        2173.605   -1657.506           0.000       0.000             140               0
  150        -423.152     906.433           0.000       0.000             150               0
  181       -1712.928     423.340           0.000       0.000             181               0
   83        2169.547    -535.276           0.000       0.000              83               0
   37         670.817   -3045.351           0.000       0.000              37               0
  199        1064.367   -1378.771           0.000       0.000             199               0
  203         745.958     478.295           0.000       0.000             203               0
   24        -487.307    2239.135           0.000       0.000              24               0
  156         566.173      43.705           0.000       0.000             156               0
  242        -141.937    -286.967           0.000       0.000             242               0
  182         311.878     822.862           0.000       0.000             182               0
  230        1765.752    2724.025           0.000       0.000             230               0
  239        -195.064    -963.580           0.000       0.000             239               0
   20         296.906    -236.057           0.000       0.000              20               0
   71       -1890.236     904.756           0.000       0.000              71               0
   19       -1323.999     -36.907           0.000       0.000              19               0
   99         556.447    -522.428           0.000       0.000              99               0
  225         979.137    -368.548           0.000       0.000             225               0
  191       -1064.053     448.083           0.000       0.000             191               0
   61       -1013.335     135.765           0.000       0.000              61               0
   65        -387.629    1663.496           0.000       0.000              65               0
  246        1200.126    -142.189           0.000       0.000             246               0
   39        -459.442   -1517.287           0.000       0.000              39               0
  190        -924.106     -33.747           0.000       0.000             190               0
  225        1745.114    1464.917           0.000       0.000             225               0
   79         479.937    1032.960           0.000       0.000              79               0
   50          65.152     -11.141           0.000       0.000              50               0
  223        -952.406     709.927           0.000       0.000             223               0
  133       -1306.296    1131.641           0.000       0.000             133               0
    6        -425.431   -1492.974           0.000       0.000               6               0
  242         479.326    2701.683           0.000       0.000             242               0
   18         940.494   -1137.817           0.000       0.000              18               0
  157         428.643    -401.051           0.000       0.000             157               0
  168        1259.166     323.490           0.000       0.000             168               0
  101        1342.493     845.278           0.000       0.000             101               0
  194        1363.572     757.052           0.000       0.000             194               0
  111        -322.200   -1192.441           0.000       0.000             111               0
   49       -1970.567      34.960           0.000       0.000              49               0
  218        -162.682     413.782           0.000       0.000             218               0
   11        1896.349    -211.323           0.000       0.000              11               0
   36        1032.925    -248.156           0.000       0.000              36               0
  144        2154.890   -1412.697           0.000       0.000             144               0
  242        -241.575    1081.459           0.000       0.000             242               0
   20        -588.525   -2041.522           0.000       0.000              20               0
  165       -1081.229     129.883           0.000       0.000             165               0
   58       -1073.991     349.027           0.000       0.000              58               0
   40        -932.136    1288.885           0.000       0.000              40               0
    9        3299.531   -1640.401           0.000       0.000               9               0
   27       -1457.719     459.106           0.000       0.000              27               0
  231       -2014.068    -171.727           0.000       0.000             231               0
   71       -1211.784    -453.075           0.000       0.000              71               0
   93         882.108    -415.251           0.000       0.000              93               0
  221         585.250     158.460           0.000       0.000             221               0
  110        1604.274     259.644           0.000       0.000             110               0
   28        -248.081   -1209.815           0.000       0.000              28               0
  191        -754.464   -1008.275           0.000       0.000             191               0
  190          62.108    1979.072           0.000       0.000             190               0
   78       -1042.223    1436.322           0.000       0.000              78               0
  158       -2038.507     183.902           0.000       0.000             158               0
   68        1851.044     235.954           0.000       0.000              68               0
   85        -609.367     785.490           0.000       0.000              85               0
  144         377.175     808.030           0.000       0.000             144               0
   86        2101.345     295.292           0.000       0.000              86               0
  242         157.955     863.031           0.000       0.000             242               0
   57         154.699     712.256           0.000       0.000              57               0
  188        -935.577     348.892           0.000       0.000             188               0
  180        2557.357   -1036.052           0.000       0.000             180               0
  168       -2384.461    -664.867           0.000       0.000             168               0
  238        2553.222     117.205           0.000       0.000             238               0
  143        -227.276    -280.799           0.000       0.000             143               0
  180        -687.148     446.540           0.000       0.000             180               0
   19        1708.269     793.519           0.000       0.000              19               0
   32        1271.177    -715.034           0.000       0.000              32               0
  167       -1311.866   -1727.429           0.000       0.000             167               0
   39        2805.072    -536.398           0.000       0.000              39               0
  198         418.743   -3134.076           0.000       0.000             198               0
  225        1611.612    1454.646           0.000       0.000             225               0
   79         903.970   -1994.556           0.000       0.000              79               0
  207        -427.972    2171.783           0.000       0.000             207               0
  253        -174.309     470.699           0.000       0.000             253               0
   55       -1350.181    1053.784           0.000       0.000              55               0
   22         422.506    1258.113           0.000       0.000              22               0
   90          53.346    -663.787           0.000       0.000              90               0
   21         244.561     195.933           0.000       0.000              21               0
  133        -368.657     891.359           0.000       0.000             133               0
  119        -521.811    1737.735           0.000       0.000             119               0
  212       -2339.073      39.107           0.000       0.000             212               0
   67        1203.641     931.308           0.000       0.000              67               0
  198        1338.699     750.310           0.000       0.000             198               0
  114         105.298     824.370           0.000       0.000             114               0
  135         -90.508    2425.919           0.000       0.000             135               0
   27         525.292     461.464           0.000       0.000              27               0
    3        -911.709    -755.971           0.000       0.000               3               0
  222         784.963    1166.441           0.000       0.000             222               0
   13         199.802    1054.707           0.000       0.000              13               0
   60        1903.557   -1522.403           0.000       0.000              60               0
  155        1393.076    1567.003           0.000       0.000             155               0
  194        -525.167     980.284           0.000       0.000             194               0
  228        -865.409     395.536           0.000       0.000             228               0
  137       -2174.921    -714.496           0.000       0.000             137               0
   81        -782.692   -2183.087           0.000       0.000              81               0
  153        1093.009    -260.388           0.000       0.000             153               0
  156        -345.372    -542.860           0.000       0.000             156               0
  114         217.626    -691.020           0.000       0.000             114               0
   64       -1579.721   -1007.968           0.000       0.000              64               0
  196         221.022    -816.550           0.000       0.000             196               0
   56        1159.367    -303.466           0.000       0.000              56               0
   34         257.152     -99.355           0.000       0.000              34               0
   19        1964.437   -2120.259           0.000       0.000              19               0
    8        -266.714   -2277.032           0.000       0.000               8               0
   31        2167.936    1509.682           0.000       0.000              31               0
   74        1285.589    -328.090           0.000       0.000              74               0
   31         176.102     298.426           0.000       0.000              31               0
  122         968.500    1199.802           0.000       0.000             122               0
   95        2421.653    -915.387           0.000       0.000              95               0
  164       -1776.730     -55.648           0.000       0.000             164               0
  241        -611.848    1306.801           0.000       0.000             241               0
   52        2676.313     446.940           0.000       0.000              52               0
  232        -162.749    -748.601           0.000       0.000             232               0
  184        -354.137    -224.314           0.000       0.000             184               0
  166         -13.788    1513.109           0.000       0.000             166               0
  112         530.724    -482.926           0.000       0.000             112               0
  211          61.029      46.455           0.000       0.000             211               0
  169        -396.823    -543.599           0.000       0.000             169               0
   78        -508.909   -1375.060           0.000       0.000              78               0
  225         288.670   -2053.382           0.000       0.000             225               0
  229        1630.479    1617.189           0.000       0.000             229               0
  233        -820.123     549.443           0.000       0.000             233               0
  163          81.242    -237.631           0.000       0.000             163               0
  202       -1354.814     552.954           0.000       0.000             202               0
  115         769.935    -439.804           0.000       0.000             115               0
  245       -1107.455    1623.090           0.000       0.000             245               0
   99        -463.878    -876.470           0.000       0.000              99               0
   16        1768.586    1089.715           0.000       0.000              16               0
  103       -1298.391   -2548.622           0.000       0.000             103               0
  163          22.128     695.403           0.000       0.000             163               0
  212        -865.213    1553.294           0.000       0.000             212               0
  159       -1733.371    2451.360           0.000       0.000             159               0
  197        -890.553    1759.836           0.000       0.000             197               0
  232       -2415.549     636.942           0.000       0.000             232               0
  168         182.380     854.962           0.000       0.000             168               0
  229        -511.526    1001.254           0.000       0.000             229               0
   50        2053.143    1776.639           0.000       0.000              50               0
  199        -604.144     721.153           0.000       0.000             199               0
   95        -187.463    -982.150           0.000       0.000              95               0
  146          10.031   -1603.494           0.000       0.000             146               0
  107       -1580.019    -514.679           0.000       0.000             107               0
   81        -571.036   -1342.536           0.000       0.000              81               0
  198       -1952.129     577.172           0.000       0.000             198               0
   84       -1202.015      57.214           0.000       0.000              84               0
    9        2670.216     956.401           0.000       0.000               9               0
  109          83.091    -463.616           0.000       0.000             109               0
  196         640.851   -1393.412           0.000       0.000             196               0
  221        1032.766    1920.437           0.000       0.000             221               0
   22       -1162.101    1448.206           0.000       0.000              22               0
   19         881.529    1901.714           0.000       0.000              19               0
  190        -950.428     392.281           0.000       0.000             190               0
  252         456.806     507.301           0.000       0.000             252               0
  253        1545.118    2870.959           0.000       0.000             253               0
   98       -1325.926     295.419           0.000       0.000              98               0
  198         739.215     897.543           0.000       0.000             198               0
  113         882.195     103.188           0.000       0.000             113               0
   87         988.110    2328.521           0.000       0.000              87               0
   41         455.948   -1698.949           0.000       0.000              41               0
  129         753.732    -504.562           0.000       0.000             129               0
  190        -154.164    -231.230           0.000       0.000             190               0
  205        -271.085   -1391.051           0.000       0.000             205               0
   86       -1308.163   -1402.374           0.000       0.000              86               0
   94        1012.847    -905.167           0.000       0.000              94               0
  147        -999.878      24.324           0.000       0.000             147               0
   62        -600.508    -411.067           0.000       0.000              62               0
    6        -171.762   -3058.366           0.000       0.000               6               0
  121       -2837.176   -1105.770           0.000       0.000             121               0
  112       -1220.964      70.695           0.000       0.000             112               0
  206        -777.432    1125.647           0.000       0.000             206               0
  217        1503.909     -39.550           0.000       0.000             217               0
    3        1670.420    1695.385           0.000       0.000               3               0
   57        1201.635    -333.989           0.000       0.000              57               0
   42        1255.105    1294.300           0.000       0.000              42               0
  202         303.693    1153.674           0.000       0.000             202               0
  142         649.242     457.410           0.000       0.000             142               0
   52        -341.023     230.956           0.000       0.000              52               0
   55       -1898.679    -580.973           0.000       0.000              55               0
   83       -1129.321   -1361.006           0.000       0.000              83               0
   17       -1086.619    1037.705           0.000       0.000              17               0
   78       -1029.281    -107.627           0.000       0.000              78               0
  102        -455.366    1831.906           0.000       0.000             102               0
  208         534.279    -203.700           0.000       0.000             208               0
   74         870.945    3277.567           0.000       0.000              74               0
   99         852.916    -189.997           0.000       0.000              99               0
   50       -1947.174    1327.533           0.000       0.000              50               0
   17         133.805    -263.347           0.000       0.000              17               0
  212       -1289.277     594.256           0.000       0.000             212               0
  138        -595.629     222.834           0.000       0.000             138               0
   59         645.755    1138.440           0.000       0.000              59               0
   86        -987.043    -307.800           0.000       0.000              86               0
   72          66.216     283.299           0.000       0.000              72               0
    9         838.004   -1208.399           0.000       0.000               9               0
  172        -961.238     280.085           0.000       0.000             172               0
  167       -3164.694   -2195.256           0.000       0.000             167               0
  156         483.078     849.732           0.000       0.000             156               0
  234         191.268     992.484           0.000       0.000             234               0
  174        1324.749    -575.515           0.000       0.000             174               0
   21        -105.023    -550.434           0.000       0.000              21               0
   91       -1617.277   -1177.736           0.000       0.000              91               0
  124        1680.837    -568.657           0.000       0.000             124               0
  239         123.567    -680.928           0.000       0.000             239               0
   95         523.226    1280.005           0.000       0.000              95               0
  182        1512.891    -996.945           0.000       0.000             182               0
   25         265.529    -420.215           0.000       0.000              25               0
   41        -869.746    -809.365           0.000       0.000              41               0
   68        1947.513   -1371.335           0.000       0.000              68               0
   78         972.001    -900.931           0.000       0.000              78               0
   97        -409.337    -181.914           0.000       0.000              97               0
  151        -540.324    2173.147           0.000       0.000             151               0
   96        -890.445     223.159           0.000       0.000              96               0
  175        1148.098    1948.941           0.000       0.000             175               0
  254          16.637    2267.231           0.000       0.000             254               0
   49         559.006    1213.198           0.000       0.000              49               0
  250        1586.795   -2454.825           0.000       0.000             250               0
   98          32.657   -1147.965           0.000       0.000              98               0
   99        1629.028     475.876           0.000       0.000              99               0
   11         427.905     264.501           0.000       0.000              11               0
   55        3651.781    1370.673           0.000       0.000              55               0
  237        -645.866    -732.015           0.000       0.000             237               0
   71        1329.083    2552.551           0.000       0.000              71               0
  141       -1932.875     550.691           0.000       0.000             141               0
   54        -735.192    -120.820           0.000       0.000              54               0
   80         173.494   -2047.968           0.000       0.000              80               0
   58        -169.271     774.954           0.000       0.000              58               0
  222         -33.294   -1403.743           0.000       0.000             222               0
  236         538.792    -608.011           0.000       0.000             236               0
   37       -1236.770   -1037.353           0.000       0.000              37               0
  140         871.818    -719.161           0.000       0.000             140               0
    2        -250.744    1702.474           0.000       0.000               2               0
  128         820.334   -2022.417           0.000       0.000             128               0
    9        1596.539    1624.865           0.000       0.000               9               0
  242        -429.029    -152.849           0.000       0.000             242               0
  224        -396.445     399.392           0.000       0.000             224               0
  191        2621.157     800.613           0.000       0.000             191               0
   11        3273.697    1282.920           0.000       0.000              11               0
    9        -752.604    -684.999           0.000       0.000               9               0
    4        1819.044     696.577           0.000       0.000               4               0
   90         182.664    -400.740           0.000       0.000              90               0
  107        -238.849     893.245           0.000       0.000             107               0
  156        -583.508     778.652           0.000       0.000             156               0
  187        -793.095    -217.300           0.000       0.000             187               0
   26        1311.755     159.443           0.000       0.000              26               0
  154       -1765.641     684.983           0.000       0.000             154               0
  236         -18.153    -923.726           0.000       0.000             236               0
   21        1665.502   -1222.576           0.000       0.000              21               0
  252        2586.412     539.151           0.000       0.000             252               0
   80        -258.000      -0.119           0.000       0.000              80               0
   32        2586.592    -538.302           0.000       0.000              32               0
   51        1664.668    1223.073           0.000       0.000              51               0
   61         -18.967     923.355           0.000       0.000              61               0
  104       -1765.510    -685.927           0.000       0.000             104               0
  193        1311.786    -159.213           0.000       0.000             193               0
  116        -793.313     216.747           0.000       0.000             116               0
  184        -583.158    -779.133           0.000       0.000             184               0
  251        -238.323    -893.417           0.000       0.000             251               0
   83         182.864     400.683           0.000       0.000              83               0
  165        1819.425    -696.109           0.000       0.000             165               0
   32        -752.569     684.522           0.000       0.000              32               0
  224        3274.364   -1282.076           0.000       0.000             224               0
  168        2621.022    -799.768           0.000       0.000             168               0
  161        -396.757    -399.498           0.000       0.000             161               0
  233        -429.133     152.639           0.000       0.000             233               0
  154        1597.010   -1624.194           0.000       0.000             154               0
  129         819.339    2022.710           0.000       0.000             129               0
  169        -250.418   -1702.602           0.000       0.000             169               0
  166         871.299     719.662           0.000       0.000             166               0
  139       -1237.298    1036.941           0.000       0.000             139               0
  174         538.548     608.101           0.000       0.000             174               0
    0         -33.900    1403.465           0.000       0.000              -0               0
  247        -169.100    -775.205           0.000       0.000             247               0
   74         172.688    2047.760           0.000       0.000              74               0
  187        -735.348     119.993           0.000       0.000             187               0
   17       -1932.403    -551.897           0.000       0.000              17               0
  229        1330.308   -2552.275           0.000       0.000             229               0
  168        -645.697     731.740           0.000       0.000             168               0
   39        3652.434   -1369.586           0.000       0.000              39               0
  225         427.834    -264.324           0.000       0.000             225               0
  248        1629.032    -475.222           0.000       0.000             248               0
   72          32.125    1148.048           0.000       0.000              72               0
   21        1585.817    2454.875           0.000       0.000              21               0
   54         559.096   -1213.743           0.000       0.000              54               0
  176          17.180   -2267.564           0.000       0.000             176               0
  214        1148.442   -1948.500           0.000       0.000             214               0
  170        -890.683    -223.380           0.000       0.000             170               0
  104        -539.657   -2173.091           0.000       0.000             104               0
  210        -409.279     182.246           0.000       0.000             210               0
  253         971.837     901.559           0.000       0.000             253               0
   13        1946.834    1372.058           0.000       0.000              13               0
  243        -870.257     808.969           0.000       0.000             243               0
  221         265.427     420.182           0.000       0.000             221               0
  181        1512.441     997.196           0.000       0.000             181               0
  148         523.367   -1279.953           0.000       0.000             148               0
  199         123.137     681.036           0.000       0.000             199               0
   79        1680.234     569.183           0.000       0.000              79               0
   22       -1618.046    1177.031           0.000       0.000              22               0
  113        -105.230     550.105           0.000       0.000             113               0
  245        1324.347     575.570           0.000       0.000             245               0
  162         191.182    -992.715           0.000       0.000             162               0
   31         482.760    -849.500           0.000       0.000              31               0
  246       -3165.752    2194.091           0.000       0.000             246               0
  153        -960.950    -280.717           0.000       0.000             153               0
  105         837.642    1208.342           0.000       0.000             105               0
  178          66.106    -283.712           0.000       0.000             178               0
  171        -987.235     307.026           0.000       0.000             171               0
   78         646.023   -1138.603           0.000       0.000              78               0
   90        -595.806    -223.293           0.000       0.000              90               0
  210       -1289.131    -594.938           0.000       0.000             210               0
   48         133.671     263.050           0.000       0.000              48               0
   82       -1946.607   -1328.509           0.000       0.000              82               0
   27         853.110     189.891           0.000       0.000              27               0
   69         872.000   -3277.435           0.000       0.000              69               0
  136         533.962     203.932           0.000       0.000             136               0
  203        -455.061   -1832.019           0.000       0.000             203               0
   28       -1029.517     107.417           0.000       0.000              28               0
   51       -1086.345   -1037.892           0.000       0.000              51               0
   51       -1129.762    1360.737           0.000       0.000              51               0
  238       -1898.604     580.119           0.000       0.000             238               0
   49        -340.467    -231.348           0.000       0.000              49               0
   64         649.759    -457.451           0.000       0.000              64               0
  225         304.369   -1153.739           0.000       0.000             225               0
   15        1255.752   -1293.821           0.000       0.000              15               0
  246        1201.573     334.393           0.000       0.000             246               0
  118        1670.832   -1694.774           0.000       0.000             118               0
  214        1503.392      40.230           0.000       0.000             214               0
   69        -777.640   -1125.671           0.000       0.000              69               0
  141       -1221.351     -70.656           0.000       0.000             141               0
   71       -2837.541    1105.254           0.000       0.000              71               0
   59        -172.556    3058.298           0.000       0.000              59               0
   48        -600.539     410.553           0.000       0.000              48               0
  103        -999.620     -24.764           0.000       0.000             103               0
   49        1012.667     905.478           0.000       0.000              49               0
  202       -1308.559    1401.767           0.000       0.000             202               0
  208        -271.269    1390.570           0.000       0.000             208               0
  227        -153.921     230.737           0.000       0.000             227               0
  118         753.831     504.436           0.000       0.000             118               0
   31         455.564    1698.393           0.000       0.000              31               0
   62         989.002   -2328.824           0.000       0.000              62               0
   72         882.200    -103.242           0.000       0.000              72               0
   79         739.332    -897.701           0.000       0.000              79               0
  144       -1325.795    -296.345           0.000       0.000             144               0
  100        1546.165   -2870.703           0.000       0.000             100               0
  149         456.766    -507.156           0.000       0.000             149               0
   25        -950.343    -392.814           0.000       0.000              25               0
   47         882.138   -1901.574           0.000       0.000              47               0
  178       -1161.576   -1448.530           0.000       0.000             178               0
   76        1033.546   -1919.724           0.000       0.000              76               0
   98         640.320    1393.930           0.000       0.000              98               0
  160          82.931     463.542           0.000       0.000             160               0
  126        2670.171    -955.548           0.000       0.000             126               0
  163       -1202.625     -57.540           0.000       0.000             163               0
  130       -1952.137    -577.652           0.000       0.000             130               0
  141        -571.515    1342.454           0.000       0.000             141               0
  154       -1580.095     514.089           0.000       0.000             154               0
  249           9.685    1603.266           0.000       0.000             249               0
  100        -187.701     981.522           0.000       0.000             100               0
  224        -603.685    -721.990           0.000       0.000             224               0
  135        2053.713   -1776.330           0.000       0.000             135               0
  172        -511.480   -1001.603           0.000       0.000             172               0
   27         182.337    -855.065           0.000       0.000              27               0
  184       -2415.516    -637.984           0.000       0.000             184               0
   19        -889.891   -1760.344           0.000       0.000              19               0
   77       -1732.372   -2451.845           0.000       0.000              77               0
  130        -864.337   -1553.187           0.000       0.000             130               0
  228          22.633    -694.822           0.000       0.000             228               0
   49       -1298.853    2548.355           0.000       0.000              49               0
  248        1769.209   -1089.195           0.000       0.000             248               0
    3        -464.200     876.267           0.000       0.000               3               0
  111       -1106.697   -1623.458           0.000       0.000             111               0
   65         769.955     440.189           0.000       0.000              65               0
   83       -1354.459    -553.347           0.000       0.000              83               0
    0          81.472     237.712           0.000       0.000              -0               0
  165        -819.533    -549.705           0.000       0.000             165               0
  233        1631.327   -1616.269           0.000       0.000             233               0
   26         288.002    2053.850           0.000       0.000              26               0
  212        -509.272    1374.819           0.000       0.000             212               0
  155        -396.760     543.256           0.000       0.000             155               0
  103          61.346     -46.609           0.000       0.000             103               0
   55         530.785     482.865           0.000       0.000              55               0
   60         -13.114   -1513.206           0.000       0.000              60               0
  229        -353.940     224.300           0.000       0.000             229               0
  219        -162.526     748.438           0.000       0.000             219               0
  191        2676.625    -446.255           0.000       0.000             191               0
  114        -611.511   -1306.981           0.000       0.000             114               0
  118       -1776.291      55.232           0.000       0.000             118               0
  184        2421.830     916.140           0.000       0.000             184               0
  215         968.999   -1199.527           0.000       0.000             215               0
   86         176.399    -298.192           0.000       0.000              86               0
   64        1285.736     328.622           0.000       0.000              64               0
  131        2168.399   -1508.595           0.000       0.000             131               0
  114        -267.516    2277.352           0.000       0.000             114               0
  248        1963.687    2120.802           0.000       0.000             248               0
  150         256.938      99.227           0.000       0.000             150               0
  191        1159.051     303.807           0.000       0.000             191               0
  123         220.371     816.585           0.000       0.000             123               0
  122       -1580.188    1007.302           0.000       0.000             122               0
  241         217.451     690.885           0.000       0.000             241               0
  115        -345.509     542.531           0.000       0.000             115               0
  126        1092.812     260.635           0.000       0.000             126               0
   96        -783.697    2182.515           0.000       0.000              96               0
  181       -2175.091     713.136           0.000       0.000             181               0
  210        -864.886    -396.438           0.000       0.000             210               0
   97        -524.304    -980.915           0.000       0.000              97               0
   91        1394.071   -1566.657           0.000       0.000              91               0
  187        1903.130    1522.801           0.000       0.000             187               0
  123         200.095   -1055.091           0.000       0.000             123               0
   48         785.266   -1166.341           0.000       0.000              48               0
   86        -911.954     755.418           0.000       0.000              86               0
  226         525.568    -461.802           0.000       0.000             226               0
  104         -89.614   -2426.216           0.000       0.000             104               0
  146         105.753    -824.349           0.000       0.000             146               0
  200        1339.003    -749.919           0.000       0.000             200               0
   67        1203.614    -930.918           0.000       0.000              67               0
   81       -2339.227     -39.991           0.000       0.000              81               0
   58        -521.011   -1737.962           0.000       0.000              58               0
  185        -368.114    -891.309           0.000       0.000             185               0
   10         244.844    -195.676           0.000       0.000              10               0
   17          53.283     663.747           0.000       0.000              17               0
   16         422.976   -1258.087           0.000       0.000              16               0
   75       -1349.668   -1054.136           0.000       0.000              75               0
  149        -173.783    -470.641           0.000       0.000             149               0
  130        -426.778   -2171.498           0.000       0.000             130               0
   67         903.813    1995.235           0.000       0.000              67               0
   43        1612.381   -1453.743           0.000       0.000              43               0
   65         417.944    3134.509           0.000       0.000              65               0
  191        2804.864     537.259           0.000       0.000             191               0
  166       -1312.478    1726.828           0.000       0.000             166               0
   50        1271.171     715.055           0.000       0.000              50               0
   51        1708.424    -793.246           0.000       0.000              51               0
   37        -687.114    -446.839           0.000       0.000              37               0
  147        -227.147     280.667           0.000       0.000             147               0
  232        2553.166    -116.404           0.000       0.000             232               0
  247       -2384.663     664.000           0.000       0.000             247               0
  245        2557.123    1036.608           0.000       0.000             245               0
   67        -935.562    -349.608           0.000       0.000              67               0
  178         155.089    -712.493           0.000       0.000             178               0
  112         158.470    -863.136           0.000       0.000             112               0
  116        2101.459    -294.720           0.000       0.000             116               0
    9         377.194    -808.028           0.000       0.000               9               0
   83        -609.154    -785.714           0.000       0.000              83               0
  220        1850.881    -235.346           0.000       0.000             220               0
  155       -2038.723    -184.710           0.000       0.000             155               0
   27       -1041.586   -1436.739           0.000       0.000              27               0
   32          62.936   -1978.709           0.000       0.000              32               0
  237        -754.611    1008.440           0.000       0.000             237               0
   86        -248.112    1209.764           0.000       0.000              86               0
  218        1604.571    -259.173           0.000       0.000             218               0
  248         585.261    -158.201           0.000       0.000             248               0
  104         881.747     415.608           0.000       0.000             104               0
  234       -1212.177     452.638           0.000       0.000             234               0
   67       -2013.985     170.967           0.000       0.000              67               0
  253       -1456.940    -459.555           0.000       0.000             253               0
  108        3299.229    1641.369           0.000       0.000             108               0
  135        -931.889   -1289.392           0.000       0.000             135               0
   41       -1073.759    -349.298           0.000       0.000              41               0
  174       -1080.855    -130.046           0.000       0.000             174               0
   70        -588.710    2041.259           0.000       0.000              70               0
  208        -240.551   -1081.648           0.000       0.000             208               0
  225        2154.904    1413.388           0.000       0.000             225               0
  121        1033.046     248.272           0.000       0.000             121               0
  245        1896.241     211.728           0.000       0.000             245               0
  116        -162.763    -414.003           0.000       0.000             116               0
   98       -1970.384     -35.672           0.000       0.000              98               0
  237        -322.027    1192.088           0.000       0.000             237               0
  106        1364.311    -756.940           0.000       0.000             106               0
  166        1343.021    -844.954           0.000       0.000             166               0
  159        1259.344    -323.070           0.000       0.000             159               0
  218         428.542     401.151           0.000       0.000             218               0
   26         940.111    1137.757           0.000       0.000              26               0
  168         480.096   -2701.676           0.000       0.000             168               0
   46        -426.064    1492.785           0.000       0.000              46               0
  246       -1305.838   -1132.340           0.000       0.000             246               0
   68        -951.811    -710.298           0.000       0.000              68               0
   73          65.596      11.055           0.000       0.000              73               0
   22         480.691   -1032.925           0.000       0.000              22               0
   50        1745.715   -1464.194           0.000       0.000              50               0
  160        -924.080      33.730           0.000       0.000             160               0
  241        -459.612    1517.130           0.000       0.000             241               0
   42        1200.289     142.278           0.000       0.000              42               0
    8        -387.025   -1663.729           0.000       0.000               8               0
  219       -1013.064    -136.015           0.000       0.000             219               0
  109       -1063.394    -448.348           0.000       0.000             109               0
    6         979.496     368.958           0.000       0.000               6               0
   72         556.445     522.543           0.000       0.000              72               0
  244       -1323.792      36.282           0.000       0.000             244               0
   48       -1889.281    -905.454           0.000       0.000              48               0
  246         297.644     236.165           0.000       0.000             246               0
   58        -194.565     963.190           0.000       0.000              58               0
    0        1767.349   -2723.618           0.000       0.000               0               0
  215         312.638    -822.513           0.000       0.000             215               0
  180        -141.404     287.060           0.000       0.000             180               0
  246         566.864     -43.587           0.000       0.000             246               0
   76        -485.752   -2239.120           0.000       0.000              76               0
   22         747.082    -477.468           0.000       0.000              22               0
  227        1064.811    1379.641           0.000       0.000             227               0
  182         670.753    3045.560           0.000       0.000             182               0
  188        2170.144     535.610           0.000       0.000             188               0
  131       -1711.804    -424.188           0.000       0.000             131               0
  145        -421.134    -906.576           0.000       0.000             145               0
  215        2174.917    1658.049           0.000       0.000             215               0
   44         157.066   -2220.931           0.000       0.000              44               0
  191         342.675     318.289           0.000       0.000             191               0
  206         805.580    -458.593           0.000       0.000             206               0
