SINAL     NFT                         FFT                         NFT INVERSA     FFT INVERSA
-----     -----------------------     -----------------------     -----------     -----------
  172       66968.000       0.000           0.000       0.000             172               0
  248         -14.568     229.229           0.000       0.000             248               0
   81        1059.195     558.064           0.000       0.000              81               0
  131         289.106   -1619.309           0.000       0.000             131               0
  243         899.573   -2793.187           0.000       0.000             243               0
  145        1203.351     449.222           0.000       0.000             145               0
  175        1442.380    2346.177           0.000       0.000             175               0
   92        1928.225    -144.642           0.000       0.000              92               0
  239          67.052   -1444.394           0.000       0.000             239               0
  149       -1009.274   -2811.965           0.000       0.000             149               0
  158       -1179.441    -770.560           0.000       0.000             158               0
   92         -60.691     -55.608           0.000       0.000              92               0
  162        1611.041    1500.355           0.000       0.000             162               0
   59       -2508.273    -888.812           0.000       0.000              59               0
  224        -342.882   -1505.897           0.000       0.000             224               0
  183        1876.735     -46.819           0.000       0.000             183               0
  135         688.653    -714.987           0.000       0.000             135               0
  244        1203.390    1535.847           0.000       0.000             244               0
  159         651.399    1563.925           0.000       0.000             159               0
  116        -947.141    -335.512           0.000       0.000             116               0
  233       -1503.819    1629.430           0.000       0.000             233               0
  128        -422.605    -900.569           0.000       0.000             128               0
  247        -942.216    -674.746           0.000       0.000             247               0
   23        1254.381     -35.857           0.000       0.000              23               0
   97        1221.497   -2276.229           0.000       0.000              97               0
  249        1085.101   -1478.293           0.000       0.000             249               0
  225        -200.907   -1393.200           0.000       0.000             225               0
  162        1440.332     158.226           0.000       0.000             162               0
   18        1414.897      16.508           0.000       0.000              18               0
  193        2023.814     661.276           0.000       0.000             193               0
   50       -1042.796    1747.048           0.000       0.000              50               0
  191         901.857     385.615           0.000       0.000             191               0
  186        1093.583     415.912           0.000       0.000             186               0
  131         642.149    2914.569           0.000       0.000             131               0
   66        -972.950   -1963.075           0.000       0.000              66               0
  174         925.954   -1420.850           0.000       0.000             174               0
   21       -1352.503    1075.789           0.000       0.000              21               0
  242         493.774     857.904           0.000       0.000             242               0
   10        1095.038     513.366           0.000       0.000              10               0
    5       -2621.553    -606.749           0.000       0.000               5               0
  136        -275.646    -856.644           0.000       0.000             136               0
  169        -597.432     266.371           0.000       0.000             169               0
   97        -623.101     391.816           0.000       0.000              97               0
   42        -312.298     246.496           0.000       0.000              42               0
  228         423.935     -55.406           0.000       0.000             228               0
   65         503.161   -1692.372           0.000       0.000              65               0
  225        -261.908     888.073           0.000       0.000             225               0
  107         -58.310    -388.769           0.000       0.000             107               0
   53        -531.977     -61.122           0.000       0.000              53               0
  129        2543.583     309.533           0.000       0.000             129               0
  223         -13.998    1313.597           0.000       0.000             223               0
   31       -1252.460      62.356           0.000       0.000              31               0
    2       -1221.548     435.445           0.000       0.000               2               0
  215         631.330     424.198           0.000       0.000             215               0
   54        -982.716     668.282           0.000       0.000              54               0
  100        -233.492     320.394           0.000       0.000             100               0
  209        -310.120    1535.686           0.000       0.000             209               0
   23         685.096    -329.014           0.000       0.000              23               0
    7         562.989     472.722           0.000       0.000               7               0
  228       -1371.725    -481.830           0.000       0.000             228               0
  217        -813.767     528.915           0.000       0.000             217               0
   57         317.471      43.390           0.000       0.000              57               0
  163        1218.005   -1071.102           0.000       0.000             163               0
  147         601.059     369.712           0.000       0.000             147               0
  189        -408.201   -2242.699           0.000       0.000             189               0
  230         561.608     982.586           0.000       0.000             230               0
   65         650.913     782.700           0.000       0.000              65               0
  211        -902.060      89.971           0.000       0.000             211               0
  216         342.635     697.702           0.000       0.000             216               0
   76        -773.662    -149.831           0.000       0.000              76               0
  216        -743.800    -848.559           0.000       0.000             216               0
   96       -2318.652   -1074.333           0.000       0.000              96               0
  245         206.556     987.125           0.000       0.000             245               0
   57         596.648     162.706           0.000       0.000              57               0
  139       -1624.880   -1206.564           0.000       0.000             139               0
  217          21.705    -306.027           0.000       0.000             217               0
  123        -432.656     -88.749           0.000       0.000             123               0
  109         651.044   -2914.726           0.000       0.000             109               0
   69        -591.136     678.827           0.000       0.000              69               0
  176        1094.447   -1960.795           0.000       0.000             176               0
  239         982.403    -206.449           0.000       0.000             239               0
   37        1058.622   -1898.772           0.000       0.000              37               0
  207         634.749     244.138           0.000       0.000             207               0
  241         672.725     511.160           0.000       0.000             241               0
  253        -141.049    -891.226           0.000       0.000             253               0
    6         413.539     191.519           0.000       0.000               6               0
   86         793.865   -1363.532           0.000       0.000              86               0
  206        -442.380    -861.738           0.000       0.000             206               0
   30         995.543    -898.897           0.000       0.000              30               0
   93        -190.624    1019.888           0.000       0.000              93               0
  179         480.443     988.812           0.000       0.000             179               0
  247       -1077.643    1412.934           0.000       0.000             247               0
  150         220.775   -1254.238           0.000       0.000             150               0
   87        -685.648    1762.120           0.000       0.000              87               0
  139        1912.693      12.319           0.000       0.000             139               0
   84        -128.061    2082.304           0.000       0.000              84               0
   61         448.309    -753.179           0.000       0.000              61               0
  205        1482.373     477.509           0.000       0.000             205               0
   39        1509.854    -980.536           0.000       0.000              39               0
   22         383.029    3161.010           0.000       0.000              22               0
   25       -1303.386     991.189           0.000       0.000              25               0
    0        2361.790    -466.916           0.000       0.000              -0               0
  118        1198.853     562.619           0.000       0.000             118               0
   15        -990.857   -1467.127           0.000       0.000              15               0
   58        -230.164    -797.632           0.000       0.000              58               0
    2        1628.050      84.059           0.000       0.000               2               0
  233        1026.012   -1060.738           0.000       0.000             233               0
  181       -2806.244    -531.238           0.000       0.000             181               0
  112        -655.452     140.179           0.000       0.000             112               0
   46         112.300    2671.482           0.000       0.000              46               0
  102       -1392.621    -218.474           0.000       0.000             102               0
   95        1877.815    1440.185           0.000       0.000              95               0
   84        1080.437   -1460.007           0.000       0.000              84               0
   54        -369.027      36.811           0.000       0.000              54               0
   81        2435.748    1963.082           0.000       0.000              81               0
   81        -489.801   -1008.312           0.000       0.000              81               0
   60        -586.359    -900.819           0.000       0.000              60               0
  167        2395.849     491.375           0.000       0.000             167               0
   32        -521.421     242.951           0.000       0.000              32               0
   90        -801.402     -69.815           0.000       0.000              90               0
    4         877.799    1053.254           0.000       0.000               4               0
  211        -669.531     517.905           0.000       0.000             211               0
   82        1032.153    -935.791           0.000       0.000              82               0
  155        1026.255   -1548.859           0.000       0.000             155               0
   42        3116.489   -1521.888           0.000       0.000              42               0
  222        1507.748    1510.307           0.000       0.000             222               0
  240        -701.077     198.563           0.000       0.000             240               0
  104        -774.164    -205.975           0.000       0.000             104               0
  171        1494.901     493.108           0.000       0.000             171               0
   24        -276.438     582.043           0.000       0.000              24               0
  126          77.566    -900.343           0.000       0.000             126               0
  197         -31.389   -2746.788           0.000       0.000             197               0
   24        -575.165   -1165.783           0.000       0.000              24               0
  245        -237.014    2014.178           0.000       0.000             245               0
  212       -1680.706    3796.426           0.000       0.000             212               0
   82        1300.749     246.380           0.000       0.000              82               0
  247        1387.213     469.298           0.000       0.000             247               0
  189         583.845   -1594.917           0.000       0.000             189               0
    8        -269.251    2005.591           0.000       0.000               8               0
  103        -128.661     -16.136           0.000       0.000             103               0
  236        -940.256    -194.158           0.000       0.000             236               0
  110       -1930.930     608.893           0.000       0.000             110               0
  199        1954.700   -1149.089           0.000       0.000             199               0
   64         979.917   -1411.258           0.000       0.000              64               0
  165        -319.435    -327.761           0.000       0.000             165               0
   24         630.406    -835.708           0.000       0.000              24               0
  145         812.851    -906.943           0.000       0.000             145               0
  225        2957.823     634.242           0.000       0.000             225               0
  191       -1866.443     848.688           0.000       0.000             191               0
  177          46.484   -1416.347           0.000       0.000             177               0
   60        -410.995    -515.811           0.000       0.000              60               0
  196       -1698.056     910.319           0.000       0.000             196               0
  133        -174.538     230.282           0.000       0.000             133               0
  143        1745.504    1367.793           0.000       0.000             143               0
   96         611.942    1205.304           0.000       0.000              96               0
  175       -2074.297   -1230.359           0.000       0.000             175               0
  109        -578.690   -1126.205           0.000       0.000             109               0
   80        -560.926     -59.398           0.000       0.000              80               0
   23           8.420    -276.319           0.000       0.000              23               0
   25       -1823.140   -1326.415           0.000       0.000              25               0
  104        -475.969     176.752           0.000       0.000             104               0
  150        1049.393     870.208           0.000       0.000             150               0
  222       -1550.226      68.309           0.000       0.000             222               0
  129         790.298    2967.502           0.000       0.000             129               0
  139         248.154   -1136.848           0.000       0.000             139               0
  179        1426.144     -72.825           0.000       0.000             179               0
  211         852.906   -1411.535           0.000       0.000             211               0
  131       -1493.794   -1692.234           0.000       0.000             131               0
  112       -1087.900     692.013           0.000       0.000             112               0
  220       -1150.444   -1445.805           0.000       0.000             220               0
  234       -1797.211    -616.956           0.000       0.000             234               0
   92       -1700.864    2096.791           0.000       0.000              92               0
   75         628.833    1292.849           0.000       0.000              75               0
  177        -990.056     264.394           0.000       0.000             177               0
  157         906.194     793.272           0.000       0.000             157               0
  240          88.157   -1946.209           0.000       0.000             240               0
  202        1742.035    1443.120           0.000       0.000             202               0
   46         379.965   -2690.420           0.000       0.000              46               0
  210        -531.915     756.839           0.000       0.000             210               0
  137         896.474     273.579           0.000       0.000             137               0
  224        -379.186     -43.236           0.000       0.000             224               0
   14         833.313   -1453.094           0.000       0.000              14               0
   78         271.897     488.199           0.000       0.000              78               0
  102        -692.738    -161.960           0.000       0.000             102               0
  158        2733.736    -370.757           0.000       0.000             158               0
  174       -1365.359   -1037.289           0.000       0.000             174               0
   22        -993.214    -845.242           0.000       0.000              22               0
   11        -874.640     128.228           0.000       0.000              11               0
  254         -41.795    -323.291           0.000       0.000             254               0
   46        -108.540   -1391.425           0.000       0.000              46               0
   37        1140.738     755.362           0.000       0.000              37               0
  103        -180.780     595.385           0.000       0.000             103               0
  196         382.408   -1534.704           0.000       0.000             196               0
    4        -219.346   -1821.676           0.000       0.000               4               0
  232         676.501    -598.101           0.000       0.000             232               0
   79        -581.412    1637.774           0.000       0.000              79               0
  183        1411.372    -314.681           0.000       0.000             183               0
  188       -1777.985    -255.778           0.000       0.000             188               0
  210        -177.003    1349.768           0.000       0.000             210               0
   40        -934.506     924.804           0.000       0.000              40               0
  152         -68.387   -1408.430           0.000       0.000             152               0
  189       -1314.551    1184.521           0.000       0.000             189               0
  133        -944.800    -457.041           0.000       0.000             133               0
  228       -1559.661     864.529           0.000       0.000             228               0
  111         884.134     958.932           0.000       0.000             111               0
   34        -254.278    1854.194           0.000       0.000              34               0
  212        1580.577    1200.136           0.000       0.000             212               0
   57         845.507     960.517           0.000       0.000              57               0
   81        -865.078    -187.704           0.000       0.000              81               0
  166       -2288.757     122.340           0.000       0.000             166               0
  195       -1946.471     426.657           0.000       0.000             195               0
   50        1026.068    -676.675           0.000       0.000              50               0
  181         458.790    -528.636           0.000       0.000             181               0
   17        1645.019   -1983.362           0.000       0.000              17               0
  152        -991.188   -1254.217           0.000       0.000             152               0
   83       -1680.426    -672.425           0.000       0.000              83               0
  192         100.898     -37.798           0.000       0.000             192               0
  174       -3169.002     231.699           0.000       0.000             174               0
   95       -1074.982   -1603.756           0.000       0.000              95               0
  191         146.504    1750.008           0.000       0.000             191               0
  220        -410.483    -974.311           0.000       0.000             220               0
  133         201.321   -1954.971           0.000       0.000             133               0
   38        1049.845     236.752           0.000       0.000              38               0
  160       -1872.615     215.614           0.000       0.000             160               0
  137         105.954    1137.723           0.000       0.000             137               0
   15       -1343.824   -2049.293           0.000       0.000              15               0
  239       -3492.368    1336.846           0.000       0.000             239               0
   64         655.774   -1629.604           0.000       0.000              64               0
  203         -75.197    -885.604           0.000       0.000             203               0
  194        -778.280     589.111           0.000       0.000             194               0
  105        -848.195     -79.984           0.000       0.000             105               0
  100        2266.512    1399.983           0.000       0.000             100               0
  127         -62.575     -71.169           0.000       0.000             127               0
  238         791.209    -394.781           0.000       0.000             238               0
   73         -19.093   -1119.492           0.000       0.000              73               0
  238        1232.532    -892.592           0.000       0.000             238               0
   16         505.573     242.744           0.000       0.000              16               0
   29         789.581     967.460           0.000       0.000              29               0
   40       -2153.194   -1861.135           0.000       0.000              40               0
   97       -2030.779    -793.984           0.000       0.000              97               0
  196        -857.415    1593.492           0.000       0.000             196               0
  235       -1890.189    1148.663           0.000       0.000             235               0
  147        1428.391   -2248.771           0.000       0.000             147               0
  122         302.424     376.450           0.000       0.000             122               0
  253         611.058    1975.424           0.000       0.000             253               0
   44         -18.835    1785.580           0.000       0.000              44               0
  205         549.322     276.620           0.000       0.000             205               0
  189       -1388.242     312.916           0.000       0.000             189               0
  218        1962.957    -144.474           0.000       0.000             218               0
   45         339.618     127.051           0.000       0.000              45               0
  124        1433.060   -1056.499           0.000       0.000             124               0
  182        2785.447     -65.538           0.000       0.000             182               0
  178       -1371.840     651.745           0.000       0.000             178               0
  163         284.605    2063.877           0.000       0.000             163               0
   87        -745.007    -725.670           0.000       0.000              87               0
   60        -935.723    -142.011           0.000       0.000              60               0
  178        3174.000       0.475           0.000       0.000             178               0
   71        -936.087     141.569           0.000       0.000              71               0
  124        -745.208     725.084           0.000       0.000             124               0
  126         285.379   -2063.994           0.000       0.000             126               0
    9       -1371.272    -652.067           0.000       0.000               9               0
  229        2785.726      66.622           0.000       0.000             229               0
  227        1432.531    1056.931           0.000       0.000             227               0
  137         339.506    -127.117           0.000       0.000             137               0
  212        1962.559     144.949           0.000       0.000             212               0
   44       -1388.455    -313.599           0.000       0.000              44               0
  120         549.326    -276.706           0.000       0.000             120               0
  228         -18.372   -1785.747           0.000       0.000             228               0
   74         611.565   -1974.988           0.000       0.000              74               0
  160         302.334    -375.872           0.000       0.000             160               0
   70        1427.142    2249.314           0.000       0.000              70               0
   14       -1890.309   -1149.476           0.000       0.000              14               0
  140        -857.134   -1593.510           0.000       0.000             140               0
  218       -2031.143     793.706           0.000       0.000             218               0
  136       -2153.466    1860.393           0.000       0.000             136               0
  137         790.325    -967.292           0.000       0.000             137               0
    6         505.848    -242.380           0.000       0.000               6               0
   86        1232.236     893.170           0.000       0.000              86               0
   71         -19.539    1119.433           0.000       0.000              71               0
  225         791.000     394.857           0.000       0.000             225               0
  132         -62.651      70.914           0.000       0.000             132               0
  196        2266.666   -1399.260           0.000       0.000             196               0
  152        -848.739      79.827           0.000       0.000             152               0
   54        -778.335    -589.177           0.000       0.000              54               0
  103         -75.703     885.808           0.000       0.000             103               0
  239         654.703    1629.707           0.000       0.000             239               0
  115       -3492.242   -1338.032           0.000       0.000             115               0
   26       -1344.312    2048.793           0.000       0.000              26               0
   55         106.396   -1137.867           0.000       0.000              55               0
  239       -1872.379    -216.144           0.000       0.000             239               0
  153        1050.114    -236.164           0.000       0.000             153               0
   65         200.548    1955.117           0.000       0.000              65               0
  213        -410.946     973.866           0.000       0.000             213               0
  125         146.859   -1749.990           0.000       0.000             125               0
  202       -1075.862    1603.471           0.000       0.000             202               0
  170       -3168.848    -232.855           0.000       0.000             170               0
  169         101.129      37.905           0.000       0.000             169               0
   66       -1680.459     671.976           0.000       0.000              66               0
  142        -991.110    1253.916           0.000       0.000             142               0
  244        1644.670    1983.669           0.000       0.000             244               0
  227         458.598     528.378           0.000       0.000             227               0
  213        1025.561     676.577           0.000       0.000             213               0
    2       -1946.613    -427.724           0.000       0.000               2               0
  111       -2288.517    -123.420           0.000       0.000             111               0
  176        -864.630     187.009           0.000       0.000             176               0
  139         846.262    -960.659           0.000       0.000             139               0
  248        1581.027   -1199.906           0.000       0.000             248               0
  182        -253.751   -1854.357           0.000       0.000             182               0
  225         884.250    -958.533           0.000       0.000             225               0
   64       -1559.583    -864.866           0.000       0.000              64               0
  152        -944.932     456.811           0.000       0.000             152               0
  101       -1313.988   -1184.831           0.000       0.000             101               0
    4         -68.677    1408.434           0.000       0.000               4               0
   48        -934.035    -925.278           0.000       0.000              48               0
  156        -176.385   -1349.682           0.000       0.000             156               0
  108       -1777.697     255.412           0.000       0.000             108               0
   32        1411.620     315.184           0.000       0.000              32               0
   15        -580.679   -1637.737           0.000       0.000              15               0
  134         676.502     598.797           0.000       0.000             134               0
   87        -219.812    1821.800           0.000       0.000              87               0
  255         382.047    1534.645           0.000       0.000             255               0
   32        -180.407    -595.648           0.000       0.000              32               0
  152        1141.058    -754.841           0.000       0.000             152               0
  213        -109.079    1391.497           0.000       0.000             213               0
  157         -41.966     323.193           0.000       0.000             157               0
   98        -874.604    -128.488           0.000       0.000              98               0
  127        -993.327     844.971           0.000       0.000             127               0
   71       -1365.188    1036.730           0.000       0.000              71               0
  165        2733.892     371.486           0.000       0.000             165               0
   14        -692.796     161.562           0.000       0.000              14               0
   59         272.254    -488.112           0.000       0.000              59               0
  136         832.890    1453.300           0.000       0.000             136               0
  227        -379.125      42.858           0.000       0.000             227               0
   62         896.624    -273.426           0.000       0.000              62               0
  247        -531.600    -756.897           0.000       0.000             247               0
  147         379.280    2690.407           0.000       0.000             147               0
  201        1742.497   -1442.765           0.000       0.000             201               0
  240          87.324    1946.030           0.000       0.000             240               0
   74         906.199    -793.375           0.000       0.000              74               0
  171        -990.203    -265.007           0.000       0.000             171               0
   48         628.996   -1292.843           0.000       0.000              48               0
  226       -1700.470   -2097.147           0.000       0.000             226               0
   17       -1797.406     616.743           0.000       0.000              17               0
   53       -1150.751    1445.459           0.000       0.000              53               0
   19       -1087.424    -692.320           0.000       0.000              19               0
  174       -1493.874    1691.821           0.000       0.000             174               0
  161         852.966    1411.555           0.000       0.000             161               0
   51        1426.299      72.971           0.000       0.000              51               0
  190         247.783    1136.412           0.000       0.000             190               0
   40         791.172   -2967.529           0.000       0.000              40               0
  139       -1550.188     -68.747           0.000       0.000             139               0
  190        1049.739    -869.780           0.000       0.000             190               0
   72        -476.089    -176.679           0.000       0.000              72               0
   35       -1823.503    1325.879           0.000       0.000              35               0
  147           8.535     276.216           0.000       0.000             147               0
  230        -560.837      59.188           0.000       0.000             230               0
  134        -578.959    1125.925           0.000       0.000             134               0
   19       -2074.311    1229.252           0.000       0.000              19               0
   45         612.924   -1205.525           0.000       0.000              45               0
   44        1746.119   -1367.288           0.000       0.000              44               0
   33        -174.581    -230.307           0.000       0.000              33               0
  105       -1697.610    -910.758           0.000       0.000             105               0
  180        -410.787     515.875           0.000       0.000             180               0
    5          46.308    1416.256           0.000       0.000               5               0
  167       -1865.537    -849.480           0.000       0.000             167               0
  172        2958.580    -633.116           0.000       0.000             172               0
  153         812.620     907.363           0.000       0.000             153               0
  112         630.167     835.889           0.000       0.000             112               0
  157        -319.396     327.621           0.000       0.000             157               0
  228         979.648    1411.466           0.000       0.000             228               0
   28        1954.099    1149.347           0.000       0.000              28               0
  206       -1930.930    -609.909           0.000       0.000             206               0
  199        -940.089     193.581           0.000       0.000             199               0
   45        -128.367      15.718           0.000       0.000              45               0
    3        -268.237   -2005.766           0.000       0.000               3               0
  219         583.679    1595.021           0.000       0.000             219               0
  219        1387.544    -469.224           0.000       0.000             219               0
  164        1300.648    -246.415           0.000       0.000             164               0
   15       -1679.514   -3797.098           0.000       0.000              15               0
  153        -236.140   -2013.647           0.000       0.000             153               0
  204        -575.310    1166.241           0.000       0.000             204               0
  154         -32.000    2746.869           0.000       0.000             154               0
   87          77.549     900.026           0.000       0.000              87               0
   21        -275.867    -582.408           0.000       0.000              21               0
  190        1495.295    -492.675           0.000       0.000             190               0
  235        -774.069     205.662           0.000       0.000             235               0
  251        -700.464    -198.914           0.000       0.000             251               0
   68        1508.892   -1509.622           0.000       0.000              68               0
  254        3116.160    1523.189           0.000       0.000             254               0
   41        1025.597    1549.079           0.000       0.000              41               0
  113        1031.649     935.753           0.000       0.000             113               0
   32        -669.423    -518.519           0.000       0.000              32               0
  146         878.145   -1053.104           0.000       0.000             146               0
   37        -801.409      69.498           0.000       0.000              37               0
   38        -520.989    -243.216           0.000       0.000              38               0
   58        2396.136    -490.547           0.000       0.000              58               0
  210        -586.731     900.607           0.000       0.000             210               0
  192        -489.831    1007.793           0.000       0.000             192               0
  170        2436.524   -1962.478           0.000       0.000             170               0
  112        -369.050     -36.826           0.000       0.000             112               0
  165        1080.040    1460.151           0.000       0.000             165               0
  199        1878.019   -1439.831           0.000       0.000             199               0
   62       -1392.962     217.796           0.000       0.000              62               0
  109         113.133   -2671.438           0.000       0.000             109               0
  244        -655.540    -140.048           0.000       0.000             244               0
   65       -2806.088     530.525           0.000       0.000              65               0
   72        1026.248    1061.093           0.000       0.000              72               0
  207        1628.231     -83.551           0.000       0.000             207               0
  230        -230.427     797.547           0.000       0.000             230               0
   87        -991.023    1466.507           0.000       0.000              87               0
  105        1199.481    -562.576           0.000       0.000             105               0
  179        2361.614     467.344           0.000       0.000             179               0
  241       -1303.067    -992.088           0.000       0.000             241               0
  193         384.431   -3160.833           0.000       0.000             193               0
  200        1509.745     981.248           0.000       0.000             200               0
  175        1482.494    -477.042           0.000       0.000             175               0
  172         447.929     753.141           0.000       0.000             172               0
  196        -127.321   -2082.459           0.000       0.000             196               0
  244        1912.586     -11.629           0.000       0.000             244               0
  171        -685.270   -1762.179           0.000       0.000             171               0
  238         220.272    1254.412           0.000       0.000             238               0
  101       -1077.114   -1413.340           0.000       0.000             101               0
  204         480.934    -988.434           0.000       0.000             204               0
  128        -190.134   -1019.517           0.000       0.000             128               0
  139         995.324     899.675           0.000       0.000             139               0
  243        -442.588     861.843           0.000       0.000             243               0
  186         793.543    1363.837           0.000       0.000             186               0
   94         413.627    -191.370           0.000       0.000              94               0
  180        -141.244     891.193           0.000       0.000             180               0
  101         673.048    -510.906           0.000       0.000             101               0
  206         634.932    -243.630           0.000       0.000             206               0
   89        1058.017    1899.296           0.000       0.000              89               0
   44         982.247     206.834           0.000       0.000              44               0
   12        1093.531    1961.106           0.000       0.000              12               0
  198        -591.120    -679.009           0.000       0.000             198               0
   33         649.905    2914.865           0.000       0.000              33               0
   78        -432.894      88.251           0.000       0.000              78               0
   15          21.399     305.866           0.000       0.000              15               0
  241       -1625.306    1205.743           0.000       0.000             241               0
   53         596.760    -162.873           0.000       0.000              53               0
  102         206.640    -987.141           0.000       0.000             102               0
   90       -2319.072    1073.532           0.000       0.000              90               0
  232        -743.841     848.040           0.000       0.000             232               0
   88        -773.412     149.205           0.000       0.000              88               0
   28         343.109    -697.846           0.000       0.000              28               0
  177        -901.755     -90.453           0.000       0.000             177               0
    8         651.498    -782.601           0.000       0.000               8               0
  200         562.070    -982.216           0.000       0.000             200               0
  117        -408.773    2242.563           0.000       0.000             117               0
  253         601.429    -369.726           0.000       0.000             253               0
  116        1217.680    1071.301           0.000       0.000             116               0
   99         317.321     -43.623           0.000       0.000              99               0
   99        -813.688    -529.395           0.000       0.000              99               0
   64       -1371.672     481.151           0.000       0.000              64               0
  228         563.447    -472.791           0.000       0.000             228               0
  238         685.048     328.926           0.000       0.000             238               0
   52        -309.606   -1536.031           0.000       0.000              52               0
  159        -233.343    -320.552           0.000       0.000             159               0
   77        -982.316    -668.699           0.000       0.000              77               0
  232         631.599    -424.036           0.000       0.000             232               0
    5       -1221.312    -435.890           0.000       0.000               5               0
   27       -1252.029     -62.874           0.000       0.000              27               0
   65         -12.950   -1313.607           0.000       0.000              65               0
   49        2543.910    -308.526           0.000       0.000              49               0
   40        -532.023      61.062           0.000       0.000              40               0
    8         -58.290     388.754           0.000       0.000               8               0
   83        -261.392    -888.036           0.000       0.000              83               0
  118         502.799    1692.583           0.000       0.000             118               0
   23         423.976      55.336           0.000       0.000              23               0
   68        -312.192    -246.739           0.000       0.000              68               0
  171        -622.863    -392.073           0.000       0.000             171               0
  126        -597.153    -266.509           0.000       0.000             126               0
  159        -275.793     856.544           0.000       0.000             159               0
  148       -2621.279     605.640           0.000       0.000             148               0
  215        1095.842    -513.257           0.000       0.000             215               0
  187         494.329    -857.841           0.000       0.000             187               0
   69       -1351.720   -1076.071           0.000       0.000              69               0
  224         925.954    1421.291           0.000       0.000             224               0
  132        -973.118    1962.276           0.000       0.000             132               0
  187         643.767   -2914.717           0.000       0.000             187               0
  222        1094.202    -415.487           0.000       0.000             222               0
  248         902.283    -385.377           0.000       0.000             248               0
   31       -1041.679   -1747.307           0.000       0.000              31               0
   65        2024.648    -660.269           0.000       0.000              65               0
   57        1415.218     -15.702           0.000       0.000              57               0
    3        1440.529    -157.349           0.000       0.000               3               0
   48        -201.158    1393.483           0.000       0.000              48               0
  109        1084.933    1478.797           0.000       0.000             109               0
  163        1220.909    2276.448           0.000       0.000             163               0
  125        1254.308      35.968           0.000       0.000             125               0
   85        -942.466     674.211           0.000       0.000              85               0
  168        -422.738     900.002           0.000       0.000             168               0
  153       -1502.905   -1630.229           0.000       0.000             153               0
  151        -946.545     335.019           0.000       0.000             151               0
  217         652.694   -1563.862           0.000       0.000             217               0
  193        1204.492   -1535.202           0.000       0.000             193               0
  159         688.919     715.505           0.000       0.000             159               0
   45        1876.999      47.641           0.000       0.000              45               0
   56        -343.282    1505.849           0.000       0.000              56               0
  183       -2507.918     887.726           0.000       0.000             183               0
  113        1612.350   -1499.875           0.000       0.000             113               0
  228         -60.184      55.853           0.000       0.000             228               0
   54       -1178.938     770.458           0.000       0.000              54               0
   16       -1009.062    2811.595           0.000       0.000              16               0
  120          68.017    1443.946           0.000       0.000             120               0
   14        1929.586     144.705           0.000       0.000              14               0
  203        1444.458   -2345.877           0.000       0.000             203               0
  190        1204.912    -448.476           0.000       0.000             190               0
  239         900.329    2793.558           0.000       0.000             239               0
   79         290.893    1618.921           0.000       0.000              79               0
  121        1062.861    -558.192           0.000       0.000             121               0
  205          -7.481    -229.511           0.000       0.000             205               0
