SINAL     NFT                         FFT                         NFT INVERSA     FFT INVERSA
-----     -----------------------     -----------------------     -----------     -----------
  187       63567.000       0.000           0.000       0.000             187               0
  216        -362.492   -1124.916           0.000       0.000             216               0
   90        1188.400    2254.516           0.000       0.000              90               0
   61       -1408.112    1500.886           0.000       0.000              61               0
   50       -1819.921    1584.625           0.000       0.000              50               0
  117       -2445.018      10.734           0.000       0.000             117               0
   30       -1260.333   -1093.072           0.000       0.000              30               0
   74         943.322    1982.156           0.000       0.000              74               0
   62         123.749     778.906           0.000       0.000              62               0
  124         233.817    1320.272           0.000       0.000             124               0
   33         461.188     380.371           0.000       0.000              33               0
  218        -738.624    -196.291           0.000       0.000             218               0
  116        1085.621     262.351           0.000       0.000             116               0
   26        -322.803    2066.254           0.000       0.000              26               0
   12        -588.719    -593.722           0.000       0.000              12               0
   26          32.694    -768.057           0.000       0.000              26               0
  213        -985.554     821.736           0.000       0.000             213               0
  111         827.728   -2428.078           0.000       0.000             111               0
  141         521.546     128.664           0.000       0.000             141               0
   18        1245.764     672.440           0.000       0.000              18               0
   27       -1597.854     -37.781           0.000       0.000              27               0
   98        -363.692     816.003           0.000       0.000              98               0
  104        -616.999      -0.485           0.000       0.000             104               0
   75         828.604    1607.776           0.000       0.000              75               0
  107        1642.189   -1601.828           0.000       0.000             107               0
  137       -1127.477    -173.963           0.000       0.000             137               0
  192        1020.723     365.295           0.000       0.000             192               0
   59         -15.241    -683.583           0.000       0.000              59               0
   85         793.240    -264.682           0.000       0.000              85               0
   18        1273.285     607.121           0.000       0.000              18               0
  212          78.737    -621.081           0.000       0.000             212               0
   17        -533.487   -1058.833           0.000       0.000              17               0
  234        -595.178    1900.300           0.000       0.000             234               0
   47        -363.068    1222.400           0.000       0.000              47               0
   78       -1791.208    1262.619           0.000       0.000              78               0
   29         112.515    -328.789           0.000       0.000              29               0
  164        1987.168    -700.579           0.000       0.000             164               0
  109         157.625    1492.514           0.000       0.000             109               0
  103        1946.395    -801.548           0.000       0.000             103               0
  227         892.809    -299.234           0.000       0.000             227               0
  234       -1946.213     -86.657           0.000       0.000             234               0
  137         734.433   -1600.775           0.000       0.000             137               0
  190        -856.351     221.134           0.000       0.000             190               0
   94        1791.037    -154.728           0.000       0.000              94               0
  164         529.675    -332.867           0.000       0.000             164               0
  203         350.190    1961.574           0.000       0.000             203               0
  120       -3082.073    -714.065           0.000       0.000             120               0
  121        1541.343     584.411           0.000       0.000             121               0
   59       -1710.941    -627.671           0.000       0.000              59               0
    6        1764.701   -2979.281           0.000       0.000               6               0
  140        1201.996   -1111.874           0.000       0.000             140               0
   86        1488.356    2778.580           0.000       0.000              86               0
  104        1262.638   -2010.940           0.000       0.000             104               0
  244         711.344    -786.367           0.000       0.000             244               0
  161         519.712   -1029.783           0.000       0.000             161               0
  212        1591.531    1750.632           0.000       0.000             212               0
  125         119.502    2557.444           0.000       0.000             125               0
   98        1345.316    2702.241           0.000       0.000              98               0
   15        -586.974    -766.669           0.000       0.000              15               0
  211        -239.344     329.549           0.000       0.000             211               0
  116        -585.284    1052.547           0.000       0.000             116               0
  228         946.762   -2337.026           0.000       0.000             228               0
  228        -640.896   -1174.086           0.000       0.000             228               0
   95          20.348    -371.585           0.000       0.000              95               0
   19       -1564.080    2475.163           0.000       0.000              19               0
   51        1906.111   -1365.880           0.000       0.000              51               0
  124        1879.116    -241.759           0.000       0.000             124               0
  184         267.284    -991.119           0.000       0.000             184               0
  160         831.037     199.412           0.000       0.000             160               0
  227       -1564.539   -1586.722           0.000       0.000             227               0
  156         835.990   -2428.444           0.000       0.000             156               0
  138        -446.334   -1293.785           0.000       0.000             138               0
  108       -1468.272    -640.638           0.000       0.000             108               0
   90       -1020.296    -788.692           0.000       0.000              90               0
  233        1563.823    3076.527           0.000       0.000             233               0
   16        -369.780    1242.114           0.000       0.000              16               0
   38         847.200    1218.800           0.000       0.000              38               0
   98         178.472    -931.221           0.000       0.000              98               0
  138        -960.651    -201.246           0.000       0.000             138               0
   97        -373.453    1341.266           0.000       0.000              97               0
  105         547.910     257.639           0.000       0.000             105               0
   22        -921.319    1801.759           0.000       0.000              22               0
  184          51.313   -1150.631           0.000       0.000             184               0
  210         -64.808    1877.304           0.000       0.000             210               0
   11         440.199   -1487.197           0.000       0.000              11               0
   90         -81.836      93.178           0.000       0.000              90               0
  166         156.910    -441.008           0.000       0.000             166               0
  137        1573.799    -859.259           0.000       0.000             137               0
  188         988.860    2290.268           0.000       0.000             188               0
  182        -409.721      77.599           0.000       0.000             182               0
   92        -384.992    2258.362           0.000       0.000              92               0
   48       -1081.715     282.666           0.000       0.000              48               0
  154        1591.060    -316.737           0.000       0.000             154               0
   65         349.082    -907.358           0.000       0.000              65               0
  143        -440.689    -933.421           0.000       0.000             143               0
  173        1067.857    -125.313           0.000       0.000             173               0
  116       -1507.118   -2250.878           0.000       0.000             116               0
   11        1780.845    2373.650           0.000       0.000              11               0
  101          47.202    -728.123           0.000       0.000             101               0
   21        1915.214    -557.188           0.000       0.000              21               0
  239          24.018   -1167.824           0.000       0.000             239               0
    2         762.545    -129.889           0.000       0.000               2               0
  160        1308.910     -82.783           0.000       0.000             160               0
   92        -572.196    1012.430           0.000       0.000              92               0
   93       -1341.856    -845.539           0.000       0.000              93               0
  137         316.538      18.316           0.000       0.000             137               0
  109       -1921.420    -925.062           0.000       0.000             109               0
  131       -1004.610   -1798.835           0.000       0.000             131               0
  236       -1255.353     679.662           0.000       0.000             236               0
  247       -1005.264    -250.933           0.000       0.000             247               0
  229        -415.800     471.578           0.000       0.000             229               0
   85        -981.628    -551.210           0.000       0.000              85               0
   14        -400.206     859.820           0.000       0.000              14               0
  157         386.319    -556.332           0.000       0.000             157               0
   39         491.910    -622.752           0.000       0.000              39               0
   26        -300.748    -272.437           0.000       0.000              26               0
  247       -1539.283     483.377           0.000       0.000             247               0
  206         877.343    2024.535           0.000       0.000             206               0
  163        1198.272   -2245.381           0.000       0.000             163               0
  179         293.835   -2213.581           0.000       0.000             179               0
  132         472.931    1663.669           0.000       0.000             132               0
    0        -930.806    1785.873           0.000       0.000              -0               0
  228       -1688.827   -1134.939           0.000       0.000             228               0
   30         586.033      64.796           0.000       0.000              30               0
   65        2256.107    -754.709           0.000       0.000              65               0
  115        -908.688     756.676           0.000       0.000             115               0
  204         640.519   -1018.446           0.000       0.000             204               0
  182        -562.681   -1056.433           0.000       0.000             182               0
  127        -226.121     854.936           0.000       0.000             127               0
   49       -2343.465    -181.994           0.000       0.000              49               0
  203        -224.985   -1130.098           0.000       0.000             203               0
  110         468.085   -1777.274           0.000       0.000             110               0
   52         612.165   -1926.652           0.000       0.000              52               0
  107         445.079   -1182.386           0.000       0.000             107               0
  202        1432.511    -510.004           0.000       0.000             202               0
  145       -1634.893     368.179           0.000       0.000             145               0
  245        -403.675   -1023.730           0.000       0.000             245               0
   55         194.098     -50.557           0.000       0.000              55               0
   20        1616.736   -1309.482           0.000       0.000              20               0
  226        -222.470     327.571           0.000       0.000             226               0
   47         931.362    -893.662           0.000       0.000              47               0
  250        1540.662   -1308.604           0.000       0.000             250               0
   55        -197.089     932.392           0.000       0.000              55               0
   62         655.350   -1332.549           0.000       0.000              62               0
  152        -336.212     -93.231           0.000       0.000             152               0
   95        -510.434    -851.932           0.000       0.000              95               0
   88        2122.042   -2336.196           0.000       0.000              88               0
  143         593.373    -995.863           0.000       0.000             143               0
   45       -1740.394    1985.800           0.000       0.000              45               0
  252          96.925   -1131.476           0.000       0.000             252               0
   67         171.197    -823.843           0.000       0.000              67               0
  177        -407.791   -1210.850           0.000       0.000             177               0
  252        -384.002   -1064.945           0.000       0.000             252               0
   39        1861.990    1105.889           0.000       0.000              39               0
  208         324.475    1418.965           0.000       0.000             208               0
   61        2148.313     738.464           0.000       0.000              61               0
  155        1026.406     199.154           0.000       0.000             155               0
  156        -732.558    1529.388           0.000       0.000             156               0
  243       -1339.624    1174.876           0.000       0.000             243               0
   26        1053.538      -6.857           0.000       0.000              26               0
  206       -2554.231       0.858           0.000       0.000             206               0
  191         284.083     802.001           0.000       0.000             191               0
  137       -1164.347      46.962           0.000       0.000             137               0
    2       -1379.140    -301.247           0.000       0.000               2               0
   42        -102.607    -455.932           0.000       0.000              42               0
   84       -2438.793      77.956           0.000       0.000              84               0
  147         914.979    -540.736           0.000       0.000             147               0
   32        -537.924     595.434           0.000       0.000              32               0
  140        -965.438   -2442.257           0.000       0.000             140               0
  168        1491.839   -1241.049           0.000       0.000             168               0
    2         155.323     296.661           0.000       0.000               2               0
  187        -949.667    2391.375           0.000       0.000             187               0
  163        1869.469      83.545           0.000       0.000             163               0
   58         864.351     744.216           0.000       0.000              58               0
  250         -73.173   -1397.930           0.000       0.000             250               0
   59        -744.945    -890.733           0.000       0.000              59               0
  153        -522.360    -247.510           0.000       0.000             153               0
   83        -477.176   -1469.234           0.000       0.000              83               0
  202       -2175.954    -238.811           0.000       0.000             202               0
  199         808.148    -462.818           0.000       0.000             199               0
   79         981.136     160.295           0.000       0.000              79               0
   14         918.196     -59.109           0.000       0.000              14               0
  121         265.473    -122.379           0.000       0.000             121               0
   75       -1191.467     106.564           0.000       0.000              75               0
   54         413.881     369.211           0.000       0.000              54               0
   73        2650.446     -57.429           0.000       0.000              73               0
  136        1486.979   -2010.489           0.000       0.000             136               0
  209       -2159.234     211.211           0.000       0.000             209               0
  230         -61.564    1718.873           0.000       0.000             230               0
  124        1287.849    -344.959           0.000       0.000             124               0
  236       -2848.067    -752.126           0.000       0.000             236               0
  180         581.948     342.042           0.000       0.000             180               0
   59        1758.192   -1090.543           0.000       0.000              59               0
  117         479.021     507.274           0.000       0.000             117               0
  183        1147.126    -669.912           0.000       0.000             183               0
  102         569.097    -681.772           0.000       0.000             102               0
  201        1112.461    -565.356           0.000       0.000             201               0
   75        -438.205    -796.069           0.000       0.000              75               0
  134       -1373.274    1687.999           0.000       0.000             134               0
   85        -139.082    -434.312           0.000       0.000              85               0
  243         721.025   -1819.823           0.000       0.000             243               0
  137        -521.317    -379.189           0.000       0.000             137               0
   17       -1255.378    -790.678           0.000       0.000              17               0
  151         687.043    1033.816           0.000       0.000             151               0
  195        -380.049   -1074.739           0.000       0.000             195               0
   12        -848.614     769.199           0.000       0.000              12               0
  210         862.155    -416.837           0.000       0.000             210               0
   92        1042.118   -2354.679           0.000       0.000              92               0
   95       -1472.488    -601.238           0.000       0.000              95               0
  157        2748.879    -404.853           0.000       0.000             157               0
   35        1070.637     -11.026           0.000       0.000              35               0
  174        -782.098   -1435.657           0.000       0.000             174               0
  171         700.736     278.803           0.000       0.000             171               0
  156         462.680    2627.776           0.000       0.000             156               0
  250        -923.519    1703.919           0.000       0.000             250               0
  226        -653.087    -671.539           0.000       0.000             226               0
  230        1295.497     432.508           0.000       0.000             230               0
  131        -300.895    1114.795           0.000       0.000             131               0
  179        -760.624    -394.012           0.000       0.000             179               0
  204        1197.513    -804.649           0.000       0.000             204               0
  255         260.060    2436.181           0.000       0.000             255               0
  159        1953.959     484.656           0.000       0.000             159               0
  129        -275.735    2114.848           0.000       0.000             129               0
   59        -302.324    -654.810           0.000       0.000              59               0
   21        1152.795   -1355.643           0.000       0.000              21               0
   57        2368.304     265.316           0.000       0.000              57               0
  161        -610.066    1028.039           0.000       0.000             161               0
  223         -91.335   -1897.565           0.000       0.000             223               0
  132        -734.147   -1306.399           0.000       0.000             132               0
   40        1195.346     -88.594           0.000       0.000              40               0
   52         620.809     510.488           0.000       0.000              52               0
  120         -91.914   -2322.801           0.000       0.000             120               0
  177         482.292     889.725           0.000       0.000             177               0
   70        1049.411    1655.932           0.000       0.000              70               0
   15       -1762.398     333.181           0.000       0.000              15               0
  116        1234.349     935.510           0.000       0.000             116               0
   83         767.404      -2.950           0.000       0.000              83               0
  225         312.558   -1089.195           0.000       0.000             225               0
  209       -2141.447     673.463           0.000       0.000             209               0
  178        -438.133     881.596           0.000       0.000             178               0
  127         968.027    -215.860           0.000       0.000             127               0
  245         842.310   -1003.995           0.000       0.000             245               0
   97       -1878.262     494.533           0.000       0.000              97               0
   43        1343.979   -1122.475           0.000       0.000              43               0
  146        -710.003    -575.635           0.000       0.000             146               0
   91        -675.729   -2758.312           0.000       0.000              91               0
   13        -605.340     791.964           0.000       0.000              13               0
  120        -494.825   -1067.753           0.000       0.000             120               0
  222       -2278.452    1252.036           0.000       0.000             222               0
  192       -2201.454    -558.948           0.000       0.000             192               0
   69         172.020    1948.086           0.000       0.000              69               0
  222         723.624    -475.653           0.000       0.000             222               0
   96        -359.191     495.376           0.000       0.000              96               0
  199         247.554    -198.937           0.000       0.000             199               0
   25         137.233    -817.935           0.000       0.000              25               0
  117         667.993    3344.767           0.000       0.000             117               0
    0         673.000      -0.210           0.000       0.000              -0               0
  187         669.004   -3344.626           0.000       0.000             187               0
   84         136.808     818.220           0.000       0.000              84               0
  132         247.318     198.969           0.000       0.000             132               0
  228        -359.150    -495.519           0.000       0.000             228               0
  137         723.271     475.788           0.000       0.000             137               0
  253         172.208   -1947.979           0.000       0.000             253               0
  149       -2201.990     558.388           0.000       0.000             149               0
  208       -2277.925   -1252.574           0.000       0.000             208               0
   12        -494.931    1067.844           0.000       0.000              12               0
   10        -604.903    -791.846           0.000       0.000              10               0
   35        -676.450    2758.275           0.000       0.000              35               0
  238        -709.867     575.250           0.000       0.000             238               0
  220        1343.716    1122.716           0.000       0.000             220               0
  214       -1877.943    -495.318           0.000       0.000             214               0
  109         842.312    1004.146           0.000       0.000             109               0
  209         967.955     215.878           0.000       0.000             209               0
   55        -437.978    -881.937           0.000       0.000              55               0
  152       -2140.999    -674.127           0.000       0.000             152               0
   99         312.660    1089.256           0.000       0.000              99               0
  147         767.688       2.942           0.000       0.000             147               0
  165        1234.646    -935.258           0.000       0.000             165               0
  220       -1762.147    -333.863           0.000       0.000             220               0
  114        1050.288   -1655.507           0.000       0.000             114               0
  102         482.696    -889.124           0.000       0.000             102               0
   34         -92.537    2322.949           0.000       0.000              34               0
   80         621.172    -510.339           0.000       0.000              80               0
  198        1195.295      89.163           0.000       0.000             198               0
  234        -734.602    1306.250           0.000       0.000             234               0
  106         -91.799    1897.238           0.000       0.000             106               0
   60        -609.335   -1028.565           0.000       0.000              60               0
  234        2368.657    -264.528           0.000       0.000             234               0
   38        1152.201    1355.879           0.000       0.000              38               0
  145        -302.629     654.195           0.000       0.000             145               0
  111        -274.835   -2115.291           0.000       0.000             111               0
   10        1954.189    -484.135           0.000       0.000              10               0
   26         260.762   -2435.967           0.000       0.000              26               0
  108        1197.049     805.295           0.000       0.000             108               0
  160        -760.940     393.655           0.000       0.000             160               0
  235        -300.445   -1114.961           0.000       0.000             235               0
  121        1295.571    -431.975           0.000       0.000             121               0
  170        -653.487     671.210           0.000       0.000             170               0
   14        -922.840   -1704.396           0.000       0.000              14               0
  104         463.754   -2627.288           0.000       0.000             104               0
  134         700.852    -277.922           0.000       0.000             134               0
  228        -782.435    1435.776           0.000       0.000             228               0
  214        1070.918      11.590           0.000       0.000             214               0
   88        2748.538     406.051           0.000       0.000              88               0
   28       -1472.918     601.054           0.000       0.000              28               0
  110        1041.339    2355.061           0.000       0.000             110               0
  188         861.750     416.879           0.000       0.000             188               0
  175        -848.582    -769.500           0.000       0.000             175               0
   20        -380.419    1074.604           0.000       0.000              20               0
  153         687.261   -1033.541           0.000       0.000             153               0
   33       -1255.745     790.444           0.000       0.000              33               0
  123        -521.291     379.144           0.000       0.000             123               0
  187         720.472    1820.005           0.000       0.000             187               0
  114        -139.334     433.936           0.000       0.000             114               0
   66       -1372.618   -1688.479           0.000       0.000              66               0
  165        -438.102     796.111           0.000       0.000             165               0
  220        1112.559     565.762           0.000       0.000             220               0
  126         569.013     681.931           0.000       0.000             126               0
  144        1146.956     670.155           0.000       0.000             144               0
    2         479.198    -507.159           0.000       0.000               2               0
   16        1757.664    1091.075           0.000       0.000              16               0
    0         581.573    -341.948           0.000       0.000              -0               0
   13       -2848.384     751.091           0.000       0.000              13               0
   42        1287.896     345.122           0.000       0.000              42               0
  109         -61.139   -1718.942           0.000       0.000             109               0
  173       -2158.912    -211.629           0.000       0.000             173               0
   22        1486.780    2011.027           0.000       0.000              22               0
  231        2650.359      58.089           0.000       0.000             231               0
   87         413.606    -369.166           0.000       0.000              87               0
   36       -1191.561    -106.956           0.000       0.000              36               0
   79         265.533     122.484           0.000       0.000              79               0
  222         918.164      59.425           0.000       0.000             222               0
    9         980.985    -159.890           0.000       0.000               9               0
   37         807.525     463.188           0.000       0.000              37               0
   55       -2176.319     238.197           0.000       0.000              55               0
   38        -477.630    1469.067           0.000       0.000              38               0
  148        -522.411     247.229           0.000       0.000             148               0
  243        -745.100     890.398           0.000       0.000             243               0
  214         -73.382    1397.568           0.000       0.000             214               0
  169         864.802    -744.300           0.000       0.000             169               0
  140        1869.337     -83.211           0.000       0.000             140               0
  248        -949.073   -2391.691           0.000       0.000             248               0
   36         155.457    -296.208           0.000       0.000              36               0
   72        1491.197    1241.853           0.000       0.000              72               0
  106        -966.571    2441.772           0.000       0.000             106               0
  102        -537.803    -595.897           0.000       0.000             102               0
  238         914.507     540.907           0.000       0.000             238               0
   71       -2438.969     -78.918           0.000       0.000              71               0
  229        -102.749     455.757           0.000       0.000             229               0
  127       -1379.262     300.555           0.000       0.000             127               0
   74       -1164.144     -47.627           0.000       0.000              74               0
  245         284.421    -802.079           0.000       0.000             245               0
  127       -2553.972      -1.823           0.000       0.000             127               0
   87        1053.871       6.971           0.000       0.000              87               0
   32       -1339.011   -1175.538           0.000       0.000              32               0
  236        -731.501   -1529.589           0.000       0.000             236               0
    4        1027.038    -198.700           0.000       0.000               4               0
   54        2148.761    -737.705           0.000       0.000              54               0
  211         325.000   -1418.649           0.000       0.000             211               0
   91        1862.265   -1104.754           0.000       0.000              91               0
   91        -384.577    1065.326           0.000       0.000              91               0
   35        -408.203    1210.949           0.000       0.000              35               0
   58         170.955     823.991           0.000       0.000              58               0
  101          96.483    1131.396           0.000       0.000             101               0
   72       -1739.535   -1986.232           0.000       0.000              72               0
  113         593.479     996.552           0.000       0.000             113               0
  139        2121.304    2337.031           0.000       0.000             139               0
  221        -510.836     851.616           0.000       0.000             221               0
  100        -336.106      93.086           0.000       0.000             100               0
   98         655.044    1332.667           0.000       0.000              98               0
  134        -196.591    -932.461           0.000       0.000             134               0
  241        1540.360    1309.235           0.000       0.000             241               0
   90         930.953     893.864           0.000       0.000              90               0
  171        -222.377    -327.649           0.000       0.000             171               0
   57        1616.210    1310.028           0.000       0.000              57               0
  196         193.785      50.571           0.000       0.000             196               0
   18        -404.249    1023.534           0.000       0.000              18               0
   40       -1634.649    -368.740           0.000       0.000              40               0
   12        1432.515     510.651           0.000       0.000              12               0
  247         444.606    1182.681           0.000       0.000             247               0
  167         611.384    1926.831           0.000       0.000             167               0
   86         467.225    1777.157           0.000       0.000              86               0
  237        -225.734    1129.584           0.000       0.000             237               0
   38       -2343.592     180.761           0.000       0.000              38               0
  173        -225.636    -855.193           0.000       0.000             173               0
   14        -562.833    1056.155           0.000       0.000              14               0
   19         640.312    1018.316           0.000       0.000              19               0
  177        -908.208    -757.244           0.000       0.000             177               0
   69        2255.949     755.287           0.000       0.000              69               0
  231         585.700     -64.824           0.000       0.000             231               0
   12       -1689.376    1133.986           0.000       0.000              12               0
  160        -929.997   -1786.521           0.000       0.000             160               0
   10         473.716   -1663.264           0.000       0.000              10               0
   71         293.237    2213.888           0.000       0.000              71               0
    6        1197.521    2245.305           0.000       0.000               6               0
   83         877.723   -2024.667           0.000       0.000              83               0
  184       -1539.296    -483.876           0.000       0.000             184               0
  146        -300.733     272.359           0.000       0.000             146               0
   49         491.726     622.832           0.000       0.000              49               0
   29         385.979     556.223           0.000       0.000              29               0
  244        -400.135    -860.094           0.000       0.000             244               0
  183        -981.917     550.805           0.000       0.000             183               0
   14        -415.702    -471.805           0.000       0.000              14               0
   79       -1005.410     250.564           0.000       0.000              79               0
   98       -1255.071    -679.970           0.000       0.000              98               0
   72       -1005.086    1798.558           0.000       0.000              72               0
   19       -1921.381     924.167           0.000       0.000              19               0
  116         316.917     -18.437           0.000       0.000             116               0
  112       -1341.786     844.810           0.000       0.000             112               0
   31        -571.241   -1012.833           0.000       0.000              31               0
  108        1309.388      83.205           0.000       0.000             108               0
   23         762.760     130.152           0.000       0.000              23               0
  118          23.954    1167.738           0.000       0.000             118               0
   90        1915.219     557.581           0.000       0.000              90               0
   62          47.033     727.740           0.000       0.000              62               0
   35        1781.566   -2373.095           0.000       0.000              35               0
  104       -1507.878    2250.433           0.000       0.000             104               0
   82        1067.962     125.432           0.000       0.000              82               0
  212        -440.920     933.052           0.000       0.000             212               0
  173         348.990     907.079           0.000       0.000             173               0
   58        1590.899     316.745           0.000       0.000              58               0
  225       -1081.718    -283.616           0.000       0.000             225               0
   78        -384.072   -2258.796           0.000       0.000              78               0
   68        -409.387     -77.887           0.000       0.000              68               0
   40         989.939   -2289.894           0.000       0.000              40               0
   85        1573.533     859.969           0.000       0.000              85               0
  152         156.646     440.970           0.000       0.000             152               0
  225         -81.811     -93.292           0.000       0.000             225               0
  231         439.691    1487.022           0.000       0.000             231               0
  201         -64.224   -1877.590           0.000       0.000             201               0
  254          50.877    1150.426           0.000       0.000             254               0
  220        -920.642   -1802.332           0.000       0.000             220               0
  129         548.092    -257.532           0.000       0.000             129               0
   13        -373.008   -1341.372           0.000       0.000              13               0
   43        -960.537     201.038           0.000       0.000              43               0
  228         178.457     931.088           0.000       0.000             228               0
   86         847.736   -1218.797           0.000       0.000              86               0
   63        -369.239   -1242.345           0.000       0.000              63               0
   88        1564.814   -3075.623           0.000       0.000              88               0
  198       -1020.740     788.978           0.000       0.000             198               0
   95       -1468.327     640.554           0.000       0.000              95               0
  197        -446.393    1293.969           0.000       0.000             197               0
  222         835.379    2428.762           0.000       0.000             222               0
  213       -1564.767    1585.882           0.000       0.000             213               0
   31         831.569    -199.392           0.000       0.000              31               0
   29         267.347     991.021           0.000       0.000              29               0
  248        1879.296     242.149           0.000       0.000             248               0
  136        1905.447    1366.073           0.000       0.000             136               0
  111       -1563.388   -2475.919           0.000       0.000             111               0
  204          20.374     371.764           0.000       0.000             204               0
   53        -641.054    1173.878           0.000       0.000              53               0
  169         946.162    2336.896           0.000       0.000             169               0
  174        -584.815   -1053.305           0.000       0.000             174               0
  132        -238.972    -329.927           0.000       0.000             132               0
  238        -586.793     765.932           0.000       0.000             238               0
  214        1346.618   -2702.279           0.000       0.000             214               0
  217         120.682   -2557.348           0.000       0.000             217               0
  135        1592.386   -1749.628           0.000       0.000             135               0
  184         519.522    1030.401           0.000       0.000             184               0
  193         711.311     786.784           0.000       0.000             193               0
   81        1262.158    2011.135           0.000       0.000              81               0
  182        1489.336   -2778.088           0.000       0.000             182               0
  158        1201.553    1112.720           0.000       0.000             158               0
  211        1763.356    2979.785           0.000       0.000             211               0
  196       -1711.349     626.621           0.000       0.000             196               0
  201        1541.361    -584.206           0.000       0.000             201               0
  183       -3082.310     712.703           0.000       0.000             183               0
   26         351.287   -1961.622           0.000       0.000              26               0
    9         529.871     333.118           0.000       0.000               9               0
   16        1790.999     155.281           0.000       0.000              16               0
  225        -856.310    -221.378           0.000       0.000             225               0
  105         733.919    1600.928           0.000       0.000             105               0
  213       -1946.006      85.738           0.000       0.000             213               0
  192         893.222     299.322           0.000       0.000             192               0
   62        1946.292     801.825           0.000       0.000              62               0
  245         158.184   -1492.709           0.000       0.000             245               0
  221        1986.850     701.117           0.000       0.000             221               0
   55         112.046     328.435           0.000       0.000              55               0
  125       -1790.857   -1263.574           0.000       0.000             125               0
   77        -362.470   -1222.666           0.000       0.000              77               0
    4        -594.320   -1900.302           0.000       0.000               4               0
  179        -533.487    1058.886           0.000       0.000             179               0
  247          78.986     621.007           0.000       0.000             247               0
  178        1273.817    -606.765           0.000       0.000             178               0
   55         793.272     264.973           0.000       0.000              55               0
  230         -15.312     683.462           0.000       0.000             230               0
  137        1020.937    -365.080           0.000       0.000             137               0
   17       -1127.306     173.566           0.000       0.000              17               0
  110        1641.930    1602.066           0.000       0.000             110               0
   65         829.089   -1607.817           0.000       0.000              65               0
  211        -617.015       0.173           0.000       0.000             211               0
  191        -363.302    -816.202           0.000       0.000             191               0
  248       -1597.452      37.214           0.000       0.000             248               0
  113        1246.476    -672.010           0.000       0.000             113               0
  147         521.844    -128.294           0.000       0.000             147               0
  188         827.030    2428.220           0.000       0.000             188               0
   59        -985.095    -822.370           0.000       0.000              59               0
   74          32.775     767.872           0.000       0.000              74               0
  215        -588.525     593.051           0.000       0.000             215               0
   69        -321.544   -2066.665           0.000       0.000              69               0
   91        1086.169    -262.014           0.000       0.000              91               0
  184        -738.223     195.872           0.000       0.000             184               0
  174         461.921    -380.510           0.000       0.000             174               0
   49         234.830   -1320.387           0.000       0.000              49               0
  120         124.647    -778.959           0.000       0.000             120               0
  237         944.514   -1981.685           0.000       0.000             237               0
   38       -1260.134    1092.785           0.000       0.000              38               0
   85       -2443.890     -11.784           0.000       0.000              85               0
   36       -1817.583   -1585.391           0.000       0.000              36               0
  164       -1404.986   -1501.282           0.000       0.000             164               0
  163        1192.756   -2253.662           0.000       0.000             163               0
   41        -356.116    1125.274           0.000       0.000              41               0
