SINAL     NFT                         FFT                         NFT INVERSA     FFT INVERSA
-----     -----------------------     -----------------------     -----------     -----------
  104       66428.000       0.000           0.000       0.000             104               0
   23        1000.314    -212.296           0.000       0.000              23               0
   14         931.012   -2266.369           0.000       0.000              14               0
  159        -212.920    1843.149           0.000       0.000             159               0
   87       -1988.217    -152.938           0.000       0.000              87               0
   92        2077.503    3698.667           0.000       0.000              92               0
   22       -2623.089    -675.293           0.000       0.000              22               0
  123       -1473.269   -1974.106           0.000       0.000             123               0
   51        -783.880     228.085           0.000       0.000              51               0
   10       -1136.801    -313.370           0.000       0.000              10               0
  234       -1456.223    -335.419           0.000       0.000             234               0
   72          -5.491    3430.414           0.000       0.000              72               0
   60       -1206.895   -1555.905           0.000       0.000              60               0
  219        -459.050    2539.241           0.000       0.000             219               0
   65         727.320    -108.443           0.000       0.000              65               0
   80          67.235     478.660           0.000       0.000              80               0
  231        -293.438    2205.078           0.000       0.000             231               0
  222         910.934    -998.848           0.000       0.000             222               0
  166       -2140.690   -1222.337           0.000       0.000             166               0
  167        -466.009    -462.470           0.000       0.000             167               0
   27         666.965     487.947           0.000       0.000              27               0
  150         908.230     615.454           0.000       0.000             150               0
   38         416.814    1306.458           0.000       0.000              38               0
   55       -1200.883     798.158           0.000       0.000              55               0
  216        1685.877     718.369           0.000       0.000             216               0
  221         614.839      73.550           0.000       0.000             221               0
  159         425.437    -312.816           0.000       0.000             159               0
  166       -2303.140    2839.476           0.000       0.000             166               0
  210       -1001.199     198.166           0.000       0.000             210               0
  201       -1150.610    1205.322           0.000       0.000             201               0
  167         168.898    1010.465           0.000       0.000             167               0
   59        -753.781    -256.190           0.000       0.000              59               0
  224         214.806    -296.124           0.000       0.000             224               0
  181         154.234   -1922.013           0.000       0.000             181               0
  218         394.834     256.777           0.000       0.000             218               0
   56        1133.596    2540.847           0.000       0.000              56               0
   18         905.245     157.502           0.000       0.000              18               0
  240        1762.372    -228.822           0.000       0.000             240               0
  179        -605.045    -716.022           0.000       0.000             179               0
   70       -1021.793     529.291           0.000       0.000              70               0
  251         505.566     306.461           0.000       0.000             251               0
  158        -986.447   -2258.743           0.000       0.000             158               0
  142         -72.822     665.391           0.000       0.000             142               0
   55         -98.781    -791.052           0.000       0.000              55               0
  121         699.928     989.897           0.000       0.000             121               0
  208       -1508.817      86.537           0.000       0.000             208               0
  135       -1284.934   -1675.741           0.000       0.000             135               0
   97       -1040.029    -151.923           0.000       0.000              97               0
  175        -485.507      65.205           0.000       0.000             175               0
   46       -1584.256     172.755           0.000       0.000              46               0
    8        -504.779    -334.875           0.000       0.000               8               0
  202        1090.369    1224.172           0.000       0.000             202               0
  196        2236.339   -2150.671           0.000       0.000             196               0
   47        -542.998     837.193           0.000       0.000              47               0
    1        -552.660     836.785           0.000       0.000               1               0
  157        -639.784     227.739           0.000       0.000             157               0
   12         589.870    -610.921           0.000       0.000              12               0
  160        1449.990    1071.644           0.000       0.000             160               0
   68         931.437    -256.971           0.000       0.000              68               0
  223       -1152.330      68.120           0.000       0.000             223               0
  106        1276.285     720.479           0.000       0.000             106               0
  235        -123.125    1291.026           0.000       0.000             235               0
   26         415.090   -1941.057           0.000       0.000              26               0
   74        1621.492   -1098.867           0.000       0.000              74               0
  161         357.305     740.258           0.000       0.000             161               0
  245       -1343.764     320.961           0.000       0.000             245               0
  131        1527.434    -819.418           0.000       0.000             131               0
  180        -182.488     -64.431           0.000       0.000             180               0
  230       -1079.806     250.410           0.000       0.000             230               0
   54        2103.383   -1886.576           0.000       0.000              54               0
  250         180.436    1118.719           0.000       0.000             250               0
  225         788.962    1630.509           0.000       0.000             225               0
  212       -2980.015    2237.827           0.000       0.000             212               0
  137        -573.758     999.535           0.000       0.000             137               0
   24       -2458.679     -83.143           0.000       0.000              24               0
   78       -2766.693     749.602           0.000       0.000              78               0
   89        -683.972      -2.878           0.000       0.000              89               0
  160        1462.165    1727.492           0.000       0.000             160               0
  175        -848.787     299.945           0.000       0.000             175               0
    8        1313.724    1593.930           0.000       0.000               8               0
  206         628.851   -1546.085           0.000       0.000             206               0
  184         220.831    -904.991           0.000       0.000             184               0
  210       -1349.179    1017.273           0.000       0.000             210               0
  147       -1987.602     155.077           0.000       0.000             147               0
  232         700.368     831.086           0.000       0.000             232               0
  212        -236.030    1633.000           0.000       0.000             212               0
   48        -905.742     343.594           0.000       0.000              48               0
  244          96.739    1951.100           0.000       0.000             244               0
  117        -764.124   -1481.584           0.000       0.000             117               0
  116       -1118.613      97.986           0.000       0.000             116               0
  212        1517.977    -149.439           0.000       0.000             212               0
  223        -927.343   -1026.924           0.000       0.000             223               0
   96         830.657    1200.129           0.000       0.000              96               0
  238         -50.090    -804.900           0.000       0.000             238               0
   42         242.818    1097.795           0.000       0.000              42               0
    2         319.398    -840.151           0.000       0.000               2               0
  227        -806.878   -1633.819           0.000       0.000             227               0
  173       -1720.958     527.889           0.000       0.000             173               0
  182         714.523    -262.835           0.000       0.000             182               0
  201          15.823    1434.127           0.000       0.000             201               0
  228         571.652    1073.992           0.000       0.000             228               0
  177        -684.196    -214.223           0.000       0.000             177               0
  171        -693.365     228.733           0.000       0.000             171               0
  184       -1112.904    -783.087           0.000       0.000             184               0
   58       -1812.808    -476.655           0.000       0.000              58               0
  195        -208.316     195.909           0.000       0.000             195               0
    7        -433.863     -11.280           0.000       0.000               7               0
  147         322.797   -1395.617           0.000       0.000             147               0
  100        1073.308    1600.836           0.000       0.000             100               0
  183        -315.112   -1237.208           0.000       0.000             183               0
  156        1763.016   -1462.716           0.000       0.000             156               0
   51         556.871    -365.501           0.000       0.000              51               0
  112         -68.313    1299.461           0.000       0.000             112               0
  110        1215.203   -2241.004           0.000       0.000             110               0
  198         261.857     391.422           0.000       0.000             198               0
   88        -521.279     196.972           0.000       0.000              88               0
   67       -1356.216    1257.311           0.000       0.000              67               0
  247         603.791    1795.877           0.000       0.000             247               0
   77        -439.932     524.034           0.000       0.000              77               0
  184       -1728.672     139.167           0.000       0.000             184               0
  108         576.473     469.077           0.000       0.000             108               0
   33        2184.781     856.291           0.000       0.000              33               0
  151         762.797     169.855           0.000       0.000             151               0
  204        -218.484     893.038           0.000       0.000             204               0
   16       -1061.776     -41.518           0.000       0.000              16               0
  193         164.121    -102.301           0.000       0.000             193               0
  207         562.588    2342.529           0.000       0.000             207               0
  244         371.692   -1688.640           0.000       0.000             244               0
  111       -1069.891   -1316.184           0.000       0.000             111               0
  133         745.061   -3788.432           0.000       0.000             133               0
  190        2068.088    2452.142           0.000       0.000             190               0
   83       -3159.374   -1975.659           0.000       0.000              83               0
   54       -2813.656    1123.553           0.000       0.000              54               0
  105        -153.219   -1812.398           0.000       0.000             105               0
   12        -831.269      64.379           0.000       0.000              12               0
  113         -69.677    -362.948           0.000       0.000             113               0
   45         471.254     503.699           0.000       0.000              45               0
   19         745.282     350.857           0.000       0.000              19               0
    4        1619.695     482.566           0.000       0.000               4               0
  145        1225.200     419.292           0.000       0.000             145               0
  203         351.734      54.507           0.000       0.000             203               0
  161         266.515    -171.945           0.000       0.000             161               0
  196        1621.271     387.525           0.000       0.000             196               0
   59       -1616.228    1211.245           0.000       0.000              59               0
   15       -1306.459    -824.424           0.000       0.000              15               0
  139        2008.318     -79.242           0.000       0.000             139               0
  147          51.884    1450.574           0.000       0.000             147               0
   83        1178.564    1848.412           0.000       0.000              83               0
  130       -1047.475    1089.569           0.000       0.000             130               0
  224         937.676     457.053           0.000       0.000             224               0
   11         615.433     -89.376           0.000       0.000              11               0
  238        1658.290    1396.414           0.000       0.000             238               0
    2       -1846.495   -2289.530           0.000       0.000               2               0
  163        -113.015   -1688.805           0.000       0.000             163               0
  187        2916.290   -2255.019           0.000       0.000             187               0
   18        -468.145    -638.774           0.000       0.000              18               0
  100       -1397.723    -630.537           0.000       0.000             100               0
  139        1219.125    1781.689           0.000       0.000             139               0
    6         532.049     902.617           0.000       0.000               6               0
  212        1890.140    -812.973           0.000       0.000             212               0
   16        1420.296   -2467.928           0.000       0.000              16               0
  196         969.112    -889.144           0.000       0.000             196               0
   39          84.543     928.865           0.000       0.000              39               0
   71         540.285    -408.084           0.000       0.000              71               0
   45        -485.191   -1009.667           0.000       0.000              45               0
   51        2940.213    1584.438           0.000       0.000              51               0
  184         191.249     371.965           0.000       0.000             184               0
   90         816.646   -1525.792           0.000       0.000              90               0
   71       -1353.832      56.210           0.000       0.000              71               0
  189        1281.046    -905.654           0.000       0.000             189               0
  236        1015.110    1067.766           0.000       0.000             236               0
   18        -649.302   -2652.152           0.000       0.000              18               0
   94        -924.467    -869.881           0.000       0.000              94               0
  177        -138.550    -855.626           0.000       0.000             177               0
   77       -1617.125    -522.302           0.000       0.000              77               0
  110        1136.366    1456.677           0.000       0.000             110               0
   60        1603.534     122.463           0.000       0.000              60               0
  225       -1260.850    -455.182           0.000       0.000             225               0
  193        -327.952   -1684.064           0.000       0.000             193               0
  191         745.677    1653.118           0.000       0.000             191               0
  194        1208.044     899.874           0.000       0.000             194               0
  205         935.219    1277.096           0.000       0.000             205               0
  173        -107.808     399.671           0.000       0.000             173               0
  196        -470.292    2759.462           0.000       0.000             196               0
  112       -2619.747    -206.486           0.000       0.000             112               0
  105        -991.905    -887.620           0.000       0.000             105               0
  215       -1053.345     941.203           0.000       0.000             215               0
  213        2314.264    1458.273           0.000       0.000             213               0
  244        -489.467    1159.446           0.000       0.000             244               0
  221         845.163    3031.498           0.000       0.000             221               0
  169        -239.371    1063.180           0.000       0.000             169               0
    5        -294.689     469.338           0.000       0.000               5               0
  162         518.588     736.110           0.000       0.000             162               0
  208        1506.710     -10.602           0.000       0.000             208               0
   77        -395.183   -1884.308           0.000       0.000              77               0
  207         452.108   -1823.935           0.000       0.000             207               0
    4        1350.319    2868.589           0.000       0.000               4               0
    5        2014.048    -954.203           0.000       0.000               5               0
   42        -620.823    -432.810           0.000       0.000              42               0
   76         174.131     841.034           0.000       0.000              76               0
  195        -469.181     663.604           0.000       0.000             195               0
   23       -1326.031    -777.613           0.000       0.000              23               0
   95       -1321.656     -14.031           0.000       0.000              95               0
   33         987.413      89.738           0.000       0.000              33               0
  200        -760.889    1124.282           0.000       0.000             200               0
  173        2006.347   -1583.123           0.000       0.000             173               0
  144        1920.690    -535.515           0.000       0.000             144               0
    4         174.184    -393.556           0.000       0.000               4               0
  142        -212.615    -468.059           0.000       0.000             142               0
   81          -8.476    1219.638           0.000       0.000              81               0
  195        3592.425     603.630           0.000       0.000             195               0
   80       -1817.527     -85.505           0.000       0.000              80               0
   30        -180.902    1092.852           0.000       0.000              30               0
  113        -444.539     157.468           0.000       0.000             113               0
   21        -800.792    -725.213           0.000       0.000              21               0
  143        -265.088     395.123           0.000       0.000             143               0
  219        -554.438     871.636           0.000       0.000             219               0
  236        1148.429     -64.209           0.000       0.000             236               0
  100       -1766.423    1739.248           0.000       0.000             100               0
  208         438.025    -552.477           0.000       0.000             208               0
  201           6.168   -1245.759           0.000       0.000             201               0
   13       -1143.990   -2727.571           0.000       0.000              13               0
  213        -599.222     711.524           0.000       0.000             213               0
  108        -535.871    1523.604           0.000       0.000             108               0
  222        1128.196    -870.368           0.000       0.000             222               0
   35        -123.047    -509.122           0.000       0.000              35               0
   59         594.944   -1082.615           0.000       0.000              59               0
  227       -1497.149   -1634.822           0.000       0.000             227               0
   41        -815.749    1768.630           0.000       0.000              41               0
  102         957.746   -1876.257           0.000       0.000             102               0
   47       -2618.451    1721.743           0.000       0.000              47               0
  236         822.345   -1460.286           0.000       0.000             236               0
  125       -2129.718    1229.779           0.000       0.000             125               0
  142        -447.701    -234.383           0.000       0.000             142               0
   14          90.596     168.600           0.000       0.000              14               0
   69        1774.528   -1092.412           0.000       0.000              69               0
   59        -574.834     988.000           0.000       0.000              59               0
  158       -2066.973    -132.751           0.000       0.000             158               0
   74          -1.694   -1741.858           0.000       0.000              74               0
  202        -419.530     699.905           0.000       0.000             202               0
  240       -1634.034     919.395           0.000       0.000             240               0
   14        1384.165     769.724           0.000       0.000              14               0
   27         274.760    -780.265           0.000       0.000              27               0
   15         629.162    -994.296           0.000       0.000              15               0
  127        1787.554   -1277.242           0.000       0.000             127               0
   48         114.445    -581.750           0.000       0.000              48               0
  158       -1522.128    -417.185           0.000       0.000             158               0
   91       -1218.321   -1363.306           0.000       0.000              91               0
   28        -195.177    1182.296           0.000       0.000              28               0
    2        -579.308   -2375.094           0.000       0.000               2               0
   43        1581.106    1173.640           0.000       0.000              43               0
  230         534.901     196.842           0.000       0.000             230               0
   16        -213.564    -499.135           0.000       0.000              16               0
    1          88.924    1550.657           0.000       0.000               1               0
   82         885.039     159.588           0.000       0.000              82               0
  238        -597.244   -1914.761           0.000       0.000             238               0
   36       -1200.000      -0.029           0.000       0.000              36               0
  142        -597.657    1914.580           0.000       0.000             142               0
  209         885.232    -159.559           0.000       0.000             209               0
   77          89.430   -1550.596           0.000       0.000              77               0
  245        -213.659     499.218           0.000       0.000             245               0
    1         535.077    -196.632           0.000       0.000               1               0
   58        1581.325   -1172.804           0.000       0.000              58               0
  115        -580.396    2375.042           0.000       0.000             115               0
  144        -194.982   -1182.319           0.000       0.000             144               0
   72       -1218.889    1363.073           0.000       0.000              72               0
  185       -1522.050     416.689           0.000       0.000             185               0
  203         114.658     581.847           0.000       0.000             203               0
  231        1787.266    1277.801           0.000       0.000             231               0
    3         628.696     994.296           0.000       0.000               3               0
  150         274.381     779.991           0.000       0.000             150               0
  216        1384.075    -769.588           0.000       0.000             216               0
   17       -1634.056    -920.018           0.000       0.000              17               0
  177        -419.359    -699.863           0.000       0.000             177               0
  232          -2.462    1741.885           0.000       0.000             232               0
  145       -2067.028     131.806           0.000       0.000             145               0
  225        -574.167    -988.220           0.000       0.000             225               0
  134        1774.228    1092.990           0.000       0.000             134               0
  237          90.381    -168.721           0.000       0.000             237               0
  254        -448.072     234.080           0.000       0.000             254               0
  137       -2129.308   -1230.466           0.000       0.000             137               0
   24         821.841    1460.521           0.000       0.000              24               0
  229       -2617.792   -1722.598           0.000       0.000             229               0
  154         957.316    1876.592           0.000       0.000             154               0
   26        -815.189   -1768.859           0.000       0.000              26               0
   56       -1497.451    1634.527           0.000       0.000              56               0
  136         594.870    1082.695           0.000       0.000             136               0
   62        -123.044     508.888           0.000       0.000              62               0
  198        1127.912     870.415           0.000       0.000             198               0
   90        -535.490   -1523.973           0.000       0.000              90               0
  140        -599.008    -711.446           0.000       0.000             140               0
  188       -1144.762    2727.256           0.000       0.000             188               0
   91           5.974    1245.350           0.000       0.000              91               0
  199         437.859     552.049           0.000       0.000             199               0
   47       -1765.661   -1740.195           0.000       0.000              47               0
  235        1148.621      64.435           0.000       0.000             235               0
   15        -554.120    -871.971           0.000       0.000              15               0
  232        -264.861    -395.210           0.000       0.000             232               0
  183        -800.873     724.832           0.000       0.000             183               0
  247        -444.223    -157.890           0.000       0.000             247               0
  236        -180.287   -1093.038           0.000       0.000             236               0
   77       -1816.938      84.832           0.000       0.000              77               0
  207        3593.038    -602.545           0.000       0.000             207               0
  254          -8.134   -1219.539           0.000       0.000             254               0
  254        -212.609     468.167           0.000       0.000             254               0
  183         174.391     393.665           0.000       0.000             183               0
  144        1920.724     536.167           0.000       0.000             144               0
  224        2005.588    1583.527           0.000       0.000             224               0
   62        -760.744   -1124.828           0.000       0.000              62               0
  125         987.241     -89.474           0.000       0.000             125               0
  222       -1321.880      13.523           0.000       0.000             222               0
  200       -1326.169     776.961           0.000       0.000             200               0
  150        -468.659    -664.023           0.000       0.000             150               0
  196         174.687    -841.015           0.000       0.000             196               0
   98        -620.555     432.600           0.000       0.000              98               0
  176        2014.070     954.559           0.000       0.000             176               0
  252        1351.255   -2868.133           0.000       0.000             252               0
  235         451.383    1824.325           0.000       0.000             235               0
  239        -395.745    1883.841           0.000       0.000             239               0
  195        1506.741      10.539           0.000       0.000             195               0
   69         518.647    -736.401           0.000       0.000              69               0
  124        -294.653    -469.869           0.000       0.000             124               0
  127        -238.975   -1063.754           0.000       0.000             127               0
  160         846.160   -3031.399           0.000       0.000             160               0
   67        -489.050   -1159.510           0.000       0.000              67               0
  175        2314.542   -1457.356           0.000       0.000             175               0
  140       -1053.476    -941.265           0.000       0.000             140               0
   83        -992.440     887.403           0.000       0.000              83               0
  152       -2619.690     205.333           0.000       0.000             152               0
   67        -468.934   -2759.678           0.000       0.000              67               0
   74        -107.253    -399.517           0.000       0.000              74               0
  133         935.980   -1276.628           0.000       0.000             133               0
  145        1208.446    -899.213           0.000       0.000             145               0
   26         746.130   -1652.348           0.000       0.000              26               0
  131        -328.626    1684.400           0.000       0.000             131               0
  143       -1260.789     454.834           0.000       0.000             143               0
  210        1603.790    -121.901           0.000       0.000             210               0
   20        1136.627   -1456.018           0.000       0.000              20               0
  112       -1617.421     522.218           0.000       0.000             112               0
   17        -138.730     855.898           0.000       0.000              17               0
  145        -924.593     869.838           0.000       0.000             145               0
   79        -649.794    2651.828           0.000       0.000              79               0
  218        1015.836   -1067.589           0.000       0.000             218               0
   40        1280.780     906.113           0.000       0.000              40               0
   19       -1353.654     -56.655           0.000       0.000              19               0
   60         816.499    1525.940           0.000       0.000              60               0
  216         191.749    -372.188           0.000       0.000             216               0
   15        2940.820   -1583.373           0.000       0.000              15               0
   40        -485.636    1009.688           0.000       0.000              40               0
  200         540.250     408.214           0.000       0.000             200               0
  210          85.022    -928.704           0.000       0.000             210               0
  109         969.041     889.774           0.000       0.000             109               0
   69        1419.589    2468.338           0.000       0.000              69               0
   82        1889.749     813.169           0.000       0.000              82               0
   14         532.130    -902.785           0.000       0.000              14               0
  136        1219.400   -1781.174           0.000       0.000             136               0
    2       -1398.125     630.381           0.000       0.000               2               0
  154        -468.092     638.860           0.000       0.000             154               0
  219        2915.499    2256.047           0.000       0.000             219               0
  154        -113.992    1688.517           0.000       0.000             154               0
  222       -1847.201    2288.277           0.000       0.000             222               0
   38        1658.936   -1396.482           0.000       0.000              38               0
   31         615.317      89.207           0.000       0.000              31               0
  111         937.625    -457.183           0.000       0.000             111               0
   65       -1047.167   -1090.305           0.000       0.000              65               0
  163        1179.216   -1848.175           0.000       0.000             163               0
  255          52.332   -1450.412           0.000       0.000             255               0
   19        2008.022      80.110           0.000       0.000              19               0
  183       -1307.096     823.899           0.000       0.000             183               0
  111       -1615.645   -1211.893           0.000       0.000             111               0
   37        1621.594    -386.894           0.000       0.000              37               0
   73         266.421     172.069           0.000       0.000              73               0
  190         351.809     -54.442           0.000       0.000             190               0
  255        1225.356    -418.923           0.000       0.000             255               0
  113        1619.637    -481.998           0.000       0.000             113               0
  210         745.012    -350.531           0.000       0.000             210               0
   59         470.983    -503.376           0.000       0.000              59               0
   74         -70.273     363.101           0.000       0.000              74               0
  225        -831.635     -64.460           0.000       0.000             225               0
   99        -154.264    1812.334           0.000       0.000              99               0
   19       -2813.554   -1124.490           0.000       0.000              19               0
  180       -3159.563    1974.552           0.000       0.000             180               0
  209        2069.374   -2451.257           0.000       0.000             209               0
   88         743.700    3788.903           0.000       0.000              88               0
    7       -1070.328    1315.447           0.000       0.000               7               0
  224         371.269    1688.105           0.000       0.000             224               0
  224         563.364   -2342.816           0.000       0.000             224               0
    9         163.959     102.233           0.000       0.000               9               0
  122       -1061.776      40.891           0.000       0.000             122               0
  188        -217.945    -893.333           0.000       0.000             188               0
  164         763.095    -169.770           0.000       0.000             164               0
   89        2184.963    -855.708           0.000       0.000              89               0
  227         576.162    -468.950           0.000       0.000             227               0
  196       -1728.869    -139.867           0.000       0.000             196               0
  200        -439.686    -524.390           0.000       0.000             200               0
   36         604.315   -1795.723           0.000       0.000              36               0
  103       -1355.838   -1257.527           0.000       0.000             103               0
  199        -520.992    -196.850           0.000       0.000             199               0
   56         262.245    -390.974           0.000       0.000              56               0
   31        1214.523    2241.474           0.000       0.000              31               0
   55         -67.878   -1299.518           0.000       0.000              55               0
   93         556.847     365.939           0.000       0.000              93               0
  104        1762.385    1463.367           0.000       0.000             104               0
  246        -315.739    1236.820           0.000       0.000             246               0
   92        1073.648   -1600.569           0.000       0.000              92               0
  218         321.954    1395.744           0.000       0.000             218               0
  200        -434.218      10.951           0.000       0.000             200               0
  152        -208.614    -196.049           0.000       0.000             152               0
   37       -1813.193     475.999           0.000       0.000              37               0
  169       -1113.132     782.507           0.000       0.000             169               0
  252        -693.187    -229.222           0.000       0.000             252               0
   56        -684.082     213.712           0.000       0.000              56               0
   94         572.133   -1074.052           0.000       0.000              94               0
  206          16.299   -1434.069           0.000       0.000             206               0
  144         714.252     263.204           0.000       0.000             144               0
  102       -1720.899    -528.305           0.000       0.000             102               0
  174        -807.220    1633.600           0.000       0.000             174               0
  113         319.304     839.953           0.000       0.000             113               0
  112         243.245   -1097.895           0.000       0.000             112               0
   41         -50.302     804.747           0.000       0.000              41               0
   46         830.993   -1199.930           0.000       0.000              46               0
   20        -927.699    1026.587           0.000       0.000              20               0
  130        1517.810     149.733           0.000       0.000             130               0
   18       -1118.831     -98.515           0.000       0.000              18               0
  216        -764.620    1480.912           0.000       0.000             216               0
   75          97.364   -1951.491           0.000       0.000              75               0
   55        -905.644    -344.105           0.000       0.000              55               0
   64        -235.400   -1633.208           0.000       0.000              64               0
   19         700.498    -830.781           0.000       0.000              19               0
  111       -1987.658    -155.710           0.000       0.000             111               0
   96       -1348.545   -1017.599           0.000       0.000              96               0
   74         220.881     905.195           0.000       0.000              74               0
  205         628.536    1545.974           0.000       0.000             205               0
  201        1314.171   -1593.849           0.000       0.000             201               0
   64        -848.785    -300.416           0.000       0.000              64               0
   42        1462.533   -1727.064           0.000       0.000              42               0
  163        -684.496       2.673           0.000       0.000             163               0
    8       -2766.683    -750.573           0.000       0.000               8               0
  195       -2458.472      82.201           0.000       0.000             195               0
  201        -573.147    -999.957           0.000       0.000             201               0
  178       -2978.727   -2238.820           0.000       0.000             178               0
  191         790.224   -1629.924           0.000       0.000             191               0
    1         181.319   -1118.091           0.000       0.000               1               0
   17        2102.932    1887.615           0.000       0.000              17               0
  142       -1079.656    -250.714           0.000       0.000             142               0
  146        -182.142      64.532           0.000       0.000             146               0
  119        1527.304     819.967           0.000       0.000             119               0
   60       -1343.497    -321.447           0.000       0.000              60               0
    4         357.987    -739.950           0.000       0.000               4               0
  232        1621.328    1099.623           0.000       0.000             232               0
  101         414.447    1940.957           0.000       0.000             101               0
   51        -122.571   -1291.376           0.000       0.000              51               0
  252        1276.542    -720.042           0.000       0.000             252               0
  232       -1152.215     -68.446           0.000       0.000             232               0
   69         931.623     257.226           0.000       0.000              69               0
  213        1450.351   -1071.124           0.000       0.000             213               0
   51         589.455     611.181           0.000       0.000              51               0
  124        -639.844    -228.033           0.000       0.000             124               0
   22        -552.317    -836.939           0.000       0.000              22               0
   70        -542.425    -837.081           0.000       0.000              70               0
  236        2235.733    2151.465           0.000       0.000             236               0
  118        1090.433   -1223.904           0.000       0.000             118               0
  144        -505.301     334.791           0.000       0.000             144               0
  185       -1584.352    -173.247           0.000       0.000             185               0
   63        -485.496     -65.264           0.000       0.000              63               0
  209       -1040.090     151.743           0.000       0.000             209               0
  228       -1285.370    1675.262           0.000       0.000             228               0
  227       -1508.404     -87.293           0.000       0.000             227               0
  218         700.625    -989.665           0.000       0.000             218               0
  167         -98.876     791.058           0.000       0.000             167               0
  172         -72.463    -665.321           0.000       0.000             172               0
  141        -986.951    2258.343           0.000       0.000             141               0
  102         505.917    -306.621           0.000       0.000             102               0
  173       -1021.359    -529.732           0.000       0.000             173               0
  158        -604.730     715.707           0.000       0.000             158               0
  245        1762.739     229.131           0.000       0.000             245               0
   64         905.469    -157.581           0.000       0.000              64               0
   22        1134.490   -2540.525           0.000       0.000              22               0
   49         394.868    -256.311           0.000       0.000              49               0
   69         153.554    1922.084           0.000       0.000              69               0
  254         214.631     295.895           0.000       0.000             254               0
  151        -753.877     255.559           0.000       0.000             151               0
  120         169.229   -1010.770           0.000       0.000             120               0
  251       -1150.214   -1205.872           0.000       0.000             251               0
  127       -1001.004    -198.717           0.000       0.000             127               0
  190       -2301.717   -2840.217           0.000       0.000             190               0
  209         425.996     313.186           0.000       0.000             209               0
  178         615.351     -73.380           0.000       0.000             178               0
   59        1686.284    -717.872           0.000       0.000              59               0
  231       -1200.445    -798.578           0.000       0.000             231               0
  249         417.649   -1306.206           0.000       0.000             249               0
   39         908.676    -614.916           0.000       0.000              39               0
   93         667.167    -487.434           0.000       0.000              93               0
  138        -466.184     462.587           0.000       0.000             138               0
  225       -2140.733    1221.653           0.000       0.000             225               0
  157         911.090     998.804           0.000       0.000             157               0
   91        -292.367   -2205.390           0.000       0.000              91               0
  197          67.799    -478.541           0.000       0.000             197               0
  128         727.554     108.592           0.000       0.000             128               0
   54        -458.017   -2539.259           0.000       0.000              54               0
  109       -1207.025    1555.552           0.000       0.000             109               0
   44          -3.905   -3430.285           0.000       0.000              44               0
  195       -1455.843     335.444           0.000       0.000             195               0
  212       -1136.169     313.260           0.000       0.000             212               0
  218        -782.969    -228.048           0.000       0.000             218               0
   98       -1472.939    1973.686           0.000       0.000              98               0
  201       -2621.719     673.984           0.000       0.000             201               0
   27        2080.418   -3697.993           0.000       0.000              27               0
  121       -1986.421     152.635           0.000       0.000             121               0
  251        -209.528   -1842.729           0.000       0.000             251               0
   96         934.077    2267.089           0.000       0.000              96               0
  120        1007.355     212.647           0.000       0.000             120               0
