SINAL     NFT                         FFT                         NFT INVERSA     FFT INVERSA
-----     -----------------------     -----------------------     -----------     -----------
  204       66565.000       0.000           0.000       0.000             204               0
   62         504.066   -1257.928           0.000       0.000              62               0
  243        -393.251   -2875.945           0.000       0.000             243               0
  248        1089.437    -958.495           0.000       0.000             248               0
   42         684.679     712.828           0.000       0.000              42               0
    4        -374.667    2112.607           0.000       0.000               4               0
   29       -2157.424    1859.628           0.000       0.000              29               0
  136       -1205.047     934.152           0.000       0.000             136               0
  117        -207.624    -373.641           0.000       0.000             117               0
  105         851.088    -129.355           0.000       0.000             105               0
   11       -2070.323      77.218           0.000       0.000              11               0
   65         119.728     764.808           0.000       0.000              65               0
  250         583.215    -913.586           0.000       0.000             250               0
   25        2110.433     878.194           0.000       0.000              25               0
   28         824.905    1941.105           0.000       0.000              28               0
  122        1025.330   -1788.886           0.000       0.000             122               0
   64        1505.651     426.694           0.000       0.000              64               0
  138         423.467    -229.632           0.000       0.000             138               0
  233        1075.315    2023.223           0.000       0.000             233               0
  255         512.858     187.087           0.000       0.000             255               0
   93         320.146    1169.502           0.000       0.000              93               0
  159        -703.031    1110.775           0.000       0.000             159               0
    3        1454.885    1898.862           0.000       0.000               3               0
   55       -3099.069    -489.521           0.000       0.000              55               0
   11        1270.012     119.356           0.000       0.000              11               0
  208         140.995   -1599.966           0.000       0.000             208               0
  245        -297.189    1957.535           0.000       0.000             245               0
   23        -129.449     166.220           0.000       0.000              23               0
  176        -817.720     182.774           0.000       0.000             176               0
  138        -417.812    -288.450           0.000       0.000             138               0
  191        2834.846   -2726.998           0.000       0.000             191               0
  125        2342.392    -205.880           0.000       0.000             125               0
  201        3120.570     -93.042           0.000       0.000             201               0
  179        -557.554    1203.950           0.000       0.000             179               0
  117        -357.234      78.529           0.000       0.000             117               0
  243        1676.390     645.177           0.000       0.000             243               0
  184       -1594.572      78.163           0.000       0.000             184               0
  147        2248.995   -1745.866           0.000       0.000             147               0
  123       -1893.737   -1942.977           0.000       0.000             123               0
   45          42.531     486.942           0.000       0.000              45               0
  252        2279.619     825.875           0.000       0.000             252               0
  135         340.701   -1431.278           0.000       0.000             135               0
  111         835.540    -438.545           0.000       0.000             111               0
  246           9.199     169.430           0.000       0.000             246               0
  160          29.154     890.342           0.000       0.000             160               0
  139        -314.912    -182.409           0.000       0.000             139               0
  113        -167.740    2036.828           0.000       0.000             113               0
  225         472.366    1564.568           0.000       0.000             225               0
   21        1008.365    -288.511           0.000       0.000              21               0
   90         541.440    1531.665           0.000       0.000              90               0
  224         887.771     762.832           0.000       0.000             224               0
  115        1461.743   -1197.533           0.000       0.000             115               0
  250        -550.300    -622.068           0.000       0.000             250               0
  228       -1671.811     465.722           0.000       0.000             228               0
  170        1391.908     764.814           0.000       0.000             170               0
    6       -1905.239    1388.790           0.000       0.000               6               0
  180        3063.898     398.299           0.000       0.000             180               0
  159        1804.334    -154.943           0.000       0.000             159               0
   29        1283.338    -410.936           0.000       0.000              29               0
  101         993.504     498.648           0.000       0.000             101               0
   42         -30.878     642.655           0.000       0.000              42               0
  221        -471.680   -1985.596           0.000       0.000             221               0
  226        -123.446    -989.413           0.000       0.000             226               0
  243        -783.618     604.134           0.000       0.000             243               0
  145         -77.822    -696.124           0.000       0.000             145               0
   88       -1173.530    -657.357           0.000       0.000              88               0
  230         338.407   -1691.209           0.000       0.000             230               0
   73       -1619.701    -322.454           0.000       0.000              73               0
  236        -124.243    1386.886           0.000       0.000             236               0
   98        -649.471    -976.155           0.000       0.000              98               0
  119         -54.689     115.119           0.000       0.000             119               0
  232        1076.347     623.160           0.000       0.000             232               0
  233       -1266.634    -143.017           0.000       0.000             233               0
  230        -307.058    1498.166           0.000       0.000             230               0
  223       -1290.043    1142.933           0.000       0.000             223               0
  138        -679.960      74.472           0.000       0.000             138               0
  114        -369.255   -1116.363           0.000       0.000             114               0
   80        1394.249    1916.512           0.000       0.000              80               0
  107        -813.670    -560.710           0.000       0.000             107               0
  135         292.669      77.209           0.000       0.000             135               0
  170        -648.919     129.492           0.000       0.000             170               0
   75         225.835    -132.724           0.000       0.000              75               0
  250         917.833    1172.154           0.000       0.000             250               0
  165          23.684   -1104.413           0.000       0.000             165               0
   47       -1209.281     156.332           0.000       0.000              47               0
  165         216.316   -2010.528           0.000       0.000             165               0
  171       -1492.210   -1007.310           0.000       0.000             171               0
  228         625.340    -726.528           0.000       0.000             228               0
   69        -603.617   -1578.703           0.000       0.000              69               0
  201        1594.921    -440.375           0.000       0.000             201               0
   73         470.956     574.284           0.000       0.000              73               0
  111         381.551    1198.066           0.000       0.000             111               0
  166       -3385.835    -800.109           0.000       0.000             166               0
   44       -1339.618   -2099.155           0.000       0.000              44               0
   98       -2193.675    -293.438           0.000       0.000              98               0
   56        -668.831     855.373           0.000       0.000              56               0
  133       -1326.365    -959.788           0.000       0.000             133               0
   73       -2225.240   -1232.936           0.000       0.000              73               0
  129         721.288    1062.095           0.000       0.000             129               0
  113        1796.298    -475.394           0.000       0.000             113               0
  171          -4.461    -233.700           0.000       0.000             171               0
  249         284.368    -805.944           0.000       0.000             249               0
   90       -2327.578   -2756.109           0.000       0.000              90               0
  148         692.019    -738.395           0.000       0.000             148               0
  223         673.520    1688.879           0.000       0.000             223               0
   57        -474.422   -1686.772           0.000       0.000              57               0
   30         533.348   -1150.237           0.000       0.000              30               0
   82        1512.864    3109.730           0.000       0.000              82               0
  137         581.960     427.928           0.000       0.000             137               0
  138        -832.694   -1170.394           0.000       0.000             138               0
  217         235.079     723.922           0.000       0.000             217               0
   52       -2557.960    1636.025           0.000       0.000              52               0
  213         305.739    1673.022           0.000       0.000             213               0
  212         747.116    1135.979           0.000       0.000             212               0
  217       -1005.810     418.533           0.000       0.000             217               0
    5       -1357.805    2122.072           0.000       0.000               5               0
  122       -1642.990     658.621           0.000       0.000             122               0
  132        2856.375    2368.659           0.000       0.000             132               0
  234        -393.503   -1890.286           0.000       0.000             234               0
  191       -2390.633    2499.943           0.000       0.000             191               0
   77        1120.125     129.885           0.000       0.000              77               0
   52       -2605.335    -964.839           0.000       0.000              52               0
   46         922.729    1130.581           0.000       0.000              46               0
  244         405.814    1768.884           0.000       0.000             244               0
   96        -535.175    -625.396           0.000       0.000              96               0
  145         651.076     918.872           0.000       0.000             145               0
   45       -1181.158     491.485           0.000       0.000              45               0
  230        -265.110    -603.556           0.000       0.000             230               0
  218        1248.026       7.085           0.000       0.000             218               0
  174        -352.691      -5.721           0.000       0.000             174               0
   88         144.074    -324.992           0.000       0.000              88               0
  133         488.428    1180.388           0.000       0.000             133               0
  168         422.914    -208.253           0.000       0.000             168               0
  178         204.536    1443.877           0.000       0.000             178               0
   26       -2144.040     211.159           0.000       0.000              26               0
  136        -427.840     374.495           0.000       0.000             136               0
  235        -750.353   -1221.137           0.000       0.000             235               0
   57        2345.466     615.873           0.000       0.000              57               0
  218         379.257    -411.062           0.000       0.000             218               0
  117        -575.292    -157.949           0.000       0.000             117               0
  195        1138.569    1084.312           0.000       0.000             195               0
  180        1295.968    -601.499           0.000       0.000             180               0
  169        1280.213    1013.643           0.000       0.000             169               0
  153         874.019    1048.333           0.000       0.000             153               0
  136        2220.378    -542.180           0.000       0.000             136               0
  130       -1491.985   -1547.467           0.000       0.000             130               0
  159        -186.533    -837.017           0.000       0.000             159               0
    2        -339.248     -46.162           0.000       0.000               2               0
    7        -331.606     375.610           0.000       0.000               7               0
  137       -1266.923     -26.896           0.000       0.000             137               0
  194       -1344.835     358.913           0.000       0.000             194               0
   85        -697.113     872.702           0.000       0.000              85               0
  189        -993.359    -180.135           0.000       0.000             189               0
  241        -165.507    1354.052           0.000       0.000             241               0
   74        -447.997    2170.770           0.000       0.000              74               0
   30        1112.845   -1622.108           0.000       0.000              30               0
  130       -1244.591     475.043           0.000       0.000             130               0
  119         287.677     459.865           0.000       0.000             119               0
    5        -460.654     154.792           0.000       0.000               5               0
   93       -1582.815   -1609.695           0.000       0.000              93               0
   38         662.454    1277.430           0.000       0.000              38               0
   93         223.330    1861.228           0.000       0.000              93               0
  226         602.781    1116.500           0.000       0.000             226               0
  206        1653.026    -154.446           0.000       0.000             206               0
   15        1143.500    1053.782           0.000       0.000              15               0
  253         328.288    -288.617           0.000       0.000             253               0
   86        -432.187     217.050           0.000       0.000              86               0
  251        2425.263    -890.744           0.000       0.000             251               0
   54         395.291    -247.404           0.000       0.000              54               0
   49        -190.707   -1852.070           0.000       0.000              49               0
  112        -133.275    2073.864           0.000       0.000             112               0
  250         719.440    1778.447           0.000       0.000             250               0
  229        -193.056     856.710           0.000       0.000             229               0
   25        1525.194    1933.097           0.000       0.000              25               0
  148          16.036    -217.317           0.000       0.000             148               0
  109         517.638   -1717.152           0.000       0.000             109               0
  156        -744.556    1606.455           0.000       0.000             156               0
   51         828.250    -827.939           0.000       0.000              51               0
  112        1581.909    -778.802           0.000       0.000             112               0
  164        -421.458     463.684           0.000       0.000             164               0
  189         561.145    -580.103           0.000       0.000             189               0
   51         295.706    -858.160           0.000       0.000              51               0
  249         327.528      37.316           0.000       0.000             249               0
  122         330.242    -754.157           0.000       0.000             122               0
   36       -1124.838    -783.496           0.000       0.000              36               0
   68        1824.997    1843.303           0.000       0.000              68               0
  153       -1221.871     500.658           0.000       0.000             153               0
  167        -602.725     588.136           0.000       0.000             167               0
  187          23.619    -884.863           0.000       0.000             187               0
  159        -569.194     156.950           0.000       0.000             159               0
    4         717.600   -2209.114           0.000       0.000               4               0
  226         775.267    2912.215           0.000       0.000             226               0
  252       -1530.325     855.634           0.000       0.000             252               0
  231        1503.189     581.093           0.000       0.000             231               0
  176        -794.369     -65.755           0.000       0.000             176               0
   11        -204.270     848.226           0.000       0.000              11               0
  229          63.060    1573.171           0.000       0.000             229               0
    7       -1453.531    -690.853           0.000       0.000               7               0
    7       -1551.133    1108.051           0.000       0.000               7               0
   27        -938.216     179.118           0.000       0.000              27               0
   57         -56.681     318.847           0.000       0.000              57               0
  119         600.858    -279.505           0.000       0.000             119               0
   22         936.805    -602.571           0.000       0.000              22               0
   30         475.778    1075.684           0.000       0.000              30               0
  144         -65.955    -507.543           0.000       0.000             144               0
  170        -151.974    -358.018           0.000       0.000             170               0
  140         474.346    -501.591           0.000       0.000             140               0
   45         265.200     179.126           0.000       0.000              45               0
  221         782.460     475.560           0.000       0.000             221               0
  253        -673.520    -525.571           0.000       0.000             253               0
  209       -2263.693    -511.720           0.000       0.000             209               0
  154        -232.200     207.851           0.000       0.000             154               0
   48        1328.336   -1069.841           0.000       0.000              48               0
  203       -1638.129     134.014           0.000       0.000             203               0
   21        -204.620    2431.465           0.000       0.000              21               0
   85       -1375.192    -865.938           0.000       0.000              85               0
   15         267.585    1836.150           0.000       0.000              15               0
  175        2830.357     -60.608           0.000       0.000             175               0
  252         322.560    -438.039           0.000       0.000             252               0
  203        2887.304   -1932.706           0.000       0.000             203               0
   78        -824.381   -1851.925           0.000       0.000              78               0
    1        -251.682    -951.088           0.000       0.000               1               0
  173       -1668.564   -1642.445           0.000       0.000             173               0
   75        1018.740    -197.455           0.000       0.000              75               0
  232        1227.507    -548.025           0.000       0.000             232               0
   94         942.424    -817.223           0.000       0.000              94               0
   87         111.919    -872.957           0.000       0.000              87               0
  205        -199.794   -1140.208           0.000       0.000             205               0
  102         814.429   -1601.909           0.000       0.000             102               0
   94        1905.116    1309.449           0.000       0.000              94               0
  233          -1.864    -203.676           0.000       0.000             233               0
  159       -2124.148   -1473.999           0.000       0.000             159               0
  213       -1021.050     486.281           0.000       0.000             213               0
    0         900.633    1625.205           0.000       0.000              -0               0
  190         -23.308   -1359.065           0.000       0.000             190               0
  102        -260.665    2142.084           0.000       0.000             102               0
  170        -917.628   -1914.627           0.000       0.000             170               0
   74         719.463    -246.561           0.000       0.000              74               0
  147        1077.467     -93.595           0.000       0.000             147               0
  136        2172.699   -1659.238           0.000       0.000             136               0
   72        -710.017    2154.439           0.000       0.000              72               0
  100        1115.966     840.356           0.000       0.000             100               0
   35        1130.603     -95.194           0.000       0.000              35               0
  120         698.360   -3177.569           0.000       0.000             120               0
   48         224.947     932.182           0.000       0.000              48               0
   57        1291.908    2376.422           0.000       0.000              57               0
  206       -1856.983    -684.751           0.000       0.000             206               0
   64         593.809    -286.615           0.000       0.000              64               0
  232         698.552    -574.608           0.000       0.000             232               0
  202         -81.364     400.677           0.000       0.000             202               0
   11        -538.925    -417.051           0.000       0.000              11               0
   55         573.826    -315.889           0.000       0.000              55               0
  204         258.364   -1093.517           0.000       0.000             204               0
  185          59.112     608.166           0.000       0.000             185               0
  130         952.133     151.222           0.000       0.000             130               0
  180         -10.593    2167.408           0.000       0.000             180               0
   24       -1037.000      -0.415           0.000       0.000              24               0
  218          -9.674   -2167.554           0.000       0.000             218               0
  130         952.250    -150.770           0.000       0.000             130               0
  127          59.289    -607.961           0.000       0.000             127               0
   56         258.015    1093.724           0.000       0.000              56               0
  108         573.651     316.025           0.000       0.000             108               0
   30        -539.099     416.766           0.000       0.000              30               0
   13         -81.109    -400.752           0.000       0.000              13               0
  108         698.425     574.818           0.000       0.000             108               0
  221         593.578     286.689           0.000       0.000             221               0
  115       -1857.081     683.814           0.000       0.000             115               0
   22        1292.986   -2376.097           0.000       0.000              22               0
   39         225.375    -931.654           0.000       0.000              39               0
    7         697.451    3177.890           0.000       0.000               7               0
  159        1130.629      95.167           0.000       0.000             159               0
  112        1116.125    -840.250           0.000       0.000             112               0
  108        -709.245   -2154.481           0.000       0.000             108               0
  194        2172.190    1660.209           0.000       0.000             194               0
  233        1077.157      93.928           0.000       0.000             233               0
  156         718.983     246.861           0.000       0.000             156               0
  251        -918.554    1914.069           0.000       0.000             251               0
  183        -260.021   -2142.326           0.000       0.000             183               0
  220         -23.792    1359.020           0.000       0.000             220               0
  228         900.973   -1624.979           0.000       0.000             228               0
  130       -1021.163    -486.328           0.000       0.000             130               0
  232       -2124.482    1473.426           0.000       0.000             232               0
   28          -1.457     203.572           0.000       0.000              28               0
   78        1905.760   -1308.609           0.000       0.000              78               0
  162         813.780    1602.477           0.000       0.000             162               0
  159        -200.233    1140.165           0.000       0.000             159               0
    3         111.724     872.945           0.000       0.000               3               0
  186         942.225     817.452           0.000       0.000             186               0
  121        1227.215     548.341           0.000       0.000             121               0
  133        1018.305     197.825           0.000       0.000             133               0
   57       -1669.319    1641.878           0.000       0.000              57               0
  177        -251.892     950.886           0.000       0.000             177               0
  241        -824.651    1851.440           0.000       0.000             241               0
   88        2886.824    1933.159           0.000       0.000              88               0
  191         322.327     437.488           0.000       0.000             191               0
   94        2830.033      60.902           0.000       0.000              94               0
   53         267.538   -1836.426           0.000       0.000              53               0
   50       -1375.881     865.143           0.000       0.000              50               0
  117        -204.033   -2431.756           0.000       0.000             117               0
   93       -1638.098    -134.418           0.000       0.000              93               0
   58        1327.935    1070.215           0.000       0.000              58               0
   20        -232.497    -208.099           0.000       0.000              20               0
  205       -2263.935     510.820           0.000       0.000             205               0
  166        -673.402     525.068           0.000       0.000             166               0
  214         782.807    -475.552           0.000       0.000             214               0
  182         265.289    -179.152           0.000       0.000             182               0
   66         474.138     501.608           0.000       0.000              66               0
  210        -152.147     357.732           0.000       0.000             210               0
  110         -66.089     507.166           0.000       0.000             110               0
   31         476.178   -1075.766           0.000       0.000              31               0
  182         936.501     602.728           0.000       0.000             182               0
  240         600.483     279.378           0.000       0.000             240               0
    8         -56.944    -319.207           0.000       0.000               8               0
  211        -938.475    -179.767           0.000       0.000             211               0
   62       -1550.875   -1108.782           0.000       0.000              62               0
  170       -1453.594     690.081           0.000       0.000             170               0
  114          63.796   -1573.461           0.000       0.000             114               0
   65        -203.891    -848.354           0.000       0.000              65               0
  101        -794.164      65.371           0.000       0.000             101               0
  235        1503.441    -580.806           0.000       0.000             235               0
  199       -1529.988    -856.351           0.000       0.000             199               0
  159         776.457   -2911.689           0.000       0.000             159               0
  157         716.814    2209.627           0.000       0.000             157               0
  185        -569.194    -157.241           0.000       0.000             185               0
  247          23.332     884.695           0.000       0.000             247               0
   92        -602.510    -588.597           0.000       0.000              92               0
   23       -1221.405    -501.244           0.000       0.000              23               0
   45        1825.772   -1842.582           0.000       0.000              45               0
  143       -1125.059     783.357           0.000       0.000             143               0
  140         330.222     754.245           0.000       0.000             140               0
  139         327.696     -37.251           0.000       0.000             139               0
  201         295.557     858.185           0.000       0.000             201               0
  160         561.031     580.055           0.000       0.000             160               0
   89        -421.114    -463.987           0.000       0.000              89               0
  111        1581.795     779.199           0.000       0.000             111               0
  119         827.836     827.831           0.000       0.000             119               0
   16        -744.033   -1606.900           0.000       0.000              16               0
  178         517.181    1717.131           0.000       0.000             178               0
   73          16.104     216.720           0.000       0.000              73               0
  126        1525.857   -1933.018           0.000       0.000             126               0
  210        -192.833    -856.990           0.000       0.000             210               0
    0         720.014   -1778.305           0.000       0.000              -0               0
  110        -132.619   -2073.566           0.000       0.000             110               0
  218        -191.208    1852.270           0.000       0.000             218               0
  212         395.456     247.454           0.000       0.000             212               0
  173        2424.916     891.363           0.000       0.000             173               0
  133        -432.297    -217.464           0.000       0.000             133               0
   70         328.253     288.420           0.000       0.000              70               0
  238        1143.881   -1053.657           0.000       0.000             238               0
  234        1652.771     154.754           0.000       0.000             234               0
   50         602.795   -1116.607           0.000       0.000              50               0
  181         223.625   -1861.201           0.000       0.000             181               0
  137         662.443   -1276.914           0.000       0.000             137               0
  207       -1583.675    1609.276           0.000       0.000             207               0
  111        -460.649    -155.141           0.000       0.000             111               0
  129         287.690    -459.885           0.000       0.000             129               0
   43       -1244.467    -475.450           0.000       0.000              43               0
  134        1112.243    1622.193           0.000       0.000             134               0
  174        -447.506   -2171.267           0.000       0.000             174               0
  186        -165.266   -1354.018           0.000       0.000             186               0
   19        -993.592     179.867           0.000       0.000              19               0
   58        -696.918    -872.919           0.000       0.000              58               0
  132       -1344.721    -359.244           0.000       0.000             132               0
  180       -1266.733      26.553           0.000       0.000             180               0
  147        -331.215    -375.625           0.000       0.000             147               0
  243        -339.032      46.223           0.000       0.000             243               0
   44        -186.601     837.076           0.000       0.000              44               0
  163       -1492.002    1546.819           0.000       0.000             163               0
  166        2220.673     542.510           0.000       0.000             166               0
  117         874.521   -1048.364           0.000       0.000             117               0
   34        1280.643   -1013.249           0.000       0.000              34               0
  120        1295.707     601.853           0.000       0.000             120               0
  118        1138.689   -1084.012           0.000       0.000             118               0
  144        -575.499     157.798           0.000       0.000             144               0
   82         379.184     411.088           0.000       0.000              82               0
   74        2345.394    -615.135           0.000       0.000              74               0
   62        -751.232    1220.745           0.000       0.000              62               0
  215        -428.023    -374.943           0.000       0.000             215               0
  145       -2143.969    -212.152           0.000       0.000             145               0
   44         205.250   -1443.924           0.000       0.000              44               0
  194         422.925     208.336           0.000       0.000             194               0
  195         488.790   -1180.250           0.000       0.000             195               0
  226         143.870     325.082           0.000       0.000             226               0
   76        -352.687       5.529           0.000       0.000              76               0
  146        1247.921      -6.746           0.000       0.000             146               0
   81        -265.595     603.260           0.000       0.000              81               0
  205       -1181.035    -492.172           0.000       0.000             205               0
  190         651.376    -918.784           0.000       0.000             190               0
  216        -535.448     624.977           0.000       0.000             216               0
  124         406.373   -1768.986           0.000       0.000             124               0
  121         922.769   -1130.171           0.000       0.000             121               0
  236       -2605.786     963.933           0.000       0.000             236               0
  182        1120.127    -129.866           0.000       0.000             182               0
  253       -2389.819   -2500.772           0.000       0.000             253               0
  160        -393.734    1890.010           0.000       0.000             160               0
   74        2857.061   -2368.029           0.000       0.000              74               0
  240       -1643.158    -659.269           0.000       0.000             240               0
  204       -1357.090   -2122.513           0.000       0.000             204               0
  238       -1005.442    -418.769           0.000       0.000             238               0
  150         747.638   -1135.731           0.000       0.000             150               0
   66         306.112   -1672.796           0.000       0.000              66               0
   16       -2557.343   -1636.532           0.000       0.000              16               0
   14         235.628    -723.335           0.000       0.000              14               0
  185        -832.793    1170.378           0.000       0.000             185               0
  161         582.472    -427.777           0.000       0.000             161               0
   97        1514.005   -3108.785           0.000       0.000              97               0
    4         532.827    1151.117           0.000       0.000               4               0
  223        -475.029    1686.782           0.000       0.000             223               0
   57         674.066   -1688.392           0.000       0.000              57               0
  149         691.478     739.230           0.000       0.000             149               0
   11       -2328.568    2755.540           0.000       0.000              11               0
  252         284.310     805.905           0.000       0.000             252               0
   88          -4.395     233.623           0.000       0.000              88               0
  238        1796.044     475.908           0.000       0.000             238               0
   72         721.100   -1061.746           0.000       0.000              72               0
  235       -2226.063    1232.380           0.000       0.000             235               0
   64       -1326.752     959.246           0.000       0.000              64               0
   22        -668.655    -855.589           0.000       0.000              22               0
  169       -2193.797     292.964           0.000       0.000             169               0
   25       -1340.202    2098.722           0.000       0.000              25               0
  147       -3385.589     798.644           0.000       0.000             147               0
   35         382.703   -1198.106           0.000       0.000              35               0
    5         471.646    -573.953           0.000       0.000               5               0
   73        1594.944     441.183           0.000       0.000              73               0
   32        -604.094    1578.602           0.000       0.000              32               0
  166         625.126     726.696           0.000       0.000             166               0
  148       -1492.451    1006.780           0.000       0.000             148               0
   17         215.842    2010.317           0.000       0.000              17               0
  114       -1208.984    -157.099           0.000       0.000             114               0
  130          23.716    1104.034           0.000       0.000             130               0
  167         918.451   -1172.179           0.000       0.000             167               0
  181         225.831     132.650           0.000       0.000             181               0
  147        -648.753    -129.893           0.000       0.000             147               0
  182         292.842     -77.267           0.000       0.000             182               0
  110        -813.633     560.138           0.000       0.000             110               0
   52        1395.010   -1916.159           0.000       0.000              52               0
   24        -369.728    1116.206           0.000       0.000              24               0
  114        -679.947     -75.019           0.000       0.000             114               0
   19       -1289.500   -1143.600           0.000       0.000              19               0
   82        -306.316   -1498.216           0.000       0.000              82               0
    7       -1266.309     142.705           0.000       0.000               7               0
   31        1076.881    -622.725           0.000       0.000              31               0
   78         -54.572    -114.967           0.000       0.000              78               0
   96        -649.657     975.920           0.000       0.000              96               0
   14        -123.646   -1386.871           0.000       0.000              14               0
  151       -1619.529     322.230           0.000       0.000             151               0
   76         338.173    1691.410           0.000       0.000              76               0
   78       -1173.435     656.836           0.000       0.000              78               0
  173         -77.656     695.905           0.000       0.000             173               0
  246        -782.994    -604.462           0.000       0.000             246               0
  104        -123.287     989.411           0.000       0.000             104               0
   64        -471.803    1985.107           0.000       0.000              64               0
   25         -29.993    -643.113           0.000       0.000              25               0
  110         994.320    -498.507           0.000       0.000             110               0
  138        1283.728     411.178           0.000       0.000             138               0
   57        1804.663     155.231           0.000       0.000              57               0
   20        3063.891    -397.633           0.000       0.000              20               0
   31       -1904.859   -1389.625           0.000       0.000              31               0
   75        1392.269    -764.346           0.000       0.000              75               0
  135       -1671.527    -466.190           0.000       0.000             135               0
  161        -549.952     621.923           0.000       0.000             161               0
  242        1461.819    1197.738           0.000       0.000             242               0
   60         888.270    -762.953           0.000       0.000              60               0
   52         542.179   -1531.624           0.000       0.000              52               0
  169        1008.429     288.701           0.000       0.000             169               0
  171         472.948   -1564.616           0.000       0.000             171               0
  105        -166.953   -2036.720           0.000       0.000             105               0
  194        -314.734     182.534           0.000       0.000             194               0
   30          29.777    -890.156           0.000       0.000              30               0
  124           9.651    -169.134           0.000       0.000             124               0
   20         835.769     439.086           0.000       0.000              20               0
   38         340.606    1431.383           0.000       0.000              38               0
  156        2280.047    -825.165           0.000       0.000             156               0
   99          42.584    -486.643           0.000       0.000              99               0
  134       -1894.038    1942.530           0.000       0.000             134               0
  170        2248.740    1746.359           0.000       0.000             170               0
  250       -1594.244     -79.085           0.000       0.000             250               0
  211        1677.027    -644.825           0.000       0.000             211               0
  249        -356.911     -78.792           0.000       0.000             249               0
  167        -556.441   -1204.130           0.000       0.000             167               0
  201        3121.160      94.262           0.000       0.000             201               0
   98        2342.486     206.884           0.000       0.000              98               0
  232        2833.678    2727.839           0.000       0.000             232               0
  227        -418.277     287.855           0.000       0.000             227               0
  208        -817.672    -183.410           0.000       0.000             208               0
  114        -129.238    -166.615           0.000       0.000             114               0
   28        -296.308   -1957.675           0.000       0.000              28               0
  228         140.752    1599.986           0.000       0.000             228               0
  145        1270.069    -119.244           0.000       0.000             145               0
  103       -3098.912     488.046           0.000       0.000             103               0
  107        1456.095   -1898.747           0.000       0.000             107               0
   51        -702.234   -1111.115           0.000       0.000              51               0
   90         321.127   -1169.393           0.000       0.000              90               0
  168         513.504    -186.962           0.000       0.000             168               0
  104        1076.506   -2022.763           0.000       0.000             104               0
    4         423.913     230.004           0.000       0.000               4               0
   84        1506.292    -426.017           0.000       0.000              84               0
  209        1025.118    1789.101           0.000       0.000             209               0
  199         825.991   -1941.028           0.000       0.000             199               0
  114        2110.999    -877.284           0.000       0.000             114               0
   78         582.993     913.847           0.000       0.000              78               0
  219         120.089    -764.806           0.000       0.000             219               0
  152       -2069.804     -77.849           0.000       0.000             152               0
  234         851.752     129.636           0.000       0.000             234               0
   63        -207.188     373.398           0.000       0.000              63               0
   31       -1203.975    -934.799           0.000       0.000              31               0
  149       -2155.510   -1860.383           0.000       0.000             149               0
   57        -372.165   -2112.382           0.000       0.000              57               0
  242         686.962    -711.957           0.000       0.000             242               0
  142        1091.490     959.484           0.000       0.000             142               0
  225        -390.691    2875.979           0.000       0.000             225               0
  188         510.766    1257.789           0.000       0.000             188               0
