SINAL     NFT                         FFT                         NFT INVERSA     FFT INVERSA
-----     -----------------------     -----------------------     -----------     -----------
  189       66623.000       0.000           0.000       0.000             189               0
  180        1936.204     388.385           0.000       0.000             180               0
  176         507.269    2582.052           0.000       0.000             176               0
  212         490.727   -1131.111           0.000       0.000             212               0
  107         703.639    -738.964           0.000       0.000             107               0
    2        1472.954     539.745           0.000       0.000               2               0
   91       -1391.832    -284.789           0.000       0.000              91               0
   93       -1420.558    -483.383           0.000       0.000              93               0
  111       -1350.236    2239.809           0.000       0.000             111               0
  180         969.455    -744.553           0.000       0.000             180               0
  242       -1814.841    -870.435           0.000       0.000             242               0
  112         592.506    -209.775           0.000       0.000             112               0
  141         487.899    -130.939           0.000       0.000             141               0
  214         593.662   -1300.102           0.000       0.000             214               0
  224       -2519.333     680.973           0.000       0.000             224               0
  135       -1500.933   -3128.902           0.000       0.000             135               0
  198        -277.931     729.242           0.000       0.000             198               0
   31        1369.488     587.899           0.000       0.000              31               0
  197        -823.051     396.723           0.000       0.000             197               0
  223       -1108.122    -758.462           0.000       0.000             223               0
   51        -197.447    -510.061           0.000       0.000              51               0
   71         609.300   -1201.239           0.000       0.000              71               0
  173         881.158     381.225           0.000       0.000             173               0
  208       -1820.515   -1549.524           0.000       0.000             208               0
  247        2288.480    -151.505           0.000       0.000             247               0
  110         513.548     320.044           0.000       0.000             110               0
  181        -212.298    1046.273           0.000       0.000             181               0
   95         388.063     397.789           0.000       0.000              95               0
   44        -606.559    -796.394           0.000       0.000              44               0
   25        3833.131      86.816           0.000       0.000              25               0
   38         357.586    2071.116           0.000       0.000              38               0
  233         -19.816    1156.451           0.000       0.000             233               0
  206         758.256   -2568.120           0.000       0.000             206               0
  215        -803.256     -98.131           0.000       0.000             215               0
  190        1349.132     518.583           0.000       0.000             190               0
   57       -1233.946     470.197           0.000       0.000              57               0
  217        1272.326     577.826           0.000       0.000             217               0
   26         530.104     532.543           0.000       0.000              26               0
  151        -231.266     608.272           0.000       0.000             151               0
   73        1029.819      16.556           0.000       0.000              73               0
  206         445.294    -144.969           0.000       0.000             206               0
  137         219.746    -417.443           0.000       0.000             137               0
  185        1060.154     679.098           0.000       0.000             185               0
   92        1022.469    -473.524           0.000       0.000              92               0
   96        2677.520     246.318           0.000       0.000              96               0
  154        -742.626     755.304           0.000       0.000             154               0
  227        1617.940    1780.016           0.000       0.000             227               0
   38         829.716    -633.767           0.000       0.000              38               0
  185         966.006      88.019           0.000       0.000             185               0
  169        -277.141     930.408           0.000       0.000             169               0
    6        -987.737   -2375.313           0.000       0.000               6               0
  237        2014.068   -1207.619           0.000       0.000             237               0
  240       -2584.403   -2956.935           0.000       0.000             240               0
  179       -1456.006   -1155.908           0.000       0.000             179               0
  190         755.642     273.672           0.000       0.000             190               0
  231        1136.922     872.851           0.000       0.000             231               0
   34       -1256.561     130.288           0.000       0.000              34               0
  115        -742.704     123.392           0.000       0.000             115               0
   71        1131.767     197.421           0.000       0.000              71               0
   78        1281.947    -237.537           0.000       0.000              78               0
  141         165.152     178.539           0.000       0.000             141               0
  110        -645.970     245.217           0.000       0.000             110               0
   56        -371.741   -1350.706           0.000       0.000              56               0
   91        2945.466     585.249           0.000       0.000              91               0
   69        1341.479    -171.481           0.000       0.000              69               0
  246         818.506    -386.487           0.000       0.000             246               0
  148         -58.999   -1632.044           0.000       0.000             148               0
   31         602.400   -1290.171           0.000       0.000              31               0
   16          30.520    -171.377           0.000       0.000              16               0
   43         -63.960    -501.853           0.000       0.000              43               0
  104        -736.467   -1749.743           0.000       0.000             104               0
  223        1291.330    -761.674           0.000       0.000             223               0
  181       -2230.116     257.008           0.000       0.000             181               0
   34        1010.613    -236.679           0.000       0.000              34               0
   60        -668.608    -777.270           0.000       0.000              60               0
   21        -556.101     785.807           0.000       0.000              21               0
  188        2219.397     483.774           0.000       0.000             188               0
   31        -117.562     961.323           0.000       0.000              31               0
   60         314.010    1529.715           0.000       0.000              60               0
  118         695.879     393.009           0.000       0.000             118               0
  200         224.019   -3007.189           0.000       0.000             200               0
   66        1927.753     126.997           0.000       0.000              66               0
   99         172.889    -469.042           0.000       0.000              99               0
  185       -2296.147    1278.537           0.000       0.000             185               0
  246         341.017    1838.766           0.000       0.000             246               0
   34        -993.534     119.635           0.000       0.000              34               0
  161         802.467     243.015           0.000       0.000             161               0
   24        1210.685   -1383.252           0.000       0.000              24               0
  149       -1595.685    1105.719           0.000       0.000             149               0
  232         179.967   -2492.084           0.000       0.000             232               0
  103       -1223.912     764.637           0.000       0.000             103               0
   35       -1245.594    -421.990           0.000       0.000              35               0
   86        -826.413    1078.270           0.000       0.000              86               0
  159         637.221     152.848           0.000       0.000             159               0
  126        1137.922     263.461           0.000       0.000             126               0
  156         432.711      71.623           0.000       0.000             156               0
  150       -2634.668    -366.000           0.000       0.000             150               0
   19         103.679    2212.374           0.000       0.000              19               0
  187        -230.111     588.825           0.000       0.000             187               0
  167         260.659    -406.683           0.000       0.000             167               0
   62       -1180.838    2168.781           0.000       0.000              62               0
   35       -2045.356    -242.503           0.000       0.000              35               0
  135        1663.294    -302.475           0.000       0.000             135               0
  244         157.853    1121.545           0.000       0.000             244               0
   70        -643.106    -523.627           0.000       0.000              70               0
  195        -745.485     848.826           0.000       0.000             195               0
    9        -697.678   -1041.987           0.000       0.000               9               0
    2        -283.639    3231.849           0.000       0.000               2               0
  227       -1780.722    2078.997           0.000       0.000             227               0
   70        1044.571    1783.890           0.000       0.000              70               0
  121        -344.214   -2403.405           0.000       0.000             121               0
  172          40.513   -1073.286           0.000       0.000             172               0
  136        -206.891   -1794.984           0.000       0.000             136               0
  221         644.603    1601.741           0.000       0.000             221               0
  101        -492.575     -30.210           0.000       0.000             101               0
  126        1487.052   -1512.505           0.000       0.000             126               0
  255        1597.661    -530.352           0.000       0.000             255               0
    7       -1836.835   -1642.676           0.000       0.000               7               0
  151        -366.843      -2.660           0.000       0.000             151               0
  149         997.394   -1986.161           0.000       0.000             149               0
  239        -989.855    1511.194           0.000       0.000             239               0
  254       -1051.992   -2066.662           0.000       0.000             254               0
  185         535.559     253.666           0.000       0.000             185               0
   70         403.213    1856.747           0.000       0.000              70               0
  158        -103.059    -893.227           0.000       0.000             158               0
   55       -2111.531    1213.304           0.000       0.000              55               0
  226        -877.085     781.611           0.000       0.000             226               0
   53         783.871    1285.001           0.000       0.000              53               0
   75       -1047.000    -104.138           0.000       0.000              75               0
  158         479.950     438.934           0.000       0.000             158               0
  221        -178.557     705.315           0.000       0.000             221               0
  138       -1917.909     269.254           0.000       0.000             138               0
  194       -2283.386      -5.682           0.000       0.000             194               0
  100        1216.914   -1892.686           0.000       0.000             100               0
  126         675.690    2661.327           0.000       0.000             126               0
    8          81.112    -407.871           0.000       0.000               8               0
   40        -357.772    -407.225           0.000       0.000              40               0
  136       -1108.193    -253.427           0.000       0.000             136               0
   11        1864.628    -666.851           0.000       0.000              11               0
   11        -964.661    -650.282           0.000       0.000              11               0
  206        -592.966    1280.293           0.000       0.000             206               0
  133        1873.526    -736.067           0.000       0.000             133               0
  184       -1010.133    -356.882           0.000       0.000             184               0
   86         130.145     332.251           0.000       0.000              86               0
   98        -257.974    -584.866           0.000       0.000              98               0
   30       -1892.782    2106.128           0.000       0.000              30               0
  213       -1524.860   -1130.304           0.000       0.000             213               0
   98          12.235    -144.792           0.000       0.000              98               0
   37        1128.902   -2230.278           0.000       0.000              37               0
  109          31.502     179.560           0.000       0.000             109               0
  248        3107.630    1433.148           0.000       0.000             248               0
   20          65.525   -1875.168           0.000       0.000              20               0
  108       -1062.685    -181.314           0.000       0.000             108               0
  177       -1170.362    1901.050           0.000       0.000             177               0
   91         406.305     571.920           0.000       0.000              91               0
   10         658.736    -442.383           0.000       0.000              10               0
  233         -77.027    1614.221           0.000       0.000             233               0
   61         417.689    -159.188           0.000       0.000              61               0
   64        -549.074   -1171.922           0.000       0.000              64               0
   53        1084.892    -474.623           0.000       0.000              53               0
  220         618.344     514.471           0.000       0.000             220               0
   29        2960.204   -1946.069           0.000       0.000              29               0
  191        -187.899   -1971.377           0.000       0.000             191               0
  158        -615.963      42.867           0.000       0.000             158               0
  129         -63.078     381.095           0.000       0.000             129               0
   61        1985.750    -340.093           0.000       0.000              61               0
  166         -29.266    1426.713           0.000       0.000             166               0
  169        2028.160    1221.580           0.000       0.000             169               0
  198       -1269.170   -1616.929           0.000       0.000             198               0
  177         204.396   -1135.221           0.000       0.000             177               0
  181         613.204    -937.628           0.000       0.000             181               0
  149        2946.496   -1342.953           0.000       0.000             149               0
   54         986.291     205.303           0.000       0.000              54               0
  109       -1111.037    -434.156           0.000       0.000             109               0
  236       -1029.627    -871.471           0.000       0.000             236               0
  153       -1570.473    -191.936           0.000       0.000             153               0
  140        1097.498    -490.875           0.000       0.000             140               0
  193        -670.224    1742.374           0.000       0.000             193               0
  252         434.660     874.292           0.000       0.000             252               0
  177        -275.212     523.801           0.000       0.000             177               0
   46       -1341.769     448.420           0.000       0.000              46               0
  245         200.589   -2677.562           0.000       0.000             245               0
  198        -777.663   -1062.769           0.000       0.000             198               0
  154        -351.606   -1781.179           0.000       0.000             154               0
  166          39.574   -1000.238           0.000       0.000             166               0
   33        1196.789     851.240           0.000       0.000              33               0
  165         915.229     745.207           0.000       0.000             165               0
  144         944.267    -627.429           0.000       0.000             144               0
   95        1221.425     463.153           0.000       0.000              95               0
  230        1227.437    2963.779           0.000       0.000             230               0
  197         680.751   -1183.073           0.000       0.000             197               0
   59        1833.175     242.491           0.000       0.000              59               0
    3       -1229.594    -685.581           0.000       0.000               3               0
  133       -1110.905    2396.245           0.000       0.000             133               0
  218        1085.674    -168.368           0.000       0.000             218               0
  133        1942.390    1951.634           0.000       0.000             133               0
  195        -508.779   -1981.800           0.000       0.000             195               0
  128        -387.108    2447.242           0.000       0.000             128               0
   47         470.975     405.857           0.000       0.000              47               0
  137         189.187     -69.667           0.000       0.000             137               0
   50        -640.880    -688.371           0.000       0.000              50               0
  228       -1186.846     577.966           0.000       0.000             228               0
   30       -1283.882   -2213.880           0.000       0.000              30               0
  104         681.112     493.441           0.000       0.000             104               0
   82         258.238   -3114.659           0.000       0.000              82               0
   10       -1707.174   -1817.197           0.000       0.000              10               0
    2        2188.072    -556.878           0.000       0.000               2               0
  222        -570.790    2319.025           0.000       0.000             222               0
  204        -841.385    2717.852           0.000       0.000             204               0
  254         886.377    -714.415           0.000       0.000             254               0
  143       -1810.330    1721.729           0.000       0.000             143               0
  251        -959.326    -565.788           0.000       0.000             251               0
  244         126.546    1924.899           0.000       0.000             244               0
   86          25.106     651.185           0.000       0.000              86               0
  150         808.553    -677.598           0.000       0.000             150               0
  155        1432.286   -1269.981           0.000       0.000             155               0
  119         369.174     535.321           0.000       0.000             119               0
   59       -1660.608    1237.520           0.000       0.000              59               0
   43        -403.876   -2226.495           0.000       0.000              43               0
  215         581.649     837.806           0.000       0.000             215               0
   34        -107.280    -455.367           0.000       0.000              34               0
  241        1326.921   -1311.126           0.000       0.000             241               0
   19         679.651    2384.204           0.000       0.000              19               0
   37       -2515.282    1120.880           0.000       0.000              37               0
  119        -361.869    -147.942           0.000       0.000             119               0
  237        -888.484    -915.047           0.000       0.000             237               0
  170        -322.134     -37.810           0.000       0.000             170               0
   58         700.366    1528.947           0.000       0.000              58               0
  109        -877.818    1004.576           0.000       0.000             109               0
  217       -1267.575    1283.482           0.000       0.000             217               0
  196        -945.808    -451.594           0.000       0.000             196               0
  159       -1500.537   -1561.717           0.000       0.000             159               0
  190        1464.913   -1907.406           0.000       0.000             190               0
  226       -1896.299     117.830           0.000       0.000             226               0
    8        -696.750   -1491.776           0.000       0.000               8               0
   17        -274.262   -2522.995           0.000       0.000              17               0
  237         325.914    -647.437           0.000       0.000             237               0
   11        -203.932    -554.885           0.000       0.000              11               0
  239       -1034.659    -854.654           0.000       0.000             239               0
  186         899.974     -12.168           0.000       0.000             186               0
   10         520.545     213.454           0.000       0.000              10               0
  127        -635.351    1481.704           0.000       0.000             127               0
  181       -1042.021    1110.452           0.000       0.000             181               0
  254        1656.846    -149.607           0.000       0.000             254               0
  213        -389.886   -1863.684           0.000       0.000             213               0
   75         340.150   -2766.225           0.000       0.000              75               0
  153         753.566   -1348.393           0.000       0.000             153               0
   77        -833.534     739.147           0.000       0.000              77               0
  135        -299.006   -1092.482           0.000       0.000             135               0
  197        1555.732     765.288           0.000       0.000             197               0
   37        1277.666      80.370           0.000       0.000              37               0
  169       -1032.421     358.404           0.000       0.000             169               0
  183        2474.734    1430.289           0.000       0.000             183               0
   56        1057.664    -833.707           0.000       0.000              56               0
  207       -1245.047     821.448           0.000       0.000             207               0
   46        1487.880    1463.671           0.000       0.000              46               0
   37        2823.000       0.288           0.000       0.000              37               0
  122        1487.967   -1463.335           0.000       0.000             122               0
  104       -1244.917    -821.731           0.000       0.000             104               0
  147        1057.538     834.055           0.000       0.000             147               0
   84        2474.964   -1429.476           0.000       0.000              84               0
   44       -1032.541    -358.549           0.000       0.000              44               0
   51        1277.664     -79.774           0.000       0.000              51               0
   18        1555.643    -764.475           0.000       0.000              18               0
   15        -299.794    1092.633           0.000       0.000              15               0
   60        -833.422    -739.131           0.000       0.000              60               0
   36         753.039    1349.088           0.000       0.000              36               0
  252         339.008    2766.401           0.000       0.000             252               0
   71        -390.613    1863.166           0.000       0.000              71               0
   19        1656.530     149.648           0.000       0.000              19               0
  182       -1042.011   -1111.122           0.000       0.000             182               0
   81        -634.916   -1481.881           0.000       0.000              81               0
  147         520.568    -213.048           0.000       0.000             147               0
  108         899.672      12.728           0.000       0.000             108               0
   80       -1035.229     854.517           0.000       0.000              80               0
  105        -204.221     554.963           0.000       0.000             105               0
  183         325.499     647.774           0.000       0.000             183               0
  233        -275.401    2522.931           0.000       0.000             233               0
  183        -697.528    1491.227           0.000       0.000             183               0
   63       -1896.240    -118.654           0.000       0.000              63               0
  174        1464.188    1907.719           0.000       0.000             174               0
  220       -1501.338    1560.703           0.000       0.000             220               0
  233        -946.023     450.582           0.000       0.000             233               0
  101       -1267.093   -1284.457           0.000       0.000             101               0
   21        -877.259   -1005.173           0.000       0.000              21               0
  184         700.980   -1528.763           0.000       0.000             184               0
  147        -322.238      37.796           0.000       0.000             147               0
   58        -888.804     914.625           0.000       0.000              58               0
   50        -361.935     147.467           0.000       0.000              50               0
  252       -2514.618   -1122.034           0.000       0.000             252               0
  206         680.958   -2383.821           0.000       0.000             206               0
  134        1326.620    1311.809           0.000       0.000             134               0
   40        -107.429     455.223           0.000       0.000              40               0
    1         581.894    -837.564           0.000       0.000               1               0
  153        -404.739    2226.212           0.000       0.000             153               0
   55       -1660.013   -1238.380           0.000       0.000              55               0
   61         369.742    -535.148           0.000       0.000              61               0
  189        1432.000    1270.401           0.000       0.000             189               0
   52         808.202     677.492           0.000       0.000              52               0
  133          25.153    -651.612           0.000       0.000             133               0
  209         126.986   -1924.971           0.000       0.000             209               0
  235        -959.696     565.381           0.000       0.000             235               0
  215       -1809.588   -1722.414           0.000       0.000             215               0
  101         886.316     714.577           0.000       0.000             101               0
   87        -840.417   -2718.232           0.000       0.000              87               0
   39        -569.708   -2318.683           0.000       0.000              39               0
  206        2187.881     558.337           0.000       0.000             206               0
   15       -1707.875    1817.095           0.000       0.000              15               0
   17         257.357    3114.655           0.000       0.000              17               0
  134         681.186    -493.408           0.000       0.000             134               0
   79       -1284.720    2213.221           0.000       0.000              79               0
  192       -1186.476    -578.714           0.000       0.000             192               0
   98        -640.774     687.906           0.000       0.000              98               0
   56         189.495      69.356           0.000       0.000              56               0
   38         471.303    -406.105           0.000       0.000              38               0
  119        -386.106   -2447.384           0.000       0.000             119               0
  240        -509.029    1981.539           0.000       0.000             240               0
  186        1943.330   -1951.234           0.000       0.000             186               0
  178        1085.496     168.616           0.000       0.000             178               0
   35       -1110.144   -2396.552           0.000       0.000              35               0
  182       -1229.398     685.383           0.000       0.000             182               0
  128        1833.667    -241.837           0.000       0.000             128               0
  170         680.532    1183.072           0.000       0.000             170               0
  223        1228.571   -2963.444           0.000       0.000             223               0
  130        1221.592    -462.376           0.000       0.000             130               0
   67         943.991     627.923           0.000       0.000              67               0
   22         915.368    -744.782           0.000       0.000              22               0
  191        1196.815    -850.446           0.000       0.000             191               0
    1          38.899    1000.713           0.000       0.000               1               0
   75        -352.456    1781.255           0.000       0.000              75               0
   69        -778.118    1062.551           0.000       0.000              69               0
  211         199.591    2677.327           0.000       0.000             211               0
   54       -1341.639    -449.372           0.000       0.000              54               0
   28        -274.862    -524.182           0.000       0.000              28               0
   56         435.016    -874.317           0.000       0.000              56               0
  142        -669.556   -1742.446           0.000       0.000             142               0
   68        1097.292     491.528           0.000       0.000              68               0
    6       -1570.605     191.588           0.000       0.000               6               0
  157       -1029.669     871.226           0.000       0.000             157               0
   85       -1110.658     433.777           0.000       0.000              85               0
  140         986.998    -204.857           0.000       0.000             140               0
  236        2946.222    1344.048           0.000       0.000             236               0
   22         612.721     937.779           0.000       0.000              22               0
  239         203.898    1135.148           0.000       0.000             239               0
   36       -1269.504    1616.066           0.000       0.000              36               0
   60        2028.780   -1221.353           0.000       0.000              60               0
  103         -28.723   -1426.740           0.000       0.000             103               0
   21        1985.597     340.846           0.000       0.000              21               0
  246         -63.165    -381.043           0.000       0.000             246               0
   25        -615.915     -42.817           0.000       0.000              25               0
   57        -188.219    1971.446           0.000       0.000              57               0
  172        2959.639    1946.752           0.000       0.000             172               0
  154         618.270    -514.585           0.000       0.000             154               0
  227        1084.446     474.857           0.000       0.000             227               0
  139        -549.697    1171.435           0.000       0.000             139               0
   28         417.523     158.838           0.000       0.000              28               0
   39         -76.588   -1614.493           0.000       0.000              39               0
  162         658.464     442.470           0.000       0.000             162               0
  220         406.210    -572.050           0.000       0.000             220               0
   41       -1169.914   -1901.397           0.000       0.000              41               0
  238       -1062.596     181.245           0.000       0.000             238               0
   34          65.277    1875.090           0.000       0.000              34               0
  252        3108.093   -1432.250           0.000       0.000             252               0
   36          31.230    -179.311           0.000       0.000              36               0
   62        1127.813    2230.638           0.000       0.000              62               0
   52          11.659     144.529           0.000       0.000              52               0
  178       -1525.624    1129.398           0.000       0.000             178               0
  131       -1892.076   -2106.980           0.000       0.000             131               0
   59        -257.999     584.795           0.000       0.000              59               0
   80         130.298    -332.275           0.000       0.000              80               0
  217       -1010.084     356.511           0.000       0.000             217               0
  200        1873.301     736.479           0.000       0.000             200               0
   61        -592.748   -1280.587           0.000       0.000              61               0
  239        -964.773     650.013           0.000       0.000             239               0
  184        1864.337     667.350           0.000       0.000             184               0
   98       -1108.500     252.865           0.000       0.000              98               0
   44        -357.886     406.871           0.000       0.000              44               0
   31          81.017     407.488           0.000       0.000              31               0
  119         676.518   -2661.147           0.000       0.000             119               0
   34        1215.850    1893.147           0.000       0.000              34               0
   57       -2283.782       4.606           0.000       0.000              57               0
  177       -1917.705    -270.172           0.000       0.000             177               0
  207        -178.078    -705.569           0.000       0.000             207               0
  212         480.118    -438.881           0.000       0.000             212               0
  149       -1047.000     103.587           0.000       0.000             149               0
   91         784.278   -1284.907           0.000       0.000              91               0
  240        -877.012    -781.917           0.000       0.000             240               0
  189       -2110.979   -1213.858           0.000       0.000             189               0
  254        -103.003     893.230           0.000       0.000             254               0
  205         404.031   -1856.537           0.000       0.000             205               0
  230         535.620    -253.068           0.000       0.000             230               0
  236       -1052.698    2066.400           0.000       0.000             236               0
  239        -989.086   -1511.419           0.000       0.000             239               0
  227         996.906    1986.674           0.000       0.000             227               0
   17        -366.867       2.552           0.000       0.000              17               0
   46       -1837.043    1642.039           0.000       0.000              46               0
   24        1597.905     530.733           0.000       0.000              24               0
  196        1486.511    1512.719           0.000       0.000             196               0
  177        -492.654      29.610           0.000       0.000             177               0
   84         645.122   -1601.576           0.000       0.000              84               0
   21        -207.565    1794.948           0.000       0.000              21               0
  139          40.113    1073.024           0.000       0.000             139               0
   29        -345.011    2402.566           0.000       0.000              29               0
   82        1044.992   -1784.413           0.000       0.000              82               0
  123       -1780.177   -2080.057           0.000       0.000             123               0
  213        -282.495   -3231.841           0.000       0.000             213               0
  180        -697.989    1041.930           0.000       0.000             180               0
  167        -745.081    -849.121           0.000       0.000             167               0
  245        -643.055     523.317           0.000       0.000             245               0
   44         158.485   -1121.587           0.000       0.000              44               0
  202        1663.062     302.992           0.000       0.000             202               0
   47       -2045.610     241.531           0.000       0.000              47               0
  221       -1179.865   -2169.275           0.000       0.000             221               0
  153         260.751     406.794           0.000       0.000             153               0
    3        -229.814    -589.091           0.000       0.000               3               0
  115         104.386   -2212.235           0.000       0.000             115               0
  245       -2634.543     365.361           0.000       0.000             245               0
  244         433.264     -71.426           0.000       0.000             244               0
   48        1138.226    -263.046           0.000       0.000              48               0
  243         637.193    -152.628           0.000       0.000             243               0
  193        -826.159   -1078.411           0.000       0.000             193               0
   23       -1245.647     421.751           0.000       0.000              23               0
  224       -1223.342    -764.784           0.000       0.000             224               0
  176         179.421    2492.173           0.000       0.000             176               0
  250       -1594.897   -1106.363           0.000       0.000             250               0
  242        1210.680    1383.595           0.000       0.000             242               0
  222         802.636    -243.000           0.000       0.000             222               0
   19        -993.365    -120.225           0.000       0.000              19               0
  182         341.778   -1838.742           0.000       0.000             182               0
  144       -2295.353   -1279.023           0.000       0.000             144               0
  103         173.448     469.406           0.000       0.000             103               0
  203        1928.197    -126.046           0.000       0.000             203               0
   27         223.205    3007.194           0.000       0.000              27               0
  132         696.220    -393.241           0.000       0.000             132               0
   29         314.685   -1529.776           0.000       0.000              29               0
  150        -116.943    -961.262           0.000       0.000             150               0
   90        2219.631    -482.859           0.000       0.000              90               0
  210        -555.961    -785.696           0.000       0.000             210               0
   62        -668.708     777.325           0.000       0.000              62               0
   79        1010.577     237.151           0.000       0.000              79               0
  254       -2229.814    -257.516           0.000       0.000             254               0
    8        1291.416     762.421           0.000       0.000               8               0
  126        -736.854    1749.584           0.000       0.000             126               0
  220         -63.775     501.765           0.000       0.000             220               0
  161          30.848     171.456           0.000       0.000             161               0
  130         602.315    1290.443           0.000       0.000             130               0
   79         -59.165    1631.846           0.000       0.000              79               0
  151         818.830     386.464           0.000       0.000             151               0
  118        1341.805     171.686           0.000       0.000             118               0
  127        2945.616    -584.327           0.000       0.000             127               0
  139        -372.439    1350.466           0.000       0.000             139               0
   55        -645.797    -245.678           0.000       0.000              55               0
  151         165.485    -178.595           0.000       0.000             151               0
  107        1282.027     237.856           0.000       0.000             107               0
  232        1131.703    -197.157           0.000       0.000             232               0
  146        -742.800    -123.706           0.000       0.000             146               0
   93       -1256.289    -130.767           0.000       0.000              93               0
  199        1137.464    -872.383           0.000       0.000             199               0
  165         755.625    -273.084           0.000       0.000             165               0
   20       -1456.475    1155.806           0.000       0.000              20               0
   87       -2584.878    2956.081           0.000       0.000              87               0
   12        2014.157    1208.015           0.000       0.000              12               0
  223        -988.267    2374.435           0.000       0.000             223               0
  115        -276.275    -931.092           0.000       0.000             115               0
  145         966.569     -88.007           0.000       0.000             145               0
  253         829.933     633.587           0.000       0.000             253               0
   10        1618.777   -1779.836           0.000       0.000              10               0
  235        -741.988    -755.605           0.000       0.000             235               0
  207        2677.975    -245.425           0.000       0.000             207               0
   72        1022.367     473.750           0.000       0.000              72               0
   59        1060.404    -678.851           0.000       0.000              59               0
  206         219.655     417.447           0.000       0.000             206               0
   80         445.395     144.935           0.000       0.000              80               0
  186        1029.890     -16.446           0.000       0.000             186               0
  170        -230.971    -608.550           0.000       0.000             170               0
  242         530.492    -532.481           0.000       0.000             242               0
   60        1272.531    -577.456           0.000       0.000              60               0
  249       -1233.653    -470.607           0.000       0.000             249               0
  138        1349.512    -518.036           0.000       0.000             138               0
  179        -803.098      98.061           0.000       0.000             179               0
  121         757.711    2568.147           0.000       0.000             121               0
   21         -19.114   -1156.954           0.000       0.000              21               0
  235         358.808   -2071.017           0.000       0.000             235               0
   16        3833.247     -85.315           0.000       0.000              16               0
  129        -607.015     796.189           0.000       0.000             129               0
  212         388.267    -397.793           0.000       0.000             212               0
  162        -211.786   -1046.295           0.000       0.000             162               0
  223         513.942    -319.652           0.000       0.000             223               0
  155        2288.362     152.538           0.000       0.000             155               0
   71       -1821.049    1548.970           0.000       0.000              71               0
  243         881.541    -380.928           0.000       0.000             243               0
  243         608.929    1201.472           0.000       0.000             243               0
   84        -197.640     509.880           0.000       0.000              84               0
  211       -1108.225     757.888           0.000       0.000             211               0
  103        -822.483    -397.205           0.000       0.000             103               0
  230        1369.978    -587.464           0.000       0.000             230               0
  209        -277.657    -729.045           0.000       0.000             209               0
  113       -1501.796    3128.399           0.000       0.000             113               0
  210       -2518.420    -682.046           0.000       0.000             210               0
  161         594.102    1300.173           0.000       0.000             161               0
  186         488.504     130.857           0.000       0.000             186               0
   13         592.906     209.815           0.000       0.000              13               0
  111       -1814.437     869.598           0.000       0.000             111               0
   11         970.008     744.396           0.000       0.000              11               0
  200       -1348.708   -2240.492           0.000       0.000             200               0
   25       -1419.526     482.939           0.000       0.000              25               0
  253       -1390.224     284.163           0.000       0.000             253               0
    5        1475.033    -539.345           0.000       0.000               5               0
   19         705.362     739.117           0.000       0.000              19               0
  136         492.891    1130.833           0.000       0.000             136               0
  185         511.915   -2582.146           0.000       0.000             185               0
  140        1943.480    -387.591           0.000       0.000             140               0
