SINAL     NFT                         FFT                         NFT INVERSA     FFT INVERSA
-----     -----------------------     -----------------------     -----------     -----------
  203       64094.000       0.000           0.000       0.000             203               0
   61        2101.811     876.729           0.000       0.000              61               0
  140         361.007    -578.923           0.000       0.000             140               0
  235       -1435.610    1520.566           0.000       0.000             235               0
  152         682.212     985.303           0.000       0.000             152               0
   94        1413.799    -229.906           0.000       0.000              94               0
   26        -693.799     744.977           0.000       0.000              26               0
   28         824.938    2344.947           0.000       0.000              28               0
  235        -605.799    -599.993           0.000       0.000             235               0
  163        -967.032      14.133           0.000       0.000             163               0
   10       -1840.948    -636.326           0.000       0.000              10               0
  126        1052.377    2048.451           0.000       0.000             126               0
   53         -29.758    1121.372           0.000       0.000              53               0
  243        -191.827    -311.265           0.000       0.000             243               0
   57        1634.392   -1068.413           0.000       0.000              57               0
  121        -269.968   -1288.593           0.000       0.000             121               0
   73         613.615    1612.413           0.000       0.000              73               0
   22          91.991    2725.995           0.000       0.000              22               0
   56        -289.133   -3088.818           0.000       0.000              56               0
  244        1337.266     187.852           0.000       0.000             244               0
   13        -352.836      20.978           0.000       0.000              13               0
  160        -496.802     292.743           0.000       0.000             160               0
   76         810.938     401.742           0.000       0.000              76               0
  190         981.666    -418.760           0.000       0.000             190               0
  162        3300.565   -1000.495           0.000       0.000             162               0
  252        1926.585      30.738           0.000       0.000             252               0
   68        -566.464    1169.224           0.000       0.000              68               0
  159         312.758   -1984.474           0.000       0.000             159               0
  105       -2397.823    1367.904           0.000       0.000             105               0
  161        -775.719    -957.503           0.000       0.000             161               0
  163        -382.946    1211.971           0.000       0.000             163               0
   53        -575.147    -585.049           0.000       0.000              53               0
  223         -62.625     349.123           0.000       0.000             223               0
   47        1454.989     635.803           0.000       0.000              47               0
   32         967.330    -293.155           0.000       0.000              32               0
  120         875.281     485.936           0.000       0.000             120               0
  142        -694.626     183.715           0.000       0.000             142               0
   58         767.147    2514.681           0.000       0.000              58               0
  148       -1585.864    -870.875           0.000       0.000             148               0
  121         424.795    1088.107           0.000       0.000             121               0
  221        -632.398     400.201           0.000       0.000             221               0
  158         781.926    1392.747           0.000       0.000             158               0
  247        1371.596   -2055.890           0.000       0.000             247               0
   19         368.381   -1059.340           0.000       0.000              19               0
  146         324.673      23.137           0.000       0.000             146               0
   48        -361.519   -1072.279           0.000       0.000              48               0
  141         823.811   -1122.259           0.000       0.000             141               0
  219       -1159.367    1363.609           0.000       0.000             219               0
   71         680.442    -667.357           0.000       0.000              71               0
  198         932.427    1326.472           0.000       0.000             198               0
  207       -1932.912    3612.714           0.000       0.000             207               0
   85        1386.549   -1006.665           0.000       0.000              85               0
  102         193.827   -1480.514           0.000       0.000             102               0
   28        1935.762   -1186.253           0.000       0.000              28               0
   20       -2164.434    -951.024           0.000       0.000              20               0
    8       -2297.358    -864.966           0.000       0.000               8               0
   25        -672.420    -807.439           0.000       0.000              25               0
   89         279.453   -1192.301           0.000       0.000              89               0
  167         117.718     855.783           0.000       0.000             167               0
  130        1232.641   -1969.944           0.000       0.000             130               0
  250        -102.836    1056.339           0.000       0.000             250               0
   75         829.055    1181.748           0.000       0.000              75               0
  183        -136.442    -133.579           0.000       0.000             183               0
  218         480.120   -1182.669           0.000       0.000             218               0
  123         -96.419    1185.044           0.000       0.000             123               0
  215        2820.684    1652.540           0.000       0.000             215               0
   82       -1250.481    -315.308           0.000       0.000              82               0
    9         606.802   -2046.693           0.000       0.000               9               0
   18          97.771      65.275           0.000       0.000              18               0
  230       -3082.071     746.555           0.000       0.000             230               0
  130         752.995    1499.889           0.000       0.000             130               0
  240       -2088.833    1592.454           0.000       0.000             240               0
  133        1582.683   -2179.901           0.000       0.000             133               0
  122         329.879    -628.310           0.000       0.000             122               0
    4       -1475.846    -883.839           0.000       0.000               4               0
   23        1112.403   -1243.507           0.000       0.000              23               0
  170        -596.787     354.958           0.000       0.000             170               0
  145        -757.334    1384.787           0.000       0.000             145               0
  242        -331.244     624.523           0.000       0.000             242               0
  242         684.599    -543.146           0.000       0.000             242               0
   87          28.160    -439.267           0.000       0.000              87               0
  194       -1233.908    -942.860           0.000       0.000             194               0
   72        1226.303   -2541.171           0.000       0.000              72               0
  189          47.529    -177.913           0.000       0.000             189               0
  223       -1531.283     992.946           0.000       0.000             223               0
   92        1857.603      11.150           0.000       0.000              92               0
  197         368.842    -635.828           0.000       0.000             197               0
  249        1074.906    -593.309           0.000       0.000             249               0
  181        1599.997     178.069           0.000       0.000             181               0
  109        -849.384     967.435           0.000       0.000             109               0
  123         227.956    -995.513           0.000       0.000             123               0
  176       -2764.721   -1007.245           0.000       0.000             176               0
  184        -840.116    1280.554           0.000       0.000             184               0
   51         532.148     372.944           0.000       0.000              51               0
  138        -888.188      95.875           0.000       0.000             138               0
   51       -2798.820     398.405           0.000       0.000              51               0
   10         198.274    1451.104           0.000       0.000              10               0
  220        -875.609   -1628.887           0.000       0.000             220               0
   61        -101.669     983.762           0.000       0.000              61               0
   29          71.532    -683.124           0.000       0.000              29               0
  195        1088.615    2280.976           0.000       0.000             195               0
  191        1070.477    1457.128           0.000       0.000             191               0
   13         284.531     858.554           0.000       0.000              13               0
   72       -1444.549     832.176           0.000       0.000              72               0
   57         -98.573    1284.830           0.000       0.000              57               0
   17         802.229    1147.770           0.000       0.000              17               0
   95       -1390.502    -135.012           0.000       0.000              95               0
  228        2214.053     638.119           0.000       0.000             228               0
  162       -1521.894    1549.396           0.000       0.000             162               0
   82       -1059.096     465.754           0.000       0.000              82               0
  215         454.244     878.291           0.000       0.000             215               0
  250        2044.893    2120.769           0.000       0.000             250               0
   21         515.767     304.843           0.000       0.000              21               0
   31        -155.168    -108.611           0.000       0.000              31               0
  183       -1639.349     741.435           0.000       0.000             183               0
  244        -703.819    -898.350           0.000       0.000             244               0
  123         796.035    1177.637           0.000       0.000             123               0
  125        -203.428    -439.279           0.000       0.000             125               0
  237        -667.165    -810.067           0.000       0.000             237               0
   49        -583.728     413.345           0.000       0.000              49               0
  235        -186.137    -527.823           0.000       0.000             235               0
  105        1437.860     695.142           0.000       0.000             105               0
  225        -470.891    -946.597           0.000       0.000             225               0
  164          31.081    1548.329           0.000       0.000             164               0
  156        1121.938   -1730.445           0.000       0.000             156               0
  108        1935.702    -155.748           0.000       0.000             108               0
  216        1179.223     545.502           0.000       0.000             216               0
  167         -52.876     717.479           0.000       0.000             167               0
   72        1745.086    -926.854           0.000       0.000              72               0
   21         787.971     754.963           0.000       0.000              21               0
  196        2465.421     908.715           0.000       0.000             196               0
   11         343.067     507.021           0.000       0.000              11               0
  213        -377.748     375.037           0.000       0.000             213               0
  210        -257.203    1715.685           0.000       0.000             210               0
   83        1115.898     286.807           0.000       0.000              83               0
   14         439.493    -679.184           0.000       0.000              14               0
  227       -1911.622   -2437.838           0.000       0.000             227               0
  179         884.511    1763.822           0.000       0.000             179               0
  242         673.466     717.026           0.000       0.000             242               0
  134        -972.811     281.083           0.000       0.000             134               0
    5        -473.024    -412.109           0.000       0.000               5               0
  202        -555.355    1061.871           0.000       0.000             202               0
  129        1420.640    -179.824           0.000       0.000             129               0
   26        1109.493     251.973           0.000       0.000              26               0
  233         -38.839   -1358.490           0.000       0.000             233               0
   57       -1676.866    1542.753           0.000       0.000              57               0
   15        -378.196    -310.549           0.000       0.000              15               0
  100        -157.635     226.823           0.000       0.000             100               0
  183        -325.165   -1135.537           0.000       0.000             183               0
  253        1173.278   -1569.305           0.000       0.000             253               0
  150       -2085.555    -514.712           0.000       0.000             150               0
  162       -1842.873     387.401           0.000       0.000             162               0
  102        1571.958    1041.411           0.000       0.000             102               0
  119         434.962     840.287           0.000       0.000             119               0
   71         637.060    1253.919           0.000       0.000              71               0
    3       -2313.366    1417.491           0.000       0.000               3               0
  228       -1785.235    1057.609           0.000       0.000             228               0
   31          81.822    -118.392           0.000       0.000              31               0
  171        1641.085    -223.137           0.000       0.000             171               0
   44        -470.889    -465.079           0.000       0.000              44               0
   53       -1011.965     302.621           0.000       0.000              53               0
  112       -1157.426    1961.894           0.000       0.000             112               0
   56        -357.472    1020.425           0.000       0.000              56               0
   10        1035.580   -1319.117           0.000       0.000              10               0
   66       -1573.244    -926.091           0.000       0.000              66               0
  140        -124.919   -2459.462           0.000       0.000             140               0
   24         927.476   -2030.477           0.000       0.000              24               0
   38          -1.576   -1334.731           0.000       0.000              38               0
   64        2570.775    -502.257           0.000       0.000              64               0
   11        -175.460    1706.760           0.000       0.000              11               0
  173        1374.659    2957.779           0.000       0.000             173               0
   69       -2058.287   -1800.663           0.000       0.000              69               0
  213        -152.046    -647.177           0.000       0.000             213               0
   46         711.588     249.023           0.000       0.000              46               0
   96        1400.185    -525.977           0.000       0.000              96               0
  191         481.689   -2931.279           0.000       0.000             191               0
  103         510.201    1362.176           0.000       0.000             103               0
  112        -178.603     709.985           0.000       0.000             112               0
   35        1081.109   -1436.978           0.000       0.000              35               0
   30         351.845   -1187.561           0.000       0.000              30               0
  110         782.271   -1023.755           0.000       0.000             110               0
  186        1306.086    1922.057           0.000       0.000             186               0
  193        1185.724    1180.883           0.000       0.000             193               0
  212       -2368.239    2422.984           0.000       0.000             212               0
   50         582.472    2007.185           0.000       0.000              50               0
    8        1373.574   -2084.782           0.000       0.000               8               0
  216         839.426    1446.481           0.000       0.000             216               0
   22        2158.369    2210.310           0.000       0.000              22               0
   39         614.035    1728.997           0.000       0.000              39               0
  131        1086.267     193.945           0.000       0.000             131               0
   67         954.123     -66.159           0.000       0.000              67               0
   92        -896.454   -1576.349           0.000       0.000              92               0
  243        -759.656     470.876           0.000       0.000             243               0
  124         915.854    -982.204           0.000       0.000             124               0
  103         298.132     146.510           0.000       0.000             103               0
   54        2298.623    2147.251           0.000       0.000              54               0
    8        1178.173   -2110.827           0.000       0.000               8               0
  127        1566.674   -1156.104           0.000       0.000             127               0
   92        -123.547   -2128.754           0.000       0.000              92               0
   72         248.668     627.977           0.000       0.000              72               0
  139        1614.313     754.525           0.000       0.000             139               0
    9       -1189.299    -413.606           0.000       0.000               9               0
  142         998.387     438.725           0.000       0.000             142               0
   97        1375.431     913.081           0.000       0.000              97               0
   55       -1143.265    2544.682           0.000       0.000              55               0
  239         315.616    -801.318           0.000       0.000             239               0
   32          40.624    1589.574           0.000       0.000              32               0
  159         936.501     366.329           0.000       0.000             159               0
   96         177.610    1435.102           0.000       0.000              96               0
   68       -1095.998     -19.830           0.000       0.000              68               0
  189        -778.905     202.130           0.000       0.000             189               0
  206       -1828.124   -1580.555           0.000       0.000             206               0
  254       -2860.749      77.317           0.000       0.000             254               0
  126         105.882    -112.492           0.000       0.000             126               0
  163         317.812    -647.659           0.000       0.000             163               0
   48        -871.737     867.240           0.000       0.000              48               0
  134       -2179.333     599.703           0.000       0.000             134               0
  123        1430.395     539.597           0.000       0.000             123               0
   70         -19.439    -599.640           0.000       0.000              70               0
  174       -2467.445    2215.299           0.000       0.000             174               0
  255       -1061.768    1151.868           0.000       0.000             255               0
  138         563.773   -2744.802           0.000       0.000             138               0
   11         889.701    1071.776           0.000       0.000              11               0
  243        1300.216   -2241.080           0.000       0.000             243               0
    6         564.152    -287.047           0.000       0.000               6               0
  114        -769.696    1444.603           0.000       0.000             114               0
   41        -909.694    1086.694           0.000       0.000              41               0
   14        -764.906     310.321           0.000       0.000              14               0
  242        -315.485    -845.725           0.000       0.000             242               0
  133         870.185    1843.404           0.000       0.000             133               0
   87        -725.738    -877.241           0.000       0.000              87               0
  126        -354.384   -1458.018           0.000       0.000             126               0
  143         422.315     -56.140           0.000       0.000             143               0
  230        -609.297   -1562.489           0.000       0.000             230               0
  223         -38.122     694.342           0.000       0.000             223               0
  199         367.878    -745.633           0.000       0.000             199               0
  214        -654.836    2794.149           0.000       0.000             214               0
    0       -1009.647    -613.350           0.000       0.000              -0               0
  102         973.521     245.733           0.000       0.000             102               0
   54        1480.408    1027.806           0.000       0.000              54               0
   68        1064.244     394.399           0.000       0.000              68               0
   36         -92.305     -15.888           0.000       0.000              36               0
    4        -689.072     -30.849           0.000       0.000               4               0
   67        2317.750     235.638           0.000       0.000              67               0
  163        2476.356     462.511           0.000       0.000             163               0
  167         358.771    -140.374           0.000       0.000             167               0
  115         132.319   -1060.779           0.000       0.000             115               0
   42         -15.517    -108.999           0.000       0.000              42               0
   35          65.321   -1867.898           0.000       0.000              35               0
  186        -852.593    -369.845           0.000       0.000             186               0
  216       -2943.230    -627.220           0.000       0.000             216               0
   34       -1647.893   -1173.959           0.000       0.000              34               0
   68         633.696       1.184           0.000       0.000              68               0
  228           8.418   -1252.118           0.000       0.000             228               0
   21        -723.644   -1540.083           0.000       0.000              21               0
   74         119.891    1360.830           0.000       0.000              74               0
   87         704.000       0.104           0.000       0.000              87               0
   63         120.195   -1360.530           0.000       0.000              63               0
   89        -724.235    1540.165           0.000       0.000              89               0
   73           7.993    1252.105           0.000       0.000              73               0
  196         633.447      -0.981           0.000       0.000             196               0
  177       -1648.599    1173.409           0.000       0.000             177               0
  200       -2943.268     626.126           0.000       0.000             200               0
   84        -852.199     369.525           0.000       0.000              84               0
  152          65.141    1867.726           0.000       0.000             152               0
  167         -15.176     108.685           0.000       0.000             167               0
   27         132.369    1060.502           0.000       0.000              27               0
  110         359.221     140.062           0.000       0.000             110               0
  168        2476.814    -462.017           0.000       0.000             168               0
  130        2317.608    -235.090           0.000       0.000             130               0
  164        -689.320      30.392           0.000       0.000             164               0
  237         -92.219      15.575           0.000       0.000             237               0
  166        1064.470    -394.345           0.000       0.000             166               0
  169        1480.615   -1027.477           0.000       0.000             169               0
   48         973.207    -245.462           0.000       0.000              48               0
   73       -1010.173     612.728           0.000       0.000              73               0
   80        -653.940   -2794.407           0.000       0.000              80               0
  164         367.592     745.951           0.000       0.000             164               0
  116         -38.023    -694.216           0.000       0.000             116               0
  115        -609.860    1562.349           0.000       0.000             115               0
   95         422.249      56.200           0.000       0.000              95               0
   76        -354.989    1457.734           0.000       0.000              76               0
  150        -725.989     876.509           0.000       0.000             150               0
  164         870.775   -1843.388           0.000       0.000             164               0
   49        -315.953     845.484           0.000       0.000              49               0
  172        -764.893    -310.910           0.000       0.000             172               0
  239        -909.272   -1087.210           0.000       0.000             239               0
  136        -768.967   -1444.761           0.000       0.000             136               0
  235         564.335     287.510           0.000       0.000             235               0
   73        1299.514    2241.391           0.000       0.000              73               0
  209         889.864   -1071.643           0.000       0.000             209               0
  175         562.464    2744.653           0.000       0.000             175               0
  250       -1061.791   -1152.875           0.000       0.000             250               0
  153       -2466.686   -2216.263           0.000       0.000             153               0
    4         -19.369     599.609           0.000       0.000               4               0
  147        1430.416    -539.307           0.000       0.000             147               0
   65       -2179.319    -600.538           0.000       0.000              65               0
   32        -871.270    -867.479           0.000       0.000              32               0
    1         317.665     647.804           0.000       0.000               1               0
  234         105.597     112.432           0.000       0.000             234               0
  162       -2860.803     -78.299           0.000       0.000             162               0
  166       -1828.289    1579.727           0.000       0.000             166               0
  215        -778.395    -202.801           0.000       0.000             215               0
   73       -1095.481      19.049           0.000       0.000              73               0
   79         178.668   -1435.349           0.000       0.000              79               0
    7         936.992    -366.218           0.000       0.000               7               0
  147          41.402   -1589.636           0.000       0.000             147               0
  160         315.561     801.237           0.000       0.000             160               0
  172       -1142.012   -2545.218           0.000       0.000             172               0
    7        1376.185    -912.417           0.000       0.000               7               0
   20         998.652    -438.166           0.000       0.000              20               0
   11       -1189.135     413.311           0.000       0.000              11               0
   84        1614.933    -753.896           0.000       0.000              84               0
  170         249.055    -627.528           0.000       0.000             170               0
  175        -123.888    2128.944           0.000       0.000             175               0
  133        1566.657    1156.527           0.000       0.000             133               0
   86        1177.693    2110.746           0.000       0.000              86               0
  159        2299.321   -2146.866           0.000       0.000             159               0
   13         298.026    -146.365           0.000       0.000              13               0
   65         915.371     982.389           0.000       0.000              65               0
  232        -759.595    -471.266           0.000       0.000             232               0
  223        -896.718    1575.807           0.000       0.000             223               0
  241         954.459      65.980           0.000       0.000             241               0
  227        1086.525    -194.132           0.000       0.000             227               0
  121         614.817   -1729.251           0.000       0.000             121               0
  246        2159.165   -2209.696           0.000       0.000             246               0
  118         839.789   -1445.958           0.000       0.000             118               0
  187        1372.677    2085.111           0.000       0.000             187               0
   22         582.754   -2007.410           0.000       0.000              22               0
  119       -2367.406   -2423.741           0.000       0.000             119               0
  165        1186.446   -1180.230           0.000       0.000             165               0
  184        1306.770   -1921.110           0.000       0.000             184               0
   30         781.840    1024.584           0.000       0.000              30               0
  124         351.394    1187.924           0.000       0.000             124               0
    2        1080.512    1437.261           0.000       0.000               2               0
  109        -178.474    -710.173           0.000       0.000             109               0
  132         510.653   -1361.664           0.000       0.000             132               0
  149         480.709    2931.630           0.000       0.000             149               0
   14        1399.885     526.190           0.000       0.000              14               0
   49         711.346    -248.898           0.000       0.000              49               0
  156        -152.622     647.080           0.000       0.000             156               0
   35       -2058.844    1799.515           0.000       0.000              35               0
   60        1375.832   -2957.663           0.000       0.000              60               0
  240        -174.786   -1706.473           0.000       0.000             240               0
  206        2570.511     503.605           0.000       0.000             206               0
  236          -2.352    1335.056           0.000       0.000             236               0
  118         926.478    2030.881           0.000       0.000             118               0
   36        -126.174    2459.142           0.000       0.000              36               0
  140       -1573.696     925.078           0.000       0.000             140               0
  131        1035.031    1318.816           0.000       0.000             131               0
  102        -357.457   -1021.223           0.000       0.000             102               0
  116       -1156.952   -1962.538           0.000       0.000             116               0
   98       -1011.830    -302.964           0.000       0.000              98               0
   88        -470.848     464.797           0.000       0.000              88               0
   87        1640.968     223.413           0.000       0.000              87               0
  220          81.378     118.022           0.000       0.000             220               0
   79       -1785.146   -1058.597           0.000       0.000              79               0
  205       -2312.656   -1418.467           0.000       0.000             205               0
  151         637.836   -1253.733           0.000       0.000             151               0
  101         435.372    -840.085           0.000       0.000             101               0
   69        1572.075   -1040.721           0.000       0.000              69               0
   60       -1843.033    -387.724           0.000       0.000              60               0
   30       -2085.466     514.302           0.000       0.000              30               0
   99        1173.012    1569.756           0.000       0.000              99               0
  185        -325.532    1135.178           0.000       0.000             185               0
   32        -157.519    -227.153           0.000       0.000              32               0
  209        -378.297     310.151           0.000       0.000             209               0
   62       -1676.118   -1543.378           0.000       0.000              62               0
  182         -38.830    1358.435           0.000       0.000             182               0
  223        1109.888    -251.846           0.000       0.000             223               0
  111        1420.544     180.054           0.000       0.000             111               0
   83        -555.120   -1062.201           0.000       0.000              83               0
    3        -473.122     411.851           0.000       0.000               3               0
  172        -972.480    -281.628           0.000       0.000             172               0
   67         673.983    -716.965           0.000       0.000              67               0
  209         885.078   -1763.318           0.000       0.000             209               0
  153       -1912.282    2437.298           0.000       0.000             153               0
  186         439.699     678.931           0.000       0.000             186               0
  246        1116.183    -286.896           0.000       0.000             246               0
   37        -256.511   -1716.003           0.000       0.000              37               0
   61        -377.296    -375.217           0.000       0.000              61               0
   93         343.741    -507.011           0.000       0.000              93               0
  153        2466.001    -907.924           0.000       0.000             153               0
  160         788.282    -754.570           0.000       0.000             160               0
  181        1744.741     927.437           0.000       0.000             181               0
  240         -52.656    -717.607           0.000       0.000             240               0
  124        1179.518    -545.038           0.000       0.000             124               0
    5        1935.539     156.535           0.000       0.000               5               0
  190        1121.015    1730.640           0.000       0.000             190               0
   19          31.267   -1548.491           0.000       0.000              19               0
  106        -471.312     946.381           0.000       0.000             106               0
    3        1437.913    -694.784           0.000       0.000               3               0
   80        -186.665     527.671           0.000       0.000              80               0
  137        -583.807    -413.638           0.000       0.000             137               0
  102        -667.500     809.718           0.000       0.000             102               0
    9        -203.539     438.867           0.000       0.000               9               0
  169         796.311   -1177.583           0.000       0.000             169               0
   55        -704.341     897.902           0.000       0.000              55               0
   71       -1639.017    -742.298           0.000       0.000              71               0
   96        -154.893     108.267           0.000       0.000              96               0
   23         516.155    -305.122           0.000       0.000              23               0
  182        2045.577   -2120.364           0.000       0.000             182               0
  179         454.187    -878.189           0.000       0.000             179               0
   26       -1059.169    -466.247           0.000       0.000              26               0
   99       -1521.173   -1549.977           0.000       0.000              99               0
  247        2214.300    -637.319           0.000       0.000             247               0
  236       -1390.654     134.441           0.000       0.000             236               0
  252         802.637   -1147.685           0.000       0.000             252               0
  177         -98.303   -1284.901           0.000       0.000             177               0
  226       -1444.198    -832.644           0.000       0.000             226               0
   33         285.086    -858.482           0.000       0.000              33               0
  238        1071.059   -1456.750           0.000       0.000             238               0
   63        1089.217   -2280.256           0.000       0.000              63               0
  186          71.032     683.517           0.000       0.000             186               0
  143        -101.609    -983.512           0.000       0.000             143               0
  245        -876.340    1628.689           0.000       0.000             245               0
  171         198.487   -1451.070           0.000       0.000             171               0
   11       -2798.776    -399.144           0.000       0.000              11               0
  250        -887.857     -96.023           0.000       0.000             250               0
  106         532.375    -372.661           0.000       0.000             106               0
   31        -839.783   -1280.517           0.000       0.000              31               0
  100       -2764.760    1006.671           0.000       0.000             100               0
  109         228.132     995.596           0.000       0.000             109               0
  111        -848.543    -967.688           0.000       0.000             111               0
  237        1600.516    -177.284           0.000       0.000             237               0
  212        1074.849     593.871           0.000       0.000             212               0
  121         368.742     636.001           0.000       0.000             121               0
  151        1857.472     -10.547           0.000       0.000             151               0
   12       -1531.068    -993.269           0.000       0.000              12               0
  193          47.667     178.371           0.000       0.000             193               0
  247        1225.408    2541.742           0.000       0.000             247               0
   36       -1234.265     942.254           0.000       0.000              36               0
  120          28.186     439.077           0.000       0.000             120               0
  171         684.437     543.113           0.000       0.000             171               0
   63        -331.109    -624.890           0.000       0.000              63               0
  219        -756.819   -1385.012           0.000       0.000             219               0
  162        -596.442    -354.862           0.000       0.000             162               0
   43        1112.046    1244.074           0.000       0.000              43               0
  215       -1476.064     883.323           0.000       0.000             215               0
   83         329.954     628.362           0.000       0.000              83               0
   13        1581.850    2180.021           0.000       0.000              13               0
  248       -2088.358   -1593.656           0.000       0.000             248               0
   66         753.510   -1499.699           0.000       0.000              66               0
   76       -3081.623    -747.416           0.000       0.000              76               0
  179          98.363     -64.968           0.000       0.000             179               0
  209         606.438    2046.879           0.000       0.000             209               0
   66       -1250.089     314.495           0.000       0.000              66               0
   95        2821.582   -1651.795           0.000       0.000              95               0
  220         -96.005   -1184.868           0.000       0.000             220               0
   60         479.836    1182.961           0.000       0.000              60               0
  201        -136.331     133.383           0.000       0.000             201               0
  252         829.583   -1181.490           0.000       0.000             252               0
  161        -102.359   -1056.029           0.000       0.000             161               0
   55        1232.030    1970.537           0.000       0.000              55               0
  108         117.905    -855.663           0.000       0.000             108               0
  143         278.907    1192.588           0.000       0.000             143               0
   11        -672.899     807.242           0.000       0.000              11               0
  229       -2297.580     864.179           0.000       0.000             229               0
   39       -2164.112     950.225           0.000       0.000              39               0
   23        1935.932    1186.728           0.000       0.000              23               0
  166         193.571    1480.180           0.000       0.000             166               0
   31        1386.252    1006.350           0.000       0.000              31               0
   59       -1931.528   -3613.805           0.000       0.000              59               0
   31         933.257   -1325.948           0.000       0.000              31               0
  202         680.316     667.679           0.000       0.000             202               0
  122       -1158.683   -1363.854           0.000       0.000             122               0
  250         823.744    1122.769           0.000       0.000             250               0
  108        -361.624    1072.101           0.000       0.000             108               0
  166         325.022     -23.095           0.000       0.000             166               0
  210         368.369    1059.419           0.000       0.000             210               0
  191        1371.115    2055.894           0.000       0.000             191               0
  179         782.366   -1392.994           0.000       0.000             179               0
  202        -632.214    -400.665           0.000       0.000             202               0
    1         425.240   -1088.086           0.000       0.000               1               0
    0       -1585.905     870.082           0.000       0.000               0               0
  126         768.351   -2514.591           0.000       0.000             126               0
  210        -694.203    -183.827           0.000       0.000             210               0
   66         875.884    -485.577           0.000       0.000              66               0
  221         967.518     293.476           0.000       0.000             221               0
  175        1455.252    -635.347           0.000       0.000             175               0
  126         -62.583    -349.061           0.000       0.000             126               0
  167        -575.283     584.821           0.000       0.000             167               0
  172        -382.402   -1212.063           0.000       0.000             172               0
   32        -775.881     957.276           0.000       0.000              32               0
  222       -2396.830   -1368.605           0.000       0.000             222               0
   24         312.859    1984.588           0.000       0.000              24               0
  175        -565.237   -1169.542           0.000       0.000             175               0
  233        1927.466     -29.958           0.000       0.000             233               0
  254        3300.573    1001.605           0.000       0.000             254               0
  214         981.548     418.903           0.000       0.000             214               0
    1         811.095    -401.624           0.000       0.000               1               0
  165        -496.572    -292.948           0.000       0.000             165               0
  245        -352.423     -21.094           0.000       0.000             245               0
   60        1337.661    -187.289           0.000       0.000              60               0
  196        -289.907    3088.359           0.000       0.000             196               0
  192          93.326   -2726.439           0.000       0.000             192               0
  183         614.554   -1611.985           0.000       0.000             183               0
  190        -269.907    1288.708           0.000       0.000             190               0
   44        1634.446    1068.783           0.000       0.000              44               0
   93        -191.632     310.811           0.000       0.000              93               0
  144         -28.904   -1121.730           0.000       0.000             144               0
  235        1053.397   -2048.050           0.000       0.000             235               0
   17       -1840.714     635.847           0.000       0.000              17               0
   91        -966.150     -14.526           0.000       0.000              91               0
  237        -604.881     599.508           0.000       0.000             237               0
   17         826.869   -2344.826           0.000       0.000              17               0
  218        -692.221    -745.024           0.000       0.000             218               0
  192        1415.256     230.429           0.000       0.000             192               0
   83         684.118    -985.095           0.000       0.000              83               0
  184       -1432.743   -1520.794           0.000       0.000             184               0
  111         364.611     579.299           0.000       0.000             111               0
  210        2109.036    -875.820           0.000       0.000             210               0
