SINAL     NFT                         FFT                         NFT INVERSA     FFT INVERSA
-----     -----------------------     -----------------------     -----------     -----------
  104       66872.000       0.000           0.000       0.000             104               0
   59         785.607     576.142           0.000       0.000              59               0
   63       -1175.695   -1705.496           0.000       0.000              63               0
  166         654.865     565.012           0.000       0.000             166               0
   73         529.341    2385.983           0.000       0.000              73               0
  154       -2387.296     410.470           0.000       0.000             154               0
    1        -705.272    -644.947           0.000       0.000               1               0
   19        1056.214    -513.860           0.000       0.000              19               0
   54       -1874.058   -1513.594           0.000       0.000              54               0
  108       -1186.907     127.044           0.000       0.000             108               0
  152         184.254    1019.285           0.000       0.000             152               0
   23       -1619.604    2299.017           0.000       0.000              23               0
  108         681.784    -389.010           0.000       0.000             108               0
  254       -1890.949   -2773.398           0.000       0.000             254               0
  241        -889.302    -953.150           0.000       0.000             241               0
  169       -1893.378    -323.318           0.000       0.000             169               0
  114        -580.400     965.091           0.000       0.000             114               0
  142        -452.469    -934.919           0.000       0.000             142               0
  195         533.645    1529.029           0.000       0.000             195               0
  196        -344.992    1810.161           0.000       0.000             196               0
  233         423.088    -575.281           0.000       0.000             233               0
  228       -1129.884     636.280           0.000       0.000             228               0
   25         913.628    -340.731           0.000       0.000              25               0
  191         861.704    1152.998           0.000       0.000             191               0
   71       -1426.069    1165.893           0.000       0.000              71               0
   57        -146.926     854.841           0.000       0.000              57               0
  142        -616.023    -925.913           0.000       0.000             142               0
  225        1544.596     162.761           0.000       0.000             225               0
  158        1362.113     350.948           0.000       0.000             158               0
   77        1567.539    -444.676           0.000       0.000              77               0
   23        1167.751    1174.981           0.000       0.000              23               0
    7        3232.623     197.552           0.000       0.000               7               0
  137        1772.798   -1159.450           0.000       0.000             137               0
   86         363.806     -49.691           0.000       0.000              86               0
  173         -64.242     546.042           0.000       0.000             173               0
  210        1546.174    -317.922           0.000       0.000             210               0
  241       -2223.767     401.504           0.000       0.000             241               0
  175       -1156.389    1492.555           0.000       0.000             175               0
  230         541.888     811.112           0.000       0.000             230               0
   39       -2300.568    1422.066           0.000       0.000              39               0
   27        1325.126    2094.029           0.000       0.000              27               0
  127        1175.832    -911.856           0.000       0.000             127               0
   62        1524.788    -850.422           0.000       0.000              62               0
  135        -409.911   -1630.603           0.000       0.000             135               0
  125         202.554   -2589.896           0.000       0.000             125               0
   48       -1327.883      -1.197           0.000       0.000              48               0
   48         726.702    -475.688           0.000       0.000              48               0
  240        2411.921     177.583           0.000       0.000             240               0
  191         341.747     436.127           0.000       0.000             191               0
  244       -1323.905    -125.055           0.000       0.000             244               0
  180       -1264.560    -568.112           0.000       0.000             180               0
  168         278.555    1430.100           0.000       0.000             168               0
  216        -207.921     698.815           0.000       0.000             216               0
  206        1554.670     737.507           0.000       0.000             206               0
  104         621.654    -225.309           0.000       0.000             104               0
   32        -416.072    1984.890           0.000       0.000              32               0
    7        -770.116    1048.125           0.000       0.000               7               0
  246         638.714    -945.938           0.000       0.000             246               0
    1       -1332.827   -1398.572           0.000       0.000               1               0
  165        1166.753    1116.973           0.000       0.000             165               0
   68         764.423     563.592           0.000       0.000              68               0
   25         322.906   -1157.390           0.000       0.000              25               0
  172        -811.052    1770.027           0.000       0.000             172               0
  206       -2870.686   -1453.075           0.000       0.000             206               0
  111       -1363.434      36.835           0.000       0.000             111               0
   90       -1791.223    -246.437           0.000       0.000              90               0
  160         505.927    1568.391           0.000       0.000             160               0
   97       -2331.070     271.287           0.000       0.000              97               0
    9       -1219.528      47.656           0.000       0.000               9               0
  135        -162.588     698.377           0.000       0.000             135               0
  137        -172.637    1951.084           0.000       0.000             137               0
   36        1011.669    1652.179           0.000       0.000              36               0
    6          99.408    2196.688           0.000       0.000               6               0
  200       -1302.527    -645.680           0.000       0.000             200               0
  172        -470.737   -1376.018           0.000       0.000             172               0
  132        -338.637    1068.078           0.000       0.000             132               0
  248         115.529   -1292.727           0.000       0.000             248               0
  221         386.990   -2226.071           0.000       0.000             221               0
  116         115.544     671.061           0.000       0.000             116               0
  183       -1342.272     -18.617           0.000       0.000             183               0
  209        1293.143     374.661           0.000       0.000             209               0
   41        -314.883    -635.078           0.000       0.000              41               0
   95       -2938.274    -332.009           0.000       0.000              95               0
  170         482.487   -1266.643           0.000       0.000             170               0
  247         190.756   -1149.496           0.000       0.000             247               0
  200        -385.361      -9.027           0.000       0.000             200               0
  203       -1187.518     525.374           0.000       0.000             203               0
  255        -465.247    -362.327           0.000       0.000             255               0
  190        -832.144    -522.680           0.000       0.000             190               0
  205         224.685     624.250           0.000       0.000             205               0
  164         -25.963   -1276.109           0.000       0.000             164               0
    3       -3004.055   -1207.600           0.000       0.000               3               0
  230         288.162    2774.414           0.000       0.000             230               0
   81       -2085.059   -1105.348           0.000       0.000              81               0
  209         962.619   -1482.949           0.000       0.000             209               0
   86          -0.635     941.520           0.000       0.000              86               0
  172         -57.808    1530.569           0.000       0.000             172               0
  114        1802.240     446.440           0.000       0.000             114               0
  183         320.678     359.768           0.000       0.000             183               0
  181        -909.149   -3390.371           0.000       0.000             181               0
  249        -575.139    -845.665           0.000       0.000             249               0
   64         817.375     526.427           0.000       0.000              64               0
  218        -417.389      75.825           0.000       0.000             218               0
    0        -130.849    1711.322           0.000       0.000              -0               0
    8         222.635     443.264           0.000       0.000               8               0
  135         357.496       6.598           0.000       0.000             135               0
  132        1579.327    1075.628           0.000       0.000             132               0
    1         707.138    1307.234           0.000       0.000               1               0
  100        1046.388    -136.381           0.000       0.000             100               0
  249         595.432    -851.963           0.000       0.000             249               0
  184        3807.505     925.201           0.000       0.000             184               0
   54        -290.577     639.308           0.000       0.000              54               0
   34        -319.712     411.966           0.000       0.000              34               0
   24         660.625    -550.517           0.000       0.000              24               0
  225        1576.181    1401.161           0.000       0.000             225               0
   26       -1335.477    1739.253           0.000       0.000              26               0
  224        -373.315    -480.319           0.000       0.000             224               0
  172        1044.963    -558.980           0.000       0.000             172               0
   25        1000.160   -3135.840           0.000       0.000              25               0
  159        -356.337    -193.458           0.000       0.000             159               0
  121         -67.083     495.459           0.000       0.000             121               0
  190          92.460    1181.756           0.000       0.000             190               0
  162        -462.351    -178.221           0.000       0.000             162               0
   96         187.852   -1541.066           0.000       0.000              96               0
   16       -1211.086    1686.698           0.000       0.000              16               0
  115         252.734    -317.898           0.000       0.000             115               0
  182        -201.598     161.029           0.000       0.000             182               0
  188        -195.849    -895.072           0.000       0.000             188               0
  230         708.104   -1207.935           0.000       0.000             230               0
  109          66.539    -297.547           0.000       0.000             109               0
  113       -1107.815     516.631           0.000       0.000             113               0
  223        2075.484    -904.604           0.000       0.000             223               0
  174         242.673     679.590           0.000       0.000             174               0
   76       -1290.699    -168.290           0.000       0.000              76               0
  224          20.099    -751.556           0.000       0.000             224               0
  183         -45.421   -1418.481           0.000       0.000             183               0
  211        1169.862      29.132           0.000       0.000             211               0
  101         -76.874    1350.821           0.000       0.000             101               0
  184       -2516.934    -504.175           0.000       0.000             184               0
   56        -976.889   -1245.309           0.000       0.000              56               0
   94        3336.672    1198.884           0.000       0.000              94               0
  112        -355.698   -2186.928           0.000       0.000             112               0
  111        1681.427     342.148           0.000       0.000             111               0
  129       -1875.914     932.265           0.000       0.000             129               0
  137         881.355    2248.344           0.000       0.000             137               0
   80       -1212.907    2558.384           0.000       0.000              80               0
  156         469.055    -668.499           0.000       0.000             156               0
  105        1063.792     542.500           0.000       0.000             105               0
  253          74.467    1418.078           0.000       0.000             253               0
  181        -111.830   -1008.547           0.000       0.000             181               0
    8         457.533    -589.809           0.000       0.000               8               0
  119         730.322     597.138           0.000       0.000             119               0
  116       -1029.769    1847.087           0.000       0.000             116               0
  171        1265.335     816.747           0.000       0.000             171               0
  215        1069.749     730.861           0.000       0.000             215               0
  132         -91.226     523.652           0.000       0.000             132               0
   31         449.087   -2718.272           0.000       0.000              31               0
  141       -1332.453    -946.237           0.000       0.000             141               0
   65       -1942.089    -697.012           0.000       0.000              65               0
    5         117.129    1214.247           0.000       0.000               5               0
  251        2954.654    -289.812           0.000       0.000             251               0
  179        -954.258    1547.197           0.000       0.000             179               0
  229         198.308   -1259.645           0.000       0.000             229               0
  169        2415.234    -848.231           0.000       0.000             169               0
  255        -154.642     514.550           0.000       0.000             255               0
  197        -600.258     -59.359           0.000       0.000             197               0
   97         859.797      96.484           0.000       0.000              97               0
  210        -964.965    -330.806           0.000       0.000             210               0
   43         547.804     275.638           0.000       0.000              43               0
   25         308.743    2283.817           0.000       0.000              25               0
   11       -1835.036    1502.819           0.000       0.000              11               0
  137       -1082.076    1463.694           0.000       0.000             137               0
  138        1434.511   -1199.523           0.000       0.000             138               0
  122          63.937     503.364           0.000       0.000             122               0
   11         255.109    1290.175           0.000       0.000              11               0
   19         454.591     292.608           0.000       0.000              19               0
  203         533.864    -416.042           0.000       0.000             203               0
  167         -73.827   -1311.689           0.000       0.000             167               0
  125       -1045.242      78.218           0.000       0.000             125               0
  201         693.075    1100.334           0.000       0.000             201               0
   93         975.417   -1321.656           0.000       0.000              93               0
  133       -1186.550    -801.157           0.000       0.000             133               0
   64         579.673    1021.814           0.000       0.000              64               0
  209       -2940.940    -258.046           0.000       0.000             209               0
   49         384.489     523.300           0.000       0.000              49               0
   24       -1320.117   -1274.675           0.000       0.000              24               0
   86         902.515     769.610           0.000       0.000              86               0
   80        -273.313     215.304           0.000       0.000              80               0
  165         322.305    2077.310           0.000       0.000             165               0
  151         593.713     566.771           0.000       0.000             151               0
   85         313.812    -850.074           0.000       0.000              85               0
  160       -1387.523   -1642.098           0.000       0.000             160               0
   74        -404.591     972.844           0.000       0.000              74               0
   59        1092.808    -932.635           0.000       0.000              59               0
   74        -779.568    1180.418           0.000       0.000              74               0
   74        1009.870    -523.194           0.000       0.000              74               0
    0        1800.654     879.760           0.000       0.000              -0               0
  171         -55.406     585.711           0.000       0.000             171               0
   29         184.800     882.029           0.000       0.000              29               0
   43         781.573   -1861.054           0.000       0.000              43               0
  197        2801.290    1108.949           0.000       0.000             197               0
   40         458.435    -834.930           0.000       0.000              40               0
  181         415.251    1188.500           0.000       0.000             181               0
   80          -3.754    -657.157           0.000       0.000              80               0
  163       -1038.893    1483.072           0.000       0.000             163               0
  193        -544.336    -372.591           0.000       0.000             193               0
   99        1821.952    1015.875           0.000       0.000              99               0
  110        1216.135    -992.690           0.000       0.000             110               0
  105         829.340     211.389           0.000       0.000             105               0
  225       -2307.661      96.878           0.000       0.000             225               0
   56         -89.650     367.428           0.000       0.000              56               0
  198         285.596     560.339           0.000       0.000             198               0
  103        -540.793    -144.649           0.000       0.000             103               0
  120       -1675.705    -608.663           0.000       0.000             120               0
  152       -1071.550     295.860           0.000       0.000             152               0
  152        2237.225     935.491           0.000       0.000             152               0
  144        -382.810     244.039           0.000       0.000             144               0
  239       -1258.418     583.882           0.000       0.000             239               0
  232        -774.565   -1564.827           0.000       0.000             232               0
   54       -1091.495   -3090.240           0.000       0.000              54               0
  135         264.662    -564.276           0.000       0.000             135               0
   62        2608.838    -814.729           0.000       0.000              62               0
  215        -961.393     659.144           0.000       0.000             215               0
  210         241.806    2130.131           0.000       0.000             210               0
  121        1514.604   -1788.044           0.000       0.000             121               0
   34        1401.294    1451.938           0.000       0.000              34               0
   28        -253.368   -2088.341           0.000       0.000              28               0
  122         -46.033    1695.951           0.000       0.000             122               0
  206        -871.042    -674.614           0.000       0.000             206               0
   57        -491.298    -556.227           0.000       0.000              57               0
  165         561.850    -611.138           0.000       0.000             165               0
  147       -1020.114    -557.685           0.000       0.000             147               0
   97        -994.975    -579.831           0.000       0.000              97               0
   91        -143.999    1901.461           0.000       0.000              91               0
  228       -1116.482   -1704.130           0.000       0.000             228               0
    5        -214.799    -269.074           0.000       0.000               5               0
   28        -357.750     -28.269           0.000       0.000              28               0
   71        -736.363    1298.531           0.000       0.000              71               0
  116        -237.488     139.228           0.000       0.000             116               0
  134       -1156.277     877.516           0.000       0.000             134               0
   41        -660.093    1318.734           0.000       0.000              41               0
  172         367.521   -2236.267           0.000       0.000             172               0
   76         508.092     152.030           0.000       0.000              76               0
  144        -621.190   -1314.206           0.000       0.000             144               0
   37          11.683    -378.317           0.000       0.000              37               0
  229        1236.434   -1102.821           0.000       0.000             229               0
   40         685.699   -1261.719           0.000       0.000              40               0
  182         318.641    -928.240           0.000       0.000             182               0
  213       -1078.570     708.114           0.000       0.000             213               0
   17        1157.511    1490.829           0.000       0.000              17               0
  236         -79.103    1640.645           0.000       0.000             236               0
   92         185.161    1604.829           0.000       0.000              92               0
   79         209.220   -1328.147           0.000       0.000              79               0
  196        -891.981    -834.345           0.000       0.000             196               0
   46       -1930.402     639.577           0.000       0.000              46               0
  201        -350.924    1448.190           0.000       0.000             201               0
  230       -1536.000      -0.449           0.000       0.000             230               0
   74        -350.410   -1448.475           0.000       0.000              74               0
   67       -1930.063    -640.095           0.000       0.000              67               0
  181        -891.878     834.117           0.000       0.000             181               0
  132         209.114    1327.885           0.000       0.000             132               0
  233         185.906   -1605.148           0.000       0.000             233               0
   72         -78.341   -1640.699           0.000       0.000              72               0
  230        1158.051   -1490.194           0.000       0.000             230               0
   69       -1078.282    -708.007           0.000       0.000              69               0
   44         318.565     928.774           0.000       0.000              44               0
  235         685.415    1262.139           0.000       0.000             235               0
   97        1235.987    1103.233           0.000       0.000              97               0
  116          11.345     378.299           0.000       0.000             116               0
   95        -621.686    1313.886           0.000       0.000              95               0
  231         508.112    -151.965           0.000       0.000             231               0
  158         366.561    2236.061           0.000       0.000             158               0
   11        -659.890   -1319.412           0.000       0.000              11               0
   52       -1156.038    -878.015           0.000       0.000              52               0
   46        -237.430    -139.392           0.000       0.000              46               0
   48        -735.920   -1298.735           0.000       0.000              48               0
   26        -357.710      28.345           0.000       0.000              26               0
   86        -214.909     269.161           0.000       0.000              86               0
  231       -1117.003    1703.602           0.000       0.000             231               0
  239        -143.278   -1901.589           0.000       0.000             239               0
  103        -995.088     579.694           0.000       0.000             103               0
  212       -1020.022     557.391           0.000       0.000             212               0
   76         561.867     611.295           0.000       0.000              76               0
  183        -491.391     555.960           0.000       0.000             183               0
  152        -871.020     674.070           0.000       0.000             152               0
  122         -45.131   -1695.969           0.000       0.000             122               0
  128        -253.660    2088.208           0.000       0.000             128               0
  127        1402.120   -1451.587           0.000       0.000             127               0
  197        1514.017    1788.386           0.000       0.000             197               0
  196         242.388   -2130.223           0.000       0.000             196               0
   52        -961.007    -659.173           0.000       0.000              52               0
   73        2608.582     815.884           0.000       0.000              73               0
  173         264.068     564.622           0.000       0.000             173               0
  125       -1092.776    3089.829           0.000       0.000             125               0
   47        -775.145    1564.014           0.000       0.000              47               0
  242       -1258.093    -584.818           0.000       0.000             242               0
  170        -382.385    -244.503           0.000       0.000             170               0
   27        2237.514    -934.935           0.000       0.000              27               0
   84       -1071.744    -296.245           0.000       0.000              84               0
   31       -1675.837     607.995           0.000       0.000              31               0
  122        -540.555     144.218           0.000       0.000             122               0
   60         285.976    -560.447           0.000       0.000              60               0
  189         -89.503    -367.555           0.000       0.000             189               0
  134       -2307.278     -97.727           0.000       0.000             134               0
  113         830.000    -211.150           0.000       0.000             113               0
  235        1216.131     992.901           0.000       0.000             235               0
  183        1822.260   -1015.482           0.000       0.000             183               0
  139        -544.609     372.231           0.000       0.000             139               0
   66       -1038.234   -1483.502           0.000       0.000              66               0
  158          -3.629     657.115           0.000       0.000             158               0
  123         415.990   -1188.390           0.000       0.000             123               0
  169         458.562     835.061           0.000       0.000             169               0
  114        2801.792   -1107.996           0.000       0.000             114               0
  199         780.755    1861.207           0.000       0.000             199               0
   97         184.991    -882.282           0.000       0.000              97               0
   11         -55.124    -585.853           0.000       0.000              11               0
   66        1800.943    -879.137           0.000       0.000              66               0
  225        1009.382     523.504           0.000       0.000             225               0
  138        -779.357   -1180.653           0.000       0.000             138               0
    7        1092.334     933.032           0.000       0.000               7               0
  166        -404.565    -972.925           0.000       0.000             166               0
  190       -1388.086    1641.658           0.000       0.000             190               0
   81         313.668     849.819           0.000       0.000              81               0
   83         593.891    -567.009           0.000       0.000              83               0
   60         322.875   -2077.309           0.000       0.000              60               0
  129        -273.325    -215.289           0.000       0.000             129               0
   70         902.563    -769.147           0.000       0.000              70               0
  230       -1320.738    1274.267           0.000       0.000             230               0
  156         384.470    -523.274           0.000       0.000             156               0
  154       -2940.979     256.994           0.000       0.000             154               0
    5         580.280   -1021.570           0.000       0.000               5               0
   23       -1186.584     800.891           0.000       0.000              23               0
  215         975.234    1321.779           0.000       0.000             215               0
  195         693.400   -1100.294           0.000       0.000             195               0
  157       -1045.187     -78.499           0.000       0.000             157               0
   72         -74.040    1311.564           0.000       0.000              72               0
  174         533.887     415.874           0.000       0.000             174               0
   85         454.747    -292.837           0.000       0.000              85               0
  211         255.555   -1290.294           0.000       0.000             211               0
  240          64.161    -503.342           0.000       0.000             240               0
  243        1433.945    1199.740           0.000       0.000             243               0
   79       -1081.862   -1464.459           0.000       0.000              79               0
  154       -1834.390   -1503.599           0.000       0.000             154               0
  102         309.807   -2283.550           0.000       0.000             102               0
   22         547.972    -275.103           0.000       0.000              22               0
  251        -964.923     330.666           0.000       0.000             251               0
  113         860.002     -96.111           0.000       0.000             113               0
   89        -600.142      59.218           0.000       0.000              89               0
  221        -154.089    -514.461           0.000       0.000             221               0
  252        2415.080     849.174           0.000       0.000             252               0
   97         197.713    1259.504           0.000       0.000              97               0
  131        -953.570   -1547.657           0.000       0.000             131               0
  187        2954.531     290.826           0.000       0.000             187               0
  178         117.038   -1214.080           0.000       0.000             178               0
  215       -1942.525     696.623           0.000       0.000             215               0
  247       -1332.527     945.924           0.000       0.000             247               0
   52         448.465    2718.115           0.000       0.000              52               0
   29         -90.811    -524.248           0.000       0.000              29               0
  222        1070.184    -730.859           0.000       0.000             222               0
  209        1265.505    -816.598           0.000       0.000             209               0
  184       -1029.177   -1847.471           0.000       0.000             184               0
  228         730.641    -596.692           0.000       0.000             228               0
  232         457.309     590.066           0.000       0.000             232               0
  143        -112.172    1008.273           0.000       0.000             143               0
  167          75.039   -1418.296           0.000       0.000             167               0
  134        1063.969    -542.160           0.000       0.000             134               0
  215         468.620     668.385           0.000       0.000             215               0
   86       -1212.086   -2559.037           0.000       0.000              86               0
  220         882.092   -2247.805           0.000       0.000             220               0
  171       -1875.453    -932.429           0.000       0.000             171               0
   71        1681.770    -341.043           0.000       0.000              71               0
  208        -356.287    2187.001           0.000       0.000             208               0
  250        3336.872   -1197.680           0.000       0.000             250               0
  225        -977.885    1245.159           0.000       0.000             225               0
   54       -2517.112     503.220           0.000       0.000              54               0
   17         -76.086   -1350.790           0.000       0.000              17               0
  221        1169.965     -28.409           0.000       0.000             221               0
  168         -45.972    1418.633           0.000       0.000             168               0
  106          19.771     751.484           0.000       0.000             106               0
  187       -1290.644     167.729           0.000       0.000             187               0
  164         243.224    -679.475           0.000       0.000             164               0
  203        2075.140     905.329           0.000       0.000             203               0
   63       -1107.780    -516.992           0.000       0.000              63               0
   95          66.550     297.723           0.000       0.000              95               0
  126         707.687    1208.195           0.000       0.000             126               0
   22        -196.230     894.809           0.000       0.000              22               0
   87        -201.549    -161.304           0.000       0.000              87               0
  178         252.561     317.765           0.000       0.000             178               0
   52       -1210.485   -1687.078           0.000       0.000              52               0
   53         187.478    1541.192           0.000       0.000              53               0
  131        -462.286     177.814           0.000       0.000             131               0
  236          93.019   -1181.809           0.000       0.000             236               0
   25         -66.775    -495.298           0.000       0.000              25               0
  108        -356.146     193.669           0.000       0.000             108               0
  123         999.345    3136.122           0.000       0.000             123               0
  193        1044.753     558.858           0.000       0.000             193               0
  243        -373.552     479.654           0.000       0.000             243               0
   82       -1334.610   -1740.099           0.000       0.000              82               0
   23        1576.969   -1400.627           0.000       0.000              23               0
  207         660.479     550.729           0.000       0.000             207               0
  254        -319.438    -412.236           0.000       0.000             254               0
   94        -289.876    -639.501           0.000       0.000              94               0
  159        3807.996    -923.853           0.000       0.000             159               0
  248         594.933     852.171           0.000       0.000             248               0
   64        1046.223     136.474           0.000       0.000              64               0
  214         707.459   -1307.176           0.000       0.000             214               0
    9        1579.447   -1075.034           0.000       0.000               9               0
   29         357.141      -6.415           0.000       0.000              29               0
  126         222.475    -443.242           0.000       0.000             126               0
  116        -130.540   -1711.213           0.000       0.000             116               0
  217        -417.491     -75.651           0.000       0.000             217               0
   35         817.362    -525.790           0.000       0.000              35               0
   64        -575.676     845.920           0.000       0.000              64               0
   24        -910.290    3389.970           0.000       0.000              24               0
  131         320.930    -360.109           0.000       0.000             131               0
  190        1802.234    -446.103           0.000       0.000             190               0
   47         -57.646   -1530.627           0.000       0.000              47               0
  218          -0.569    -941.213           0.000       0.000             218               0
  113         961.663    1483.470           0.000       0.000             113               0
   99       -2085.798    1104.385           0.000       0.000              99               0
   15         288.804   -2774.267           0.000       0.000              15               0
  244       -3004.557    1206.949           0.000       0.000             244               0
   79         -26.190    1276.048           0.000       0.000              79               0
   41         224.840    -624.233           0.000       0.000              41               0
   97        -832.419     522.447           0.000       0.000              97               0
  203        -465.422     362.102           0.000       0.000             203               0
  234       -1187.306    -525.760           0.000       0.000             234               0
   84        -385.217       9.082           0.000       0.000              84               0
   30         190.426    1149.681           0.000       0.000              30               0
    2         481.834    1266.692           0.000       0.000               2               0
   36       -2938.376     330.834           0.000       0.000              36               0
   28        -314.683     634.749           0.000       0.000              28               0
   96        1293.347    -374.421           0.000       0.000              96               0
  195       -1342.259      18.075           0.000       0.000             195               0
   21         115.963    -670.914           0.000       0.000              21               0
  161         386.303    2226.200           0.000       0.000             161               0
  154         115.039    1292.309           0.000       0.000             154               0
   31        -338.357   -1068.515           0.000       0.000              31               0
  191        -471.255    1375.575           0.000       0.000             191               0
   24       -1302.625     644.557           0.000       0.000              24               0
  147         100.385   -2197.232           0.000       0.000             147               0
  152        1012.220   -1652.067           0.000       0.000             152               0
   59        -172.164   -1951.121           0.000       0.000              59               0
  211        -162.581    -698.258           0.000       0.000             211               0
  177       -1219.739     -47.992           0.000       0.000             177               0
  190       -2330.868    -272.129           0.000       0.000             190               0
  145         506.543   -1568.113           0.000       0.000             145               0
  224       -1791.349     246.058           0.000       0.000             224               0
  153       -1363.312     -37.147           0.000       0.000             153               0
    2       -2870.754    1451.998           0.000       0.000               2               0
   67        -809.729   -1770.357           0.000       0.000              67               0
  169         323.152    1157.525           0.000       0.000             169               0
  247         765.051    -563.492           0.000       0.000             247               0
  147        1167.257   -1116.455           0.000       0.000             147               0
  211       -1333.110    1398.210           0.000       0.000             211               0
   89         638.676     945.821           0.000       0.000              89               0
   94        -769.530   -1048.768           0.000       0.000              94               0
  189        -414.974   -1985.041           0.000       0.000             189               0
  174         622.026     225.597           0.000       0.000             174               0
  124        1555.079    -737.022           0.000       0.000             124               0
  192        -207.659    -698.857           0.000       0.000             192               0
  210         279.067   -1429.774           0.000       0.000             210               0
  153       -1264.637     567.959           0.000       0.000             153               0
   33       -1323.468     124.695           0.000       0.000              33               0
  150         342.555    -435.893           0.000       0.000             150               0
  174        2412.287    -176.545           0.000       0.000             174               0
  194         726.445     476.156           0.000       0.000             194               0
   48       -1327.772       1.066           0.000       0.000              48               0
  205         202.010    2590.101           0.000       0.000             205               0
  129        -410.047    1630.181           0.000       0.000             129               0
   73        1524.868     850.506           0.000       0.000              73               0
   97        1175.618     911.612           0.000       0.000              97               0
   25        1325.609   -2094.108           0.000       0.000              25               0
  132       -2300.107   -1422.968           0.000       0.000             132               0
   52         542.367    -810.984           0.000       0.000              52               0
  202       -1155.764   -1492.860           0.000       0.000             202               0
   67       -2223.020    -402.027           0.000       0.000              67               0
  198        1546.745     318.537           0.000       0.000             198               0
  171         -63.577    -545.990           0.000       0.000             171               0
  221         364.455      49.973           0.000       0.000             221               0
  201        1773.067    1160.001           0.000       0.000             201               0
  238        3232.940    -196.693           0.000       0.000             238               0
  134        1168.145   -1174.604           0.000       0.000             134               0
  193        1567.401     445.241           0.000       0.000             193               0
  130        1362.134    -350.535           0.000       0.000             130               0
   89        1544.348    -162.214           0.000       0.000              89               0
   26        -616.619     925.555           0.000       0.000              26               0
  225        -146.757    -855.153           0.000       0.000             225               0
   23       -1425.540   -1166.442           0.000       0.000              23               0
  201         862.342   -1152.569           0.000       0.000             201               0
   94         913.467     341.148           0.000       0.000              94               0
  215       -1129.642    -636.612           0.000       0.000             215               0
  155         423.047     575.345           0.000       0.000             155               0
  247        -344.267   -1810.333           0.000       0.000             247               0
  248         534.226   -1528.495           0.000       0.000             248               0
   50        -452.798     935.061           0.000       0.000              50               0
  165        -580.071    -965.054           0.000       0.000             165               0
  187       -1893.291     323.077           0.000       0.000             187               0
   98        -889.241     953.180           0.000       0.000              98               0
  115       -1891.278    2772.663           0.000       0.000             115               0
   60         682.236     388.706           0.000       0.000              60               0
  171       -1618.264   -2299.773           0.000       0.000             171               0
  212         185.267   -1018.990           0.000       0.000             212               0
   86       -1186.208    -127.090           0.000       0.000              86               0
   48       -1873.490    1513.116           0.000       0.000              48               0
    9        1057.171     514.122           0.000       0.000               9               0
   33        -704.479     644.498           0.000       0.000              33               0
  116       -2385.550    -411.585           0.000       0.000             116               0
  207         532.270   -2385.777           0.000       0.000             207               0
  204         657.448    -564.369           0.000       0.000             204               0
   81       -1172.620    1705.254           0.000       0.000              81               0
  153         793.058    -575.912           0.000       0.000             153               0
