SINAL     NFT                         FFT                         NFT INVERSA     FFT INVERSA
-----     -----------------------     -----------------------     -----------     -----------
  142       62434.000       0.000           0.000       0.000             142               0
  194         671.569     368.257           0.000       0.000             194               0
  138         178.984   -1587.545           0.000       0.000             138               0
  214        2049.439    1667.603           0.000       0.000             214               0
  234          49.420    -590.606           0.000       0.000             234               0
   96        1644.874   -1226.889           0.000       0.000              96               0
   31        1444.718     948.659           0.000       0.000              31               0
  116       -1007.531   -1403.733           0.000       0.000             116               0
  197        -281.987     482.941           0.000       0.000             197               0
  101       -1232.244    -911.737           0.000       0.000             101               0
   18        -206.666    -747.061           0.000       0.000              18               0
  103          10.533    1250.838           0.000       0.000             103               0
  222         361.603   -2197.557           0.000       0.000             222               0
  191         970.608     663.301           0.000       0.000             191               0
  210         -36.824   -1806.878           0.000       0.000             210               0
   79         -47.426    -712.749           0.000       0.000              79               0
  200         543.208     912.754           0.000       0.000             200               0
  173        -836.162    2049.403           0.000       0.000             173               0
  204        1545.742    1057.021           0.000       0.000             204               0
  236         -50.970    -560.090           0.000       0.000             236               0
  107        -121.155   -1464.484           0.000       0.000             107               0
   83         669.660     138.783           0.000       0.000              83               0
   78          80.766    1510.798           0.000       0.000              78               0
  137        -738.202    -119.204           0.000       0.000             137               0
  156        1837.319    1843.415           0.000       0.000             156               0
  207       -1582.406    2268.699           0.000       0.000             207               0
  103        -673.135   -1380.866           0.000       0.000             103               0
   45        -977.127    1472.782           0.000       0.000              45               0
   90        1083.093     656.967           0.000       0.000              90               0
   86        -584.383    -847.213           0.000       0.000              86               0
  236        1104.597     384.718           0.000       0.000             236               0
  233        1893.318     669.915           0.000       0.000             233               0
   25        -950.145   -2572.190           0.000       0.000              25               0
  118        1532.253    -566.621           0.000       0.000             118               0
  192        -216.248   -1382.886           0.000       0.000             192               0
    3        -446.372    1045.170           0.000       0.000               3               0
  214        -568.788   -1611.746           0.000       0.000             214               0
  223        -170.001    -112.101           0.000       0.000             223               0
  119        1639.812    -807.079           0.000       0.000             119               0
  156         558.015     586.528           0.000       0.000             156               0
   69       -1307.631    -755.091           0.000       0.000              69               0
  138        1315.444    -121.614           0.000       0.000             138               0
    3        1225.381   -1401.836           0.000       0.000               3               0
   35        1388.013      10.983           0.000       0.000              35               0
   73       -1240.267   -1201.673           0.000       0.000              73               0
  213        -128.058    -138.422           0.000       0.000             213               0
  114         153.423      95.723           0.000       0.000             114               0
   18        -733.949    -632.623           0.000       0.000              18               0
  131         -61.741     709.042           0.000       0.000             131               0
   63       -1068.472     611.422           0.000       0.000              63               0
  254         289.834   -1186.090           0.000       0.000             254               0
  239          -6.920    -616.533           0.000       0.000             239               0
  146       -1289.697     578.003           0.000       0.000             146               0
   76        1654.103    -403.388           0.000       0.000              76               0
  120        -421.301    1408.930           0.000       0.000             120               0
   47         440.893   -2123.554           0.000       0.000              47               0
   27       -1903.867   -1481.553           0.000       0.000              27               0
  223         674.023    -675.930           0.000       0.000             223               0
   92         340.954     169.934           0.000       0.000              92               0
  118         537.567    1244.784           0.000       0.000             118               0
   54       -1145.210    -601.818           0.000       0.000              54               0
   73        2366.508    -258.246           0.000       0.000              73               0
   96        -694.054    -821.926           0.000       0.000              96               0
   80         180.157    1055.821           0.000       0.000              80               0
  191          48.334      83.084           0.000       0.000             191               0
   32       -1731.751    1374.323           0.000       0.000              32               0
   84          90.078    1227.247           0.000       0.000              84               0
  150        -635.836   -2620.445           0.000       0.000             150               0
    0        -536.584     852.787           0.000       0.000               0               0
  204        1361.550   -1727.381           0.000       0.000             204               0
   51        -182.904   -1191.418           0.000       0.000              51               0
   69         523.252    -496.374           0.000       0.000              69               0
   86        1296.637    -372.640           0.000       0.000              86               0
   54         -59.172    1420.283           0.000       0.000              54               0
  104        -864.754   -2214.419           0.000       0.000             104               0
  160        -375.442     228.609           0.000       0.000             160               0
   11       -2396.503    1499.107           0.000       0.000              11               0
  219        -500.669    1676.064           0.000       0.000             219               0
  178        -898.341    2287.192           0.000       0.000             178               0
  143        2026.370     890.274           0.000       0.000             143               0
   27        -455.854    -288.804           0.000       0.000              27               0
  176         247.200    -379.597           0.000       0.000             176               0
  126         852.041     142.361           0.000       0.000             126               0
  173        1621.087    -148.535           0.000       0.000             173               0
  253        -228.100   -1058.420           0.000       0.000             253               0
  246        -320.514      27.968           0.000       0.000             246               0
  221        -575.996    -847.881           0.000       0.000             221               0
   24        -382.339    1178.483           0.000       0.000              24               0
  214        -612.107    -543.388           0.000       0.000             214               0
   58        -745.535   -1453.584           0.000       0.000              58               0
  143        1136.488   -2173.457           0.000       0.000             143               0
   13        -206.368     179.860           0.000       0.000              13               0
  131        -222.069   -1972.092           0.000       0.000             131               0
  240        -729.489     887.868           0.000       0.000             240               0
   94       -1316.241   -1047.859           0.000       0.000              94               0
   66       -1664.414   -1190.564           0.000       0.000              66               0
   17       -1315.123     477.901           0.000       0.000              17               0
  178         927.426    1073.766           0.000       0.000             178               0
  217       -1365.179     502.548           0.000       0.000             217               0
   17          24.805    2235.317           0.000       0.000              17               0
  126         872.017   -1472.099           0.000       0.000             126               0
   12       -1081.105    1107.993           0.000       0.000              12               0
   86        -429.400    1354.764           0.000       0.000              86               0
  212         165.767     691.820           0.000       0.000             212               0
   67       -1036.128    1313.941           0.000       0.000              67               0
  191        -357.818   -1307.820           0.000       0.000             191               0
  116        -200.286   -1135.162           0.000       0.000             116               0
   79         -47.590    -447.975           0.000       0.000              79               0
  154       -1305.938    1540.974           0.000       0.000             154               0
   38       -1308.060     456.756           0.000       0.000              38               0
  222        1415.430     393.728           0.000       0.000             222               0
  181        -391.079   -1096.166           0.000       0.000             181               0
  215        1786.199    2037.769           0.000       0.000             215               0
   92        -221.022    -544.376           0.000       0.000              92               0
   99        -229.765    2322.887           0.000       0.000              99               0
  212         630.642     968.906           0.000       0.000             212               0
   83        -668.373    -604.364           0.000       0.000              83               0
   64         653.244    -878.335           0.000       0.000              64               0
  237       -1848.482     713.693           0.000       0.000             237               0
   41        1294.769     122.860           0.000       0.000              41               0
  123        -202.414     279.726           0.000       0.000             123               0
  125        3308.665    1138.891           0.000       0.000             125               0
   55        -815.074     -66.087           0.000       0.000              55               0
  254         574.233     350.542           0.000       0.000             254               0
  109        1290.329    1605.795           0.000       0.000             109               0
  149          85.402    1512.015           0.000       0.000             149               0
   65         293.490   -1073.341           0.000       0.000              65               0
  126        -151.562    -904.827           0.000       0.000             126               0
   72         274.976    -607.004           0.000       0.000              72               0
   26       -2093.472     232.725           0.000       0.000              26               0
  144         -26.451      67.833           0.000       0.000             144               0
  198         876.863     -63.613           0.000       0.000             198               0
   39          51.026     622.562           0.000       0.000              39               0
  230       -1022.517    1067.819           0.000       0.000             230               0
  155        2166.472   -1009.324           0.000       0.000             155               0
  106       -1727.965    -383.914           0.000       0.000             106               0
  166       -1941.077     832.431           0.000       0.000             166               0
   16        1657.719     431.660           0.000       0.000              16               0
  185        -428.655   -1901.028           0.000       0.000             185               0
   65        -373.428   -2081.435           0.000       0.000              65               0
   55        -362.074   -1404.989           0.000       0.000              55               0
  151        -652.268   -2692.668           0.000       0.000             151               0
  247        1050.268   -1326.581           0.000       0.000             247               0
   14        -171.278   -1443.192           0.000       0.000              14               0
  244        2739.930    -923.732           0.000       0.000             244               0
   90        -536.748     968.562           0.000       0.000              90               0
  227         468.424    -792.230           0.000       0.000             227               0
   71       -2286.464      10.632           0.000       0.000              71               0
  155         819.559      25.441           0.000       0.000             155               0
  208         959.451     132.255           0.000       0.000             208               0
  112       -1023.000     217.750           0.000       0.000             112               0
   22        1251.075     894.552           0.000       0.000              22               0
   77        1284.158    -796.732           0.000       0.000              77               0
  168        -609.541   -1492.571           0.000       0.000             168               0
   21        1639.214    -897.080           0.000       0.000              21               0
  187       -1327.477     179.571           0.000       0.000             187               0
   62       -1405.240   -1046.658           0.000       0.000              62               0
   86        1768.135   -2008.247           0.000       0.000              86               0
   58        1181.989    1079.305           0.000       0.000              58               0
  134        -361.555    2062.181           0.000       0.000             134               0
  113       -1641.883      71.253           0.000       0.000             113               0
  203        -687.141     721.346           0.000       0.000             203               0
   77        -396.917   -1386.434           0.000       0.000              77               0
  152         169.824   -1130.313           0.000       0.000             152               0
  177          99.360     802.956           0.000       0.000             177               0
  232         461.209    -496.419           0.000       0.000             232               0
    3         213.724   -1376.931           0.000       0.000               3               0
   88       -1535.943    1366.570           0.000       0.000              88               0
  249        -716.109    -855.843           0.000       0.000             249               0
  189        2104.090    -161.699           0.000       0.000             189               0
  153        1228.863    -888.866           0.000       0.000             153               0
   48        1619.528   -1698.468           0.000       0.000              48               0
   85         -58.451     338.081           0.000       0.000              85               0
  144        -893.965    -665.638           0.000       0.000             144               0
   63        -530.126     141.983           0.000       0.000              63               0
   73        -820.391    -988.552           0.000       0.000              73               0
  235       -2145.700      87.116           0.000       0.000             235               0
   34         -51.491    2073.582           0.000       0.000              34               0
  144         282.101     527.033           0.000       0.000             144               0
  134       -1227.060   -1142.763           0.000       0.000             134               0
  242         375.295    1313.501           0.000       0.000             242               0
    1         525.564   -1011.868           0.000       0.000               1               0
  157        -207.507     607.548           0.000       0.000             157               0
   64        1202.424     -55.597           0.000       0.000              64               0
  170         641.211     534.992           0.000       0.000             170               0
  178         262.417   -1563.732           0.000       0.000             178               0
  252         495.445   -2088.277           0.000       0.000             252               0
  232        -706.068   -1350.775           0.000       0.000             232               0
    9         666.178    -490.805           0.000       0.000               9               0
   55         243.686   -1481.274           0.000       0.000              55               0
  111         -26.719    -637.878           0.000       0.000             111               0
  122         924.437     894.437           0.000       0.000             122               0
    2        1981.646    -604.631           0.000       0.000               2               0
  188         279.713     561.515           0.000       0.000             188               0
   19       -2154.161    -935.691           0.000       0.000              19               0
  180         909.598     -99.477           0.000       0.000             180               0
  165         888.626   -2835.417           0.000       0.000             165               0
   23        1758.315     512.239           0.000       0.000              23               0
   12         442.048    2456.969           0.000       0.000              12               0
  158        1624.350    1776.372           0.000       0.000             158               0
  212        2882.211   -1045.922           0.000       0.000             212               0
  165        -958.692    -824.630           0.000       0.000             165               0
  207        -569.994    -867.240           0.000       0.000             207               0
   42        -473.512    1516.964           0.000       0.000              42               0
   53        1669.923    1875.887           0.000       0.000              53               0
   14         254.333    -436.263           0.000       0.000              14               0
  116       -2092.949    2383.070           0.000       0.000             116               0
   32       -2782.254     407.571           0.000       0.000              32               0
   48         759.701     349.338           0.000       0.000              48               0
    4        -582.636     198.185           0.000       0.000               4               0
  167        -204.779    -261.333           0.000       0.000             167               0
   35       -1834.665   -1163.764           0.000       0.000              35               0
    6        -251.637     161.283           0.000       0.000               6               0
   69         735.371    1969.562           0.000       0.000              69               0
  100        1044.056    1540.879           0.000       0.000             100               0
  176         939.000   -1485.684           0.000       0.000             176               0
  248         741.023     356.147           0.000       0.000             248               0
   96        -312.730   -2070.740           0.000       0.000              96               0
  153        -222.851    -617.163           0.000       0.000             153               0
    1         871.110    1219.086           0.000       0.000               1               0
  151        -547.927    1582.279           0.000       0.000             151               0
    8         985.371     814.723           0.000       0.000               8               0
  123        -161.506    1172.477           0.000       0.000             123               0
  153        -601.172    2220.536           0.000       0.000             153               0
  197       -1576.913     220.944           0.000       0.000             197               0
  143        -419.096    -457.511           0.000       0.000             143               0
   77         639.936   -2694.724           0.000       0.000              77               0
  107         838.447     235.465           0.000       0.000             107               0
  166           3.718   -1327.409           0.000       0.000             166               0
   90       -1460.969   -2023.897           0.000       0.000              90               0
   10        -463.903    1041.705           0.000       0.000              10               0
  123          17.441   -1276.069           0.000       0.000             123               0
  255         417.984     851.724           0.000       0.000             255               0
  217         513.339    1707.170           0.000       0.000             217               0
  165        -699.853     199.742           0.000       0.000             165               0
   53       -1128.306   -1567.298           0.000       0.000              53               0
  232          59.588     800.002           0.000       0.000             232               0
   26       -2126.693     765.022           0.000       0.000              26               0
   86        2620.897     561.874           0.000       0.000              86               0
   24        1561.921      29.374           0.000       0.000              24               0
   30       -4189.932    -137.359           0.000       0.000              30               0
  253        -102.230     866.078           0.000       0.000             253               0
   60         365.717   -1574.269           0.000       0.000              60               0
   37       -1834.405    -825.538           0.000       0.000              37               0
   67        1003.237    2086.550           0.000       0.000              67               0
  160         815.395     376.995           0.000       0.000             160               0
  213        -232.225   -1174.973           0.000       0.000             213               0
   59         752.307     946.001           0.000       0.000              59               0
    0       -3355.350    -365.881           0.000       0.000              -0               0
  110        1433.239   -1582.856           0.000       0.000             110               0
   60        -297.001     611.574           0.000       0.000              60               0
  152        2151.529     877.854           0.000       0.000             152               0
  119        -657.623     734.551           0.000       0.000             119               0
  184        -507.285    -835.172           0.000       0.000             184               0
   49         778.597   -1202.314           0.000       0.000              49               0
   60        -652.185     718.594           0.000       0.000              60               0
   71        1044.000       0.141           0.000       0.000              71               0
  127        -651.976    -718.719           0.000       0.000             127               0
  167         778.175    1202.643           0.000       0.000             167               0
  238        -507.636     834.763           0.000       0.000             238               0
  217        -657.182    -735.015           0.000       0.000             217               0
  177        2151.826    -877.152           0.000       0.000             177               0
  105        -297.006    -611.466           0.000       0.000             105               0
  217        1432.313    1583.397           0.000       0.000             217               0
  139       -3355.608     364.524           0.000       0.000             139               0
   15         752.848    -945.811           0.000       0.000              15               0
   14        -232.557    1174.802           0.000       0.000              14               0
  115         815.532    -377.025           0.000       0.000             115               0
   41        1003.626   -2086.140           0.000       0.000              41               0
  101       -1834.876     825.196           0.000       0.000             101               0
  140         365.153    1574.248           0.000       0.000             140               0
   72        -102.267    -866.325           0.000       0.000              72               0
   98       -4189.744     135.884           0.000       0.000              98               0
  200        1562.531     -29.002           0.000       0.000             200               0
  109        2620.887    -561.128           0.000       0.000             109               0
  166       -2126.701    -765.746           0.000       0.000             166               0
  104          59.871    -799.790           0.000       0.000             104               0
   67       -1128.806    1566.943           0.000       0.000              67               0
  225        -699.556    -200.250           0.000       0.000             225               0
  105         514.102   -1707.026           0.000       0.000             105               0
  178         418.280    -851.259           0.000       0.000             178               0
   30          16.932    1276.261           0.000       0.000              30               0
    1        -463.643   -1041.639           0.000       0.000               1               0
   41       -1461.514    2023.645           0.000       0.000              41               0
  214           3.580    1327.264           0.000       0.000             214               0
   51         838.668    -235.230           0.000       0.000              51               0
  102         638.936    2694.715           0.000       0.000             102               0
   30        -419.433     456.762           0.000       0.000              30               0
  179       -1576.796    -222.104           0.000       0.000             179               0
   14        -600.154   -2221.120           0.000       0.000              14               0
   12        -160.793   -1172.601           0.000       0.000              12               0
  141         985.803    -814.445           0.000       0.000             141               0
  192        -547.271   -1582.388           0.000       0.000             192               0
  118         871.641   -1218.432           0.000       0.000             118               0
  102        -223.019     617.503           0.000       0.000             102               0
   75        -313.228    2070.638           0.000       0.000              75               0
  133         741.355    -356.057           0.000       0.000             133               0
  117         938.573    1485.699           0.000       0.000             117               0
  191        1044.477   -1540.919           0.000       0.000             191               0
  175         735.752   -1969.243           0.000       0.000             175               0
  218        -251.948    -161.067           0.000       0.000             218               0
   75       -1835.159    1163.219           0.000       0.000              75               0
  247        -204.782     261.097           0.000       0.000             247               0
   61        -582.504    -198.567           0.000       0.000              61               0
   19         759.660    -349.263           0.000       0.000              19               0
  101       -2782.192    -408.743           0.000       0.000             101               0
  227       -2091.636   -2383.750           0.000       0.000             227               0
  124         254.845     436.432           0.000       0.000             124               0
  168        1670.828   -1875.287           0.000       0.000             168               0
  197        -472.906   -1516.686           0.000       0.000             197               0
  229        -569.986     867.480           0.000       0.000             229               0
   90        -958.321     824.450           0.000       0.000              90               0
  227        2882.384    1046.700           0.000       0.000             227               0
  231        1624.988   -1776.014           0.000       0.000             231               0
  132         442.936   -2456.464           0.000       0.000             132               0
  186        1758.497    -510.890           0.000       0.000             186               0
   27         887.502    2836.098           0.000       0.000              27               0
  235         909.238      99.822           0.000       0.000             235               0
  217       -2154.512     935.002           0.000       0.000             217               0
  206         280.280    -561.356           0.000       0.000             206               0
  249        1981.563     605.407           0.000       0.000             249               0
  229         924.556    -893.911           0.000       0.000             229               0
   92         -27.075     638.260           0.000       0.000              92               0
  185         243.145    1481.560           0.000       0.000             185               0
   92         665.886     491.166           0.000       0.000              92               0
  194        -706.568    1350.699           0.000       0.000             194               0
    5         494.808    2088.365           0.000       0.000               5               0
  225         261.914    1563.418           0.000       0.000             225               0
   56         641.403    -535.144           0.000       0.000              56               0
  196        1202.241      55.802           0.000       0.000             196               0
  145        -207.508    -607.690           0.000       0.000             145               0
   19         525.063    1011.896           0.000       0.000              19               0
   15         375.424   -1313.464           0.000       0.000              15               0
  136       -1227.627    1142.284           0.000       0.000             136               0
   80         282.185    -527.216           0.000       0.000              80               0
   35         -51.091   -2073.526           0.000       0.000              35               0
  238       -2145.776     -87.475           0.000       0.000             238               0
   52        -820.539     988.448           0.000       0.000              52               0
  159        -529.888    -142.065           0.000       0.000             159               0
  150        -893.884     665.439           0.000       0.000             150               0
  250         -57.873    -337.921           0.000       0.000             250               0
  133        1619.274    1699.139           0.000       0.000             133               0
  241        1228.631     889.148           0.000       0.000             241               0
  221        2103.753     162.291           0.000       0.000             221               0
  109        -716.819     855.420           0.000       0.000             109               0
  118       -1535.513   -1367.088           0.000       0.000             118               0
  152         213.412    1377.091           0.000       0.000             152               0
  136         461.051     496.403           0.000       0.000             136               0
   97          99.563    -802.918           0.000       0.000              97               0
  113         169.331    1130.446           0.000       0.000             113               0
   87        -397.517    1386.039           0.000       0.000              87               0
   90        -686.983    -721.879           0.000       0.000              90               0
   87       -1641.697     -72.024           0.000       0.000              87               0
  179        -360.446   -2062.302           0.000       0.000             179               0
   20        1182.651   -1078.433           0.000       0.000              20               0
  179        1767.316    2009.184           0.000       0.000             179               0
  118       -1405.773    1046.143           0.000       0.000             118               0
   25       -1327.114    -179.997           0.000       0.000              25               0
  149        1639.141     897.734           0.000       0.000             149               0
  174        -609.916    1492.267           0.000       0.000             174               0
  221        1284.062     796.832           0.000       0.000             221               0
   38        1251.221    -894.353           0.000       0.000              38               0
  194       -1022.988    -218.106           0.000       0.000             194               0
  236         959.542    -131.905           0.000       0.000             236               0
  175         819.299     -25.099           0.000       0.000             175               0
   19       -2286.483     -11.271           0.000       0.000              19               0
   15         468.412     792.432           0.000       0.000              15               0
  157        -536.114    -968.564           0.000       0.000             157               0
   71        2739.693     925.017           0.000       0.000              71               0
  175        -171.955    1443.361           0.000       0.000             175               0
   52        1049.625    1327.098           0.000       0.000              52               0
   65        -653.406    2692.400           0.000       0.000              65               0
   52        -362.623    1404.622           0.000       0.000              52               0
   38        -374.143    2080.965           0.000       0.000              38               0
   31        -429.191    1900.225           0.000       0.000              31               0
  161        1657.693    -431.784           0.000       0.000             161               0
  156       -1941.027    -833.424           0.000       0.000             156               0
  184       -1727.752     383.123           0.000       0.000             184               0
   42        2166.302    1009.612           0.000       0.000              42               0
  253       -1022.216   -1068.593           0.000       0.000             253               0
   41          51.390    -622.721           0.000       0.000              41               0
  129         876.832      63.763           0.000       0.000             129               0
   88         -26.636     -68.017           0.000       0.000              88               0
  128       -2093.310    -233.531           0.000       0.000             128               0
   52         275.073     606.988           0.000       0.000              52               0
  108        -151.648     904.506           0.000       0.000             108               0
   51         293.354    1072.870           0.000       0.000              51               0
  170          86.159   -1512.550           0.000       0.000             170               0
  133        1291.021   -1605.548           0.000       0.000             133               0
  200         574.325    -350.399           0.000       0.000             200               0
   89        -814.851      65.630           0.000       0.000              89               0
   99        3309.075   -1137.927           0.000       0.000              99               0
  239        -202.605    -279.821           0.000       0.000             239               0
   27        1294.493    -122.514           0.000       0.000              27               0
   79       -1848.427    -714.316           0.000       0.000              79               0
  158         652.965     878.497           0.000       0.000             158               0
   46        -668.586     603.778           0.000       0.000              46               0
   95         630.979    -969.123           0.000       0.000              95               0
   60        -229.031   -2323.009           0.000       0.000              60               0
  118        -221.085     544.308           0.000       0.000             118               0
   14        1786.812   -2037.100           0.000       0.000              14               0
  112        -391.638    1096.149           0.000       0.000             112               0
  184        1415.252    -393.382           0.000       0.000             184               0
   67       -1308.298    -457.286           0.000       0.000              67               0
  150       -1305.468   -1541.275           0.000       0.000             150               0
  216         -47.711     448.236           0.000       0.000             216               0
  229        -200.730    1135.133           0.000       0.000             229               0
   51        -358.350    1307.365           0.000       0.000              51               0
  144       -1035.667   -1314.645           0.000       0.000             144               0
   15         166.041    -691.918           0.000       0.000              15               0
   49        -428.997   -1354.941           0.000       0.000              49               0
  185       -1080.612   -1108.138           0.000       0.000             185               0
  144         871.604    1472.350           0.000       0.000             144               0
  137          25.382   -2235.395           0.000       0.000             137               0
   58       -1365.019    -502.801           0.000       0.000              58               0
  196         927.711   -1073.185           0.000       0.000             196               0
  246       -1315.190    -477.881           0.000       0.000             246               0
  109       -1664.784    1190.372           0.000       0.000             109               0
  111       -1316.355    1047.486           0.000       0.000             111               0
  124        -728.862    -887.900           0.000       0.000             124               0
   54        -222.411    1972.216           0.000       0.000              54               0
  200        -205.989    -179.810           0.000       0.000             200               0
  223        1135.876    2173.921           0.000       0.000             223               0
   37        -746.028    1453.068           0.000       0.000              37               0
  228        -612.138     542.785           0.000       0.000             228               0
   46        -381.749   -1178.769           0.000       0.000              46               0
  196        -576.031     847.656           0.000       0.000             196               0
   18        -320.176     -28.169           0.000       0.000              18               0
  142        -228.013    1058.184           0.000       0.000             142               0
    0        1621.339     148.793           0.000       0.000               0               0
  137         852.106    -142.294           0.000       0.000             137               0
  156         247.036     379.440           0.000       0.000             156               0
  112        -455.827     288.246           0.000       0.000             112               0
   65        2026.580    -890.065           0.000       0.000              65               0
  224        -897.865   -2287.700           0.000       0.000             224               0
    7        -500.277   -1676.114           0.000       0.000               7               0
   25       -2395.899   -1499.557           0.000       0.000              25               0
  197        -375.024    -228.222           0.000       0.000             197               0
   59        -865.129    2214.249           0.000       0.000              59               0
  170         -58.217   -1420.284           0.000       0.000             170               0
  212        1296.817     373.352           0.000       0.000             212               0
  108         523.166     496.771           0.000       0.000             108               0
   99        -183.154    1191.489           0.000       0.000              99               0
  100        1360.988    1727.663           0.000       0.000             100               0
  246        -536.412    -853.059           0.000       0.000             246               0
  157        -636.647    2619.976           0.000       0.000             157               0
   41          90.523   -1227.702           0.000       0.000              41               0
  236       -1731.102   -1374.975           0.000       0.000             236               0
   11          48.742     -83.034           0.000       0.000              11               0
  153         180.770   -1055.619           0.000       0.000             153               0
  105        -693.930     821.859           0.000       0.000             105               0
   65        2366.587     259.046           0.000       0.000              65               0
   97       -1145.385     601.324           0.000       0.000              97               0
   72         538.202   -1244.604           0.000       0.000              72               0
  103         341.115    -169.555           0.000       0.000             103               0
   70         673.723     676.422           0.000       0.000              70               0
  119       -1904.254    1481.023           0.000       0.000             119               0
   43         440.489    2123.385           0.000       0.000              43               0
   89        -420.543   -1409.354           0.000       0.000              89               0
    5        1654.053     403.898           0.000       0.000               5               0
   43       -1289.487    -578.432           0.000       0.000              43               0
  226          -6.895     616.609           0.000       0.000             226               0
  162         289.536    1186.021           0.000       0.000             162               0
  156       -1068.106    -611.993           0.000       0.000             156               0
   36         -61.242    -709.015           0.000       0.000              36               0
  130        -733.855     632.444           0.000       0.000             130               0
  164         153.800     -95.655           0.000       0.000             164               0
   61        -127.832     138.498           0.000       0.000              61               0
   71       -1240.151    1201.271           0.000       0.000              71               0
  223        1388.594     -10.534           0.000       0.000             223               0
  231        1225.201    1402.175           0.000       0.000             231               0
   28        1315.427     121.890           0.000       0.000              28               0
   76       -1307.725     754.478           0.000       0.000              76               0
   75         558.631    -586.434           0.000       0.000              75               0
  128        1639.682     807.609           0.000       0.000             128               0
   66        -170.055     112.009           0.000       0.000              66               0
  233        -569.173    1611.367           0.000       0.000             233               0
  170        -445.708   -1045.445           0.000       0.000             170               0
   47        -216.250    1382.815           0.000       0.000              47               0
  244        1532.356     567.027           0.000       0.000             244               0
   67        -950.669    2571.459           0.000       0.000              67               0
  152        1893.912    -669.862           0.000       0.000             152               0
   54        1104.734    -384.638           0.000       0.000              54               0
  165        -584.576     846.635           0.000       0.000             165               0
  225        1083.383    -657.091           0.000       0.000             225               0
  157        -976.608   -1473.301           0.000       0.000             157               0
  235        -673.371    1380.289           0.000       0.000             235               0
   88       -1581.102   -2269.666           0.000       0.000              88               0
  200        1838.400   -1842.764           0.000       0.000             200               0
   68        -737.956     118.999           0.000       0.000              68               0
   94          81.749   -1510.696           0.000       0.000              94               0
  243         670.103    -138.278           0.000       0.000             243               0
   38        -121.268    1464.479           0.000       0.000              38               0
    1         -50.633     559.758           0.000       0.000               1               0
  144        1546.456   -1056.819           0.000       0.000             144               0
   74        -835.133   -2049.642           0.000       0.000              74               0
  131         544.005    -912.183           0.000       0.000             131               0
   52         -47.194     713.123           0.000       0.000              52               0
  136         -36.830    1806.896           0.000       0.000             136               0
  203         971.392    -662.960           0.000       0.000             203               0
   20         361.328    2197.574           0.000       0.000              20               0
  112          11.453   -1250.992           0.000       0.000             112               0
  231        -206.352     747.054           0.000       0.000             231               0
   96       -1231.742     911.178           0.000       0.000              96               0
  188        -280.765    -483.124           0.000       0.000             188               0
  104       -1006.622    1403.242           0.000       0.000             104               0
  163        1446.608    -948.315           0.000       0.000             163               0
  165        1645.914    1227.361           0.000       0.000             165               0
   18          51.004     590.262           0.000       0.000              18               0
  210        2052.244   -1667.024           0.000       0.000             210               0
  153         181.662    1587.537           0.000       0.000             153               0
   86         678.293    -368.299           0.000       0.000              86               0
