SINAL     NFT                         FFT                         NFT INVERSA     FFT INVERSA
-----     -----------------------     -----------------------     -----------     -----------
  221       68526.000       0.000           0.000       0.000             221               0
  190        -627.670     520.981           0.000       0.000             190               0
    1         740.596    1221.262           0.000       0.000               1               0
  222        1130.570    -298.828           0.000       0.000             222               0
  221        -968.558   -1936.810           0.000       0.000             221               0
   91         541.051     288.860           0.000       0.000              91               0
  204        -227.954    -513.639           0.000       0.000             204               0
  132         576.650      82.815           0.000       0.000             132               0
  170        2927.240    -759.165           0.000       0.000             170               0
  171         338.326    1047.064           0.000       0.000             171               0
   79         -15.049    1280.667           0.000       0.000              79               0
    8        -884.112   -1177.230           0.000       0.000               8               0
  221        -974.110   -1020.793           0.000       0.000             221               0
   87        1077.713    -185.750           0.000       0.000              87               0
  192        1238.866     255.843           0.000       0.000             192               0
  236         604.267    -143.763           0.000       0.000             236               0
  164         369.241     255.961           0.000       0.000             164               0
    4        2419.482    2313.190           0.000       0.000               4               0
   63       -1151.869     791.120           0.000       0.000              63               0
  184         574.948    -629.883           0.000       0.000             184               0
   52        -545.767    2302.468           0.000       0.000              52               0
  108         516.851   -1217.726           0.000       0.000             108               0
  249         147.329   -1053.592           0.000       0.000             249               0
  205        -270.339   -1069.614           0.000       0.000             205               0
   99        -538.281   -2037.254           0.000       0.000              99               0
   56        -725.470      92.906           0.000       0.000              56               0
   22        -303.945    1131.244           0.000       0.000              22               0
  246        -448.545    -358.383           0.000       0.000             246               0
  138          43.230     742.174           0.000       0.000             138               0
  198         600.879     -62.769           0.000       0.000             198               0
  249          56.669     675.692           0.000       0.000             249               0
  104        -871.062   -1493.597           0.000       0.000             104               0
  132        1102.068   -1165.588           0.000       0.000             132               0
  250        1033.282    2404.427           0.000       0.000             250               0
   71        1782.679     100.569           0.000       0.000              71               0
   98          38.444     373.996           0.000       0.000              98               0
   86         -20.053     327.706           0.000       0.000              86               0
   19        -647.697     338.034           0.000       0.000              19               0
  231        1458.276   -1376.992           0.000       0.000             231               0
    1       -3253.355     367.861           0.000       0.000               1               0
  190        -650.246   -2431.394           0.000       0.000             190               0
   54        -327.464    2527.138           0.000       0.000              54               0
   10         782.731   -1302.436           0.000       0.000              10               0
  156        -887.896   -1380.550           0.000       0.000             156               0
  142        -565.713     961.931           0.000       0.000             142               0
  203        1924.119   -1179.385           0.000       0.000             203               0
  136         733.248    -467.751           0.000       0.000             136               0
   51        -568.200      71.483           0.000       0.000              51               0
  208        2056.075      39.036           0.000       0.000             208               0
  200       -1387.551     273.843           0.000       0.000             200               0
  235         244.397    -129.825           0.000       0.000             235               0
    4        1007.175    1024.606           0.000       0.000               4               0
   53       -2226.118    -191.719           0.000       0.000              53               0
  228        1358.602    -581.035           0.000       0.000             228               0
  209        -297.198    -313.895           0.000       0.000             209               0
  152         981.006    -476.352           0.000       0.000             152               0
   29         633.685   -1393.230           0.000       0.000              29               0
  231        -877.207    1659.790           0.000       0.000             231               0
  142        -486.229     951.552           0.000       0.000             142               0
  167       -1452.775    1349.458           0.000       0.000             167               0
  174        -642.794     499.359           0.000       0.000             174               0
  135       -1135.384     447.697           0.000       0.000             135               0
   16        -702.409    2042.501           0.000       0.000              16               0
   51         409.846     -86.286           0.000       0.000              51               0
  130         700.515     235.742           0.000       0.000             130               0
   87       -1890.018     710.321           0.000       0.000              87               0
  149        -214.218     565.201           0.000       0.000             149               0
  217        1442.122     245.490           0.000       0.000             217               0
  106        1901.598     902.689           0.000       0.000             106               0
  124         538.332     680.610           0.000       0.000             124               0
  219         474.079   -1743.286           0.000       0.000             219               0
   40         168.430     803.192           0.000       0.000              40               0
  179         579.943   -1414.839           0.000       0.000             179               0
  230        2081.083     286.625           0.000       0.000             230               0
  197         247.544    -106.688           0.000       0.000             197               0
   65        -127.958    -695.051           0.000       0.000              65               0
  177        -869.634    2359.323           0.000       0.000             177               0
   77        -645.183   -1101.513           0.000       0.000              77               0
  116         906.865   -2104.089           0.000       0.000             116               0
  129        1229.861    -614.033           0.000       0.000             129               0
   21       -1976.963   -2369.420           0.000       0.000              21               0
   96        -961.461    -919.570           0.000       0.000              96               0
  134        1678.626     155.849           0.000       0.000             134               0
   74        1257.378    -103.794           0.000       0.000              74               0
   68         733.603    1797.333           0.000       0.000              68               0
   87         574.935    -529.575           0.000       0.000              87               0
  227        -410.174    1957.774           0.000       0.000             227               0
   97       -1370.771    -224.658           0.000       0.000              97               0
   63       -1002.402     332.362           0.000       0.000              63               0
  114        -242.642      24.365           0.000       0.000             114               0
    9           8.283    1593.816           0.000       0.000               9               0
  237         762.572    -919.743           0.000       0.000             237               0
  249         235.756    -616.510           0.000       0.000             249               0
   25         479.495    1221.653           0.000       0.000              25               0
   32        2086.071    1801.389           0.000       0.000              32               0
  124         470.064   -1733.439           0.000       0.000             124               0
  112        1585.487    -424.259           0.000       0.000             112               0
  182        -740.280   -1583.590           0.000       0.000             182               0
   86        -794.824    1397.656           0.000       0.000              86               0
  218           0.272    -100.639           0.000       0.000             218               0
   51        -274.047    1855.109           0.000       0.000              51               0
   50         170.301     674.189           0.000       0.000              50               0
    3         414.051    2655.856           0.000       0.000               3               0
  230       -2186.540    2765.633           0.000       0.000             230               0
   24         -28.754    2583.601           0.000       0.000              24               0
  200        -296.252   -2810.941           0.000       0.000             200               0
   39        1548.168    1709.883           0.000       0.000              39               0
  202        1247.607     685.873           0.000       0.000             202               0
   22       -2754.831   -1510.647           0.000       0.000              22               0
  156        -238.432    -293.642           0.000       0.000             156               0
   76        1057.026     280.455           0.000       0.000              76               0
   44       -1526.150    1501.152           0.000       0.000              44               0
  252         939.958      71.672           0.000       0.000             252               0
  210        1989.166    1223.721           0.000       0.000             210               0
  119        -220.348     233.986           0.000       0.000             119               0
   65       -1294.014   -1556.609           0.000       0.000              65               0
   41          57.591   -1086.230           0.000       0.000              41               0
   90        2013.822     991.638           0.000       0.000              90               0
  163        -406.847    -270.351           0.000       0.000             163               0
  105        -111.278    -481.037           0.000       0.000             105               0
  204       -1826.190      74.537           0.000       0.000             204               0
  172       -1610.602    -633.456           0.000       0.000             172               0
   86        -636.071     -28.509           0.000       0.000              86               0
  198        -599.996    1199.990           0.000       0.000             198               0
  198        1998.441     480.233           0.000       0.000             198               0
  119         873.509   -1327.780           0.000       0.000             119               0
   67       -1225.635     159.737           0.000       0.000              67               0
   54         634.675    -619.485           0.000       0.000              54               0
   46        1275.095    -862.902           0.000       0.000              46               0
  153         608.172    -777.110           0.000       0.000             153               0
   17         -59.744    1150.922           0.000       0.000              17               0
   97         748.628    1085.484           0.000       0.000              97               0
  204         525.648     792.364           0.000       0.000             204               0
   21        1624.002    2237.910           0.000       0.000              21               0
   71       -1347.581     -39.452           0.000       0.000              71               0
  228        1516.288    -443.667           0.000       0.000             228               0
  221        1862.327    -448.743           0.000       0.000             221               0
  111          22.250    -980.848           0.000       0.000             111               0
  174         928.110      49.299           0.000       0.000             174               0
  244         315.735     188.881           0.000       0.000             244               0
   12         595.584     280.346           0.000       0.000              12               0
  250       -1524.880   -1655.902           0.000       0.000             250               0
   32        -503.841   -1594.709           0.000       0.000              32               0
    8        -539.555     274.243           0.000       0.000               8               0
  205         539.326    -400.597           0.000       0.000             205               0
  151         444.876   -1521.421           0.000       0.000             151               0
   73         -48.779    -765.892           0.000       0.000              73               0
  246       -2294.344    -897.385           0.000       0.000             246               0
  241        -795.609    -857.955           0.000       0.000             241               0
  236        -210.856    -326.213           0.000       0.000             236               0
   95         754.830    -693.620           0.000       0.000              95               0
  190           2.548     955.593           0.000       0.000             190               0
  153         -35.289    -376.765           0.000       0.000             153               0
  182        2441.156     118.712           0.000       0.000             182               0
  132         384.454     691.950           0.000       0.000             132               0
   95        2374.083    1865.847           0.000       0.000              95               0
   46         985.065    -208.519           0.000       0.000              46               0
  200        -692.057    -608.202           0.000       0.000             200               0
  149       -2341.130    2390.887           0.000       0.000             149               0
   92        -345.078     655.744           0.000       0.000              92               0
   97         565.932   -1082.756           0.000       0.000              97               0
  167         723.573     337.404           0.000       0.000             167               0
  190        1419.711    1368.613           0.000       0.000             190               0
   46        1393.708   -1229.129           0.000       0.000              46               0
  188        -769.128     286.613           0.000       0.000             188               0
    6       -2081.572    -814.669           0.000       0.000               6               0
   18         561.530     744.051           0.000       0.000              18               0
  154        1437.184     617.151           0.000       0.000             154               0
  117       -1494.598    -965.027           0.000       0.000             117               0
  193        2305.828   -1277.263           0.000       0.000             193               0
  142        1283.769   -1319.355           0.000       0.000             142               0
  129         378.668    -856.297           0.000       0.000             129               0
  188        -908.407   -2492.134           0.000       0.000             188               0
  174        1088.919    1483.306           0.000       0.000             174               0
  138        1236.396   -1513.673           0.000       0.000             138               0
  137         886.265   -1863.747           0.000       0.000             137               0
   70         954.562   -1499.754           0.000       0.000              70               0
  211        -146.932     963.842           0.000       0.000             211               0
  128         926.729    -399.848           0.000       0.000             128               0
   56        -274.101   -2575.793           0.000       0.000              56               0
  192       -2166.192    -406.669           0.000       0.000             192               0
  224         -19.437   -1485.570           0.000       0.000             224               0
  246         241.645    -406.203           0.000       0.000             246               0
   89         786.529    -381.391           0.000       0.000              89               0
  151        -723.459    -174.927           0.000       0.000             151               0
  122        1883.646   -1208.300           0.000       0.000             122               0
  185         -72.466   -1258.391           0.000       0.000             185               0
  197        3029.526     940.092           0.000       0.000             197               0
   66         368.517     349.761           0.000       0.000              66               0
   78        1170.967     804.074           0.000       0.000              78               0
   34        1437.136     222.965           0.000       0.000              34               0
  164         845.838   -1532.320           0.000       0.000             164               0
  246        1847.343   -1025.993           0.000       0.000             246               0
  224       -1559.776    -453.876           0.000       0.000             224               0
  211        -452.905    -175.292           0.000       0.000             211               0
  178       -1284.700     502.766           0.000       0.000             178               0
  230         763.897   -1037.300           0.000       0.000             230               0
  230       -1255.274   -1269.452           0.000       0.000             230               0
   76       -1570.438     254.520           0.000       0.000              76               0
   92        -681.709    1685.664           0.000       0.000              92               0
  167          80.925      87.754           0.000       0.000             167               0
  219         -42.067     628.380           0.000       0.000             219               0
  222         528.262    1287.579           0.000       0.000             222               0
  100        1514.323    -406.740           0.000       0.000             100               0
  138       -1678.160     230.895           0.000       0.000             138               0
  104         854.038   -1250.274           0.000       0.000             104               0
  238        2857.405    1162.996           0.000       0.000             238               0
  208        -350.241   -1564.765           0.000       0.000             208               0
   60        -479.094     694.577           0.000       0.000              60               0
  111         569.356    -599.091           0.000       0.000             111               0
    8       -2118.557     671.658           0.000       0.000               8               0
  253        1564.895     148.132           0.000       0.000             253               0
   80       -1825.935    2065.184           0.000       0.000              80               0
  254         392.272    1958.862           0.000       0.000             254               0
   87         869.922     793.609           0.000       0.000              87               0
  231         -80.960   -1028.070           0.000       0.000             231               0
  121         756.819   -1047.601           0.000       0.000             121               0
   16         272.538    -602.177           0.000       0.000              16               0
  173        1237.567    -111.302           0.000       0.000             173               0
  188         670.787     944.782           0.000       0.000             188               0
   95       -1348.326    1091.886           0.000       0.000              95               0
  208        -846.502    1740.441           0.000       0.000             208               0
   97       -2859.637   -1240.006           0.000       0.000              97               0
   85         -72.791     413.878           0.000       0.000              85               0
  176        -837.398     575.844           0.000       0.000             176               0
   52        1107.926     868.840           0.000       0.000              52               0
    7       -2152.950    -214.379           0.000       0.000               7               0
  151       -1537.815    -951.666           0.000       0.000             151               0
   26         960.380      50.588           0.000       0.000              26               0
   84         436.129   -1776.178           0.000       0.000              84               0
  244          22.147     796.476           0.000       0.000             244               0
  194        -397.407    -632.299           0.000       0.000             194               0
   48       -1760.644     761.548           0.000       0.000              48               0
  210         375.630    1639.241           0.000       0.000             210               0
   39         113.334   -1146.699           0.000       0.000              39               0
  186       -1539.752    1072.770           0.000       0.000             186               0
   59       -2836.204   -2021.483           0.000       0.000              59               0
   22       -1092.072     698.069           0.000       0.000              22               0
  138       -1374.115   -1238.115           0.000       0.000             138               0
  120         284.174     139.441           0.000       0.000             120               0
  133        -547.164     913.860           0.000       0.000             133               0
  146       -1110.918     209.030           0.000       0.000             146               0
  117        -138.187    1263.713           0.000       0.000             117               0
  213        1657.424     564.308           0.000       0.000             213               0
  145        1120.788    -879.839           0.000       0.000             145               0
  204        -664.982   -1149.009           0.000       0.000             204               0
  189       -1004.253    -553.930           0.000       0.000             189               0
   11         344.747     441.491           0.000       0.000              11               0
  220        2211.163     405.413           0.000       0.000             220               0
  107        -258.157    -238.925           0.000       0.000             107               0
  199        1308.923     852.498           0.000       0.000             199               0
   59       -1826.100    -781.864           0.000       0.000              59               0
   59        -121.421    1048.774           0.000       0.000              59               0
   41         470.619     296.607           0.000       0.000              41               0
  144        1913.727    1414.359           0.000       0.000             144               0
  236        -291.550     205.983           0.000       0.000             236               0
   93       -3308.000      -0.717           0.000       0.000              93               0
  152        -290.973    -206.431           0.000       0.000             152               0
  132        1914.388   -1413.907           0.000       0.000             132               0
  120         470.561    -296.503           0.000       0.000             120               0
  237        -121.260   -1048.768           0.000       0.000             237               0
  120       -1826.221     781.249           0.000       0.000             120               0
   59        1309.433    -852.119           0.000       0.000              59               0
   29        -258.104     238.841           0.000       0.000              29               0
   74        2211.261    -404.703           0.000       0.000              74               0
   98         344.522    -441.270           0.000       0.000              98               0
  216       -1004.639     553.725           0.000       0.000             216               0
  134        -665.262    1148.726           0.000       0.000             134               0
  120        1120.582     879.896           0.000       0.000             120               0
   98        1657.318    -564.118           0.000       0.000              98               0
  254        -138.262   -1263.883           0.000       0.000             254               0
  254       -1111.168    -209.414           0.000       0.000             254               0
  245        -547.015    -913.985           0.000       0.000             245               0
  115         283.920    -139.141           0.000       0.000             115               0
  212       -1374.879    1237.670           0.000       0.000             212               0
  135       -1092.107    -698.418           0.000       0.000             135               0
   64       -2836.893    2020.408           0.000       0.000              64               0
  146       -1539.030   -1073.507           0.000       0.000             146               0
  146         113.265    1146.515           0.000       0.000             146               0
   28         376.189   -1639.339           0.000       0.000              28               0
  253       -1760.312    -762.013           0.000       0.000             253               0
   89        -397.325     632.226           0.000       0.000              89               0
   87          22.651    -796.354           0.000       0.000              87               0
   57         435.660    1776.352           0.000       0.000              57               0
  130         960.221     -50.426           0.000       0.000             130               0
  232       -1538.359     950.961           0.000       0.000             232               0
   37       -2152.782     213.301           0.000       0.000              37               0
  224        1108.423    -868.739           0.000       0.000             224               0
  129        -837.229    -576.230           0.000       0.000             129               0
  169         -72.740    -413.911           0.000       0.000             169               0
   89       -2859.933    1238.797           0.000       0.000              89               0
  111        -845.476   -1741.027           0.000       0.000             111               0
   34       -1347.385   -1092.328           0.000       0.000              34               0
  148         671.723    -944.388           0.000       0.000             148               0
  140        1237.857     111.936           0.000       0.000             140               0
  108         272.532     602.380           0.000       0.000             108               0
  247         756.609    1047.776           0.000       0.000             247               0
  101         -81.172    1027.663           0.000       0.000             101               0
  243         870.276    -793.810           0.000       0.000             243               0
  111         392.808   -1958.973           0.000       0.000             111               0
  200       -1825.105   -2065.639           0.000       0.000             200               0
  241        1565.051    -147.348           0.000       0.000             241               0
  110       -2118.215    -672.132           0.000       0.000             110               0
  189         569.493     599.447           0.000       0.000             189               0
  101        -478.594    -694.557           0.000       0.000             101               0
   67        -350.249    1564.692           0.000       0.000              67               0
   68        2858.041   -1162.025           0.000       0.000              68               0
  165         853.378    1250.609           0.000       0.000             165               0
  213       -1678.013    -231.570           0.000       0.000             213               0
  215        1514.381     407.084           0.000       0.000             215               0
  193         528.599   -1287.510           0.000       0.000             193               0
  210         -41.957    -628.297           0.000       0.000             210               0
   48          80.831     -87.688           0.000       0.000              48               0
   25        -681.286   -1685.693           0.000       0.000              25               0
   12       -1570.295    -254.574           0.000       0.000              12               0
  179       -1255.343    1269.352           0.000       0.000             179               0
    2         763.803    1037.572           0.000       0.000               2               0
   49       -1284.335    -503.158           0.000       0.000              49               0
  148        -452.599     175.333           0.000       0.000             148               0
  131       -1559.278     453.553           0.000       0.000             131               0
  219        1847.665    1026.738           0.000       0.000             219               0
  237         845.720    1532.465           0.000       0.000             237               0
  242        1437.522    -222.736           0.000       0.000             242               0
  253        1171.408    -803.728           0.000       0.000             253               0
  129         368.912    -349.537           0.000       0.000             129               0
  127        3029.879    -938.761           0.000       0.000             127               0
  106         -73.011    1258.716           0.000       0.000             106               0
  120        1883.088    1209.003           0.000       0.000             120               0
  228        -723.688     174.717           0.000       0.000             228               0
   93         786.363     381.779           0.000       0.000              93               0
  232         241.351     406.481           0.000       0.000             232               0
  172         -20.156    1485.678           0.000       0.000             172               0
   78       -2166.258     406.054           0.000       0.000              78               0
   87        -274.541    2575.628           0.000       0.000              87               0
  106         926.878     399.832           0.000       0.000             106               0
  180        -146.363    -963.859           0.000       0.000             180               0
  154         954.337    1500.267           0.000       0.000             154               0
  175         885.814    1863.958           0.000       0.000             175               0
   89        1235.949    1513.715           0.000       0.000              89               0
  111        1089.275   -1483.015           0.000       0.000             111               0
  134        -909.247    2491.865           0.000       0.000             134               0
   26         378.631     856.178           0.000       0.000              26               0
   66        1283.501    1319.524           0.000       0.000              66               0
  183        2305.164    1277.633           0.000       0.000             183               0
   52       -1495.086     963.962           0.000       0.000              52               0
   78        1437.389    -617.180           0.000       0.000              78               0
  107         561.444    -744.084           0.000       0.000             107               0
   54       -2081.933     813.752           0.000       0.000              54               0
  128        -768.646    -287.129           0.000       0.000             128               0
  255        1393.626    1229.203           0.000       0.000             255               0
  185        1420.181   -1368.527           0.000       0.000             185               0
   91         723.538    -337.269           0.000       0.000              91               0
  237         565.332    1082.640           0.000       0.000             237               0
  172        -345.156    -656.358           0.000       0.000             172               0
   89       -2340.267   -2391.771           0.000       0.000              89               0
  111        -691.754     608.020           0.000       0.000             111               0
   43         985.511     208.577           0.000       0.000              43               0
  196        2374.859   -1865.187           0.000       0.000             196               0
  232         384.700    -691.675           0.000       0.000             232               0
   16        2441.038    -117.740           0.000       0.000              16               0
   33         -35.763     376.789           0.000       0.000              33               0
  209           2.703    -955.466           0.000       0.000             209               0
  188         754.369     694.082           0.000       0.000             188               0
  112        -211.298     326.270           0.000       0.000             112               0
   40        -796.177     857.789           0.000       0.000              40               0
   39       -2294.570     896.627           0.000       0.000              39               0
   36         -48.711     765.857           0.000       0.000              36               0
  195         444.540    1521.409           0.000       0.000             195               0
  214         539.181     400.503           0.000       0.000             214               0
  125        -539.504    -274.492           0.000       0.000             125               0
   50        -504.330    1594.476           0.000       0.000              50               0
   92       -1525.135    1654.980           0.000       0.000              92               0
  152         596.096    -280.611           0.000       0.000             152               0
  117         316.104    -189.050           0.000       0.000             117               0
   20         928.351     -49.150           0.000       0.000              20               0
  204          22.186     980.624           0.000       0.000             204               0
  195        1862.370     448.989           0.000       0.000             195               0
  127        1515.960     443.714           0.000       0.000             127               0
    2       -1347.575      38.395           0.000       0.000               2               0
   68        1624.908   -2237.754           0.000       0.000              68               0
  127         525.869    -792.293           0.000       0.000             127               0
  188         748.920   -1085.278           0.000       0.000             188               0
  160         -59.384   -1150.758           0.000       0.000             160               0
  108         607.971     777.512           0.000       0.000             108               0
  104        1274.714     863.295           0.000       0.000             104               0
  249         634.179     619.517           0.000       0.000             249               0
  220       -1225.651    -160.284           0.000       0.000             220               0
  147         873.181    1327.810           0.000       0.000             147               0
  189        1998.316    -479.969           0.000       0.000             189               0
  196        -600.059   -1200.328           0.000       0.000             196               0
  163        -636.401      28.320           0.000       0.000             163               0
  223       -1610.972     632.814           0.000       0.000             223               0
  149       -1825.971     -75.300           0.000       0.000             149               0
   96        -111.110     480.838           0.000       0.000              96               0
   79        -406.573     269.945           0.000       0.000              79               0
  190        2014.288    -991.060           0.000       0.000             190               0
  135          57.043    1086.225           0.000       0.000             135               0
  116       -1294.474    1555.782           0.000       0.000             116               0
  129        -219.909    -234.634           0.000       0.000             129               0
   93        1989.718   -1223.413           0.000       0.000              93               0
  241         939.712     -71.642           0.000       0.000             241               0
  180       -1525.723   -1501.844           0.000       0.000             180               0
  186        1057.130    -280.091           0.000       0.000             186               0
  138        -238.773     293.529           0.000       0.000             138               0
   41       -2755.127    1509.381           0.000       0.000              41               0
  207        1248.279    -685.985           0.000       0.000             207               0
   86        1548.712   -1709.506           0.000       0.000              86               0
  237        -297.367    2810.349           0.000       0.000             237               0
   78         -28.051   -2584.431           0.000       0.000              78               0
   88       -2185.504   -2766.667           0.000       0.000              88               0
   49         415.252   -2655.614           0.000       0.000              49               0
  206         170.652    -673.951           0.000       0.000             206               0
   21        -273.305   -1854.959           0.000       0.000              21               0
  210           0.360     100.909           0.000       0.000             210               0
   59        -794.159   -1397.574           0.000       0.000              59               0
  125        -740.340    1583.641           0.000       0.000             125               0
  203        1585.748     424.814           0.000       0.000             203               0
   23         469.737    1733.310           0.000       0.000              23               0
   16        2086.751   -1801.007           0.000       0.000              16               0
  137         479.771   -1221.362           0.000       0.000             137               0
  220         235.499     616.731           0.000       0.000             220               0
  180         762.163     919.798           0.000       0.000             180               0
  105           8.641   -1593.956           0.000       0.000             105               0
  113        -242.791     -24.404           0.000       0.000             113               0
   20       -1002.350    -332.712           0.000       0.000              20               0
  184       -1370.643     224.067           0.000       0.000             184               0
   48        -409.112   -1957.882           0.000       0.000              48               0
  156         575.133     529.868           0.000       0.000             156               0
   45         734.477   -1796.932           0.000       0.000              45               0
  177        1257.481     104.577           0.000       0.000             177               0
  249        1678.471    -154.921           0.000       0.000             249               0
   31        -962.048     919.652           0.000       0.000              31               0
  101       -1977.525    2368.851           0.000       0.000             101               0
  180        1229.998     614.364           0.000       0.000             180               0
  169         906.141    2104.176           0.000       0.000             169               0
  143        -645.591    1100.701           0.000       0.000             143               0
  131        -868.640   -2359.895           0.000       0.000             131               0
  255        -127.829     695.023           0.000       0.000             255               0
  125         247.943     106.625           0.000       0.000             125               0
  210        2081.394    -285.970           0.000       0.000             210               0
   88         579.439    1414.855           0.000       0.000              88               0
  175         168.754    -803.324           0.000       0.000             175               0
  161         473.618    1743.166           0.000       0.000             161               0
  109         538.728    -680.907           0.000       0.000             109               0
  129        1901.910    -902.307           0.000       0.000             129               0
  220        1441.863    -245.201           0.000       0.000             220               0
  234        -214.471    -565.480           0.000       0.000             234               0
   77       -1889.846    -711.088           0.000       0.000              77               0
  244         700.688    -235.625           0.000       0.000             244               0
  251         409.649      86.139           0.000       0.000             251               0
  215        -701.925   -2042.894           0.000       0.000             215               0
  208       -1135.269    -448.040           0.000       0.000             208               0
  175        -642.579    -499.644           0.000       0.000             175               0
   64       -1452.144   -1349.945           0.000       0.000              64               0
   66        -485.603    -951.582           0.000       0.000              66               0
  196        -876.241   -1659.683           0.000       0.000             196               0
  249         633.648    1393.815           0.000       0.000             249               0
  114         981.029     476.751           0.000       0.000             114               0
   96        -297.143     313.830           0.000       0.000              96               0
   38        1358.406     581.443           0.000       0.000              38               0
   36       -2226.034     190.812           0.000       0.000              36               0
   90        1007.878   -1024.302           0.000       0.000              90               0
   69         244.454     129.981           0.000       0.000              69               0
  138       -1387.096    -274.258           0.000       0.000             138               0
   15        2056.393     -38.257           0.000       0.000              15               0
  238        -568.031     -71.544           0.000       0.000             238               0
   25         733.394     468.134           0.000       0.000              25               0
  146        1923.697    1179.960           0.000       0.000             146               0
  238        -565.564    -962.105           0.000       0.000             238               0
  151        -888.234    1380.336           0.000       0.000             151               0
  101         782.398    1302.375           0.000       0.000             101               0
   71        -326.671   -2527.243           0.000       0.000              71               0
   70        -651.113    2431.278           0.000       0.000              70               0
    6       -3252.793    -369.109           0.000       0.000               6               0
  181        1458.397    1377.285           0.000       0.000             181               0
  199        -647.241    -338.576           0.000       0.000             199               0
  227         -19.462    -327.918           0.000       0.000             227               0
  160          39.136    -374.134           0.000       0.000             160               0
   20        1783.143    -100.178           0.000       0.000              20               0
  216        1034.261   -2403.956           0.000       0.000             216               0
  155        1101.679    1166.270           0.000       0.000             155               0
  235        -871.485    1493.166           0.000       0.000             235               0
  168          57.183    -675.887           0.000       0.000             168               0
   75         601.062      62.866           0.000       0.000              75               0
   43          43.595    -742.190           0.000       0.000              43               0
  235        -448.486     358.208           0.000       0.000             235               0
   16        -303.323   -1131.284           0.000       0.000              16               0
   37        -725.114     -92.817           0.000       0.000              37               0
   94        -538.511    2037.208           0.000       0.000              94               0
  113        -270.166    1069.354           0.000       0.000             113               0
   75         147.524    1053.360           0.000       0.000              75               0
  131         516.898    1217.332           0.000       0.000             131               0
  203        -544.486   -2303.014           0.000       0.000             203               0
  145         575.284     629.907           0.000       0.000             145               0
   13       -1150.846    -791.862           0.000       0.000              13               0
  218        2420.973   -2312.397           0.000       0.000             218               0
  128         369.781    -255.606           0.000       0.000             128               0
   39         604.793     144.076           0.000       0.000              39               0
  109        1239.462    -255.334           0.000       0.000             109               0
  110        1077.956     186.257           0.000       0.000             110               0
  190        -974.044    1020.494           0.000       0.000             190               0
  211        -883.716    1176.647           0.000       0.000             211               0
  182         -13.603   -1280.936           0.000       0.000             182               0
    4         339.868   -1046.844           0.000       0.000               4               0
  218        2927.953     760.251           0.000       0.000             218               0
  107         577.417     -82.618           0.000       0.000             107               0
  204        -227.061     513.554           0.000       0.000             204               0
  189         542.483    -288.618           0.000       0.000             189               0
   12        -967.361    1936.389           0.000       0.000              12               0
  224        1132.988     298.793           0.000       0.000             224               0
  149         744.483   -1221.249           0.000       0.000             149               0
  168        -620.319    -521.179           0.000       0.000             168               0
