SINAL     NFT                         FFT                         NFT INVERSA     FFT INVERSA
-----     -----------------------     -----------------------     -----------     -----------
   96       66201.000       0.000           0.000       0.000              96               0
   16        -300.998    -612.841           0.000       0.000              16               0
  140       -1711.723     661.017           0.000       0.000             140               0
  214       -1334.787    1560.187           0.000       0.000             214               0
   51        -794.437     498.497           0.000       0.000              51               0
   68        -453.572    -891.695           0.000       0.000              68               0
  168        1109.874    1794.967           0.000       0.000             168               0
   91       -1088.882     441.537           0.000       0.000              91               0
  143         884.268     970.459           0.000       0.000             143               0
   87        1048.457    -432.295           0.000       0.000              87               0
   94         267.280   -1292.879           0.000       0.000              94               0
  138        -986.819    -401.526           0.000       0.000             138               0
   79         392.458    1447.325           0.000       0.000              79               0
  221        -441.610    -571.129           0.000       0.000             221               0
  122         594.651     888.016           0.000       0.000             122               0
  189        -264.741     323.469           0.000       0.000             189               0
   70       -1325.380   -1819.039           0.000       0.000              70               0
   81         465.847    -813.923           0.000       0.000              81               0
   45       -1644.416     241.970           0.000       0.000              45               0
  199         127.754   -2262.442           0.000       0.000             199               0
   72        1274.977     476.367           0.000       0.000              72               0
   52        -924.099    2007.547           0.000       0.000              52               0
   42         894.207     662.654           0.000       0.000              42               0
  112       -1853.815     318.960           0.000       0.000             112               0
   50        2024.789    2328.360           0.000       0.000              50               0
  197          11.082   -2144.241           0.000       0.000             197               0
  173       -2178.656    1941.650           0.000       0.000             173               0
   29       -1354.864   -1580.958           0.000       0.000              29               0
   52        -576.062     197.299           0.000       0.000              52               0
   85        -565.215     327.752           0.000       0.000              85               0
  116         635.891      47.853           0.000       0.000             116               0
  148         418.642    -648.840           0.000       0.000             148               0
  102         617.183    -628.894           0.000       0.000             102               0
    0         -24.630    1284.428           0.000       0.000               0               0
  107       -1158.219    1376.781           0.000       0.000             107               0
  153         476.594    -333.110           0.000       0.000             153               0
   69       -1241.181    1594.217           0.000       0.000              69               0
   20        -330.998     -63.367           0.000       0.000              20               0
  245       -1145.583   -1650.751           0.000       0.000             245               0
  212         245.641     126.112           0.000       0.000             212               0
  107        2262.828   -1841.255           0.000       0.000             107               0
   83         776.407    -123.913           0.000       0.000              83               0
   95         281.538    1450.166           0.000       0.000              95               0
  187       -1082.547   -2482.626           0.000       0.000             187               0
   49        -251.182    -561.861           0.000       0.000              49               0
  218         701.761     165.522           0.000       0.000             218               0
  121         130.300     -69.416           0.000       0.000             121               0
  120         486.259     835.090           0.000       0.000             120               0
   44       -1230.106    -461.394           0.000       0.000              44               0
  167        -741.342    -680.987           0.000       0.000             167               0
   63        -272.446     529.119           0.000       0.000              63               0
  116        1770.875    -724.737           0.000       0.000             116               0
  219         453.674     -90.311           0.000       0.000             219               0
  105        -468.518    2891.184           0.000       0.000             105               0
  229       -1239.827   -2260.050           0.000       0.000             229               0
   13       -1754.254    -349.528           0.000       0.000              13               0
   47         786.531     894.826           0.000       0.000              47               0
  147         753.008     445.828           0.000       0.000             147               0
   43        -660.019     827.888           0.000       0.000              43               0
  100         150.731     272.975           0.000       0.000             100               0
  233        1060.797     679.168           0.000       0.000             233               0
  159       -1389.191     -28.049           0.000       0.000             159               0
  248        -770.178     324.379           0.000       0.000             248               0
   79          25.018     434.994           0.000       0.000              79               0
  160       -2597.977     478.957           0.000       0.000             160               0
  100       -1922.670     443.022           0.000       0.000             100               0
  233          47.362    1126.223           0.000       0.000             233               0
  229         550.630    -631.328           0.000       0.000             229               0
  120        1797.693   -2528.862           0.000       0.000             120               0
  222        1547.206    1152.724           0.000       0.000             222               0
  186       -3278.460   -1905.854           0.000       0.000             186               0
  228         -69.106     629.649           0.000       0.000             228               0
   50       -1173.330     -41.160           0.000       0.000              50               0
   26         419.930    -257.891           0.000       0.000              26               0
  160       -2473.678     717.491           0.000       0.000             160               0
  100         980.075     412.216           0.000       0.000             100               0
  244           3.831    -188.856           0.000       0.000             244               0
   25       -1045.144    1828.808           0.000       0.000              25               0
  220       -1422.236   -1259.995           0.000       0.000             220               0
   32        1498.615     185.864           0.000       0.000              32               0
  192         988.547   -2385.226           0.000       0.000             192               0
   28         257.304     575.030           0.000       0.000              28               0
  149       -1213.689   -1054.970           0.000       0.000             149               0
  156         612.885   -1339.007           0.000       0.000             156               0
  134         985.990     803.627           0.000       0.000             134               0
  123        -949.732   -3095.803           0.000       0.000             123               0
  169         915.549   -1505.391           0.000       0.000             169               0
  182        -956.114     186.051           0.000       0.000             182               0
   14        1942.112    -618.148           0.000       0.000              14               0
  213         793.295    -464.218           0.000       0.000             213               0
   26        -326.597     112.370           0.000       0.000              26               0
  247        -736.123    1501.227           0.000       0.000             247               0
  116       -1214.686    1310.387           0.000       0.000             116               0
   19        -964.826   -1548.294           0.000       0.000              19               0
   71        -771.268    1932.861           0.000       0.000              71               0
   20        -505.900     -50.642           0.000       0.000              20               0
  119        -861.427    -457.921           0.000       0.000             119               0
   49       -1972.432    1140.106           0.000       0.000              49               0
  250       -1152.750   -1076.843           0.000       0.000             250               0
  240       -2118.391     687.956           0.000       0.000             240               0
   16         678.552    -395.016           0.000       0.000              16               0
  181         583.235     540.886           0.000       0.000             181               0
  212         716.449   -1611.416           0.000       0.000             212               0
   67         291.171    -142.435           0.000       0.000              67               0
  207        -631.299     167.443           0.000       0.000             207               0
  116        1085.453    -538.687           0.000       0.000             116               0
  167         759.891     -87.362           0.000       0.000             167               0
  195        -788.433   -1261.345           0.000       0.000             195               0
  142         761.597     501.516           0.000       0.000             142               0
  132         572.615     762.538           0.000       0.000             132               0
  228        -357.092   -1451.108           0.000       0.000             228               0
   79       -1466.135   -1055.048           0.000       0.000              79               0
  161       -1789.976     784.214           0.000       0.000             161               0
  121       -1010.834     415.415           0.000       0.000             121               0
  235       -1709.496    -607.567           0.000       0.000             235               0
   39         850.395   -1307.594           0.000       0.000              39               0
  244         559.874     382.723           0.000       0.000             244               0
  149        1515.420    -131.891           0.000       0.000             149               0
  221        1819.714    -423.273           0.000       0.000             221               0
    3        1006.098   -1528.899           0.000       0.000               3               0
  106          25.745    1329.706           0.000       0.000             106               0
  247        -356.931    1058.504           0.000       0.000             247               0
  251         -77.969    -290.531           0.000       0.000             251               0
  223         524.657    1272.614           0.000       0.000             223               0
   11       -2030.363    -865.021           0.000       0.000              11               0
   66         603.836     199.619           0.000       0.000              66               0
  244         485.220    -623.263           0.000       0.000             244               0
  130       -1738.294    -101.641           0.000       0.000             130               0
  115        -995.961     423.014           0.000       0.000             115               0
  239         996.526    2205.105           0.000       0.000             239               0
  114       -1430.548    1757.986           0.000       0.000             114               0
  132        1971.649     582.449           0.000       0.000             132               0
  164       -2008.550    -410.840           0.000       0.000             164               0
   71        -696.066    -757.920           0.000       0.000              71               0
  199        1551.786     893.524           0.000       0.000             199               0
  116        1128.326     -98.382           0.000       0.000             116               0
  188        1626.528    -320.671           0.000       0.000             188               0
  110       -1474.515   -1475.257           0.000       0.000             110               0
   56        1769.182     174.971           0.000       0.000              56               0
   75       -1408.000    1322.209           0.000       0.000              75               0
  243       -1223.081    -777.579           0.000       0.000             243               0
   28        1128.409   -1836.101           0.000       0.000              28               0
  154         471.114    2066.039           0.000       0.000             154               0
  148         717.224     973.223           0.000       0.000             148               0
  149         293.351    1503.682           0.000       0.000             149               0
  134        -301.416    1285.044           0.000       0.000             134               0
  188        -547.557   -1916.489           0.000       0.000             188               0
  138        2791.943     499.340           0.000       0.000             138               0
   28         -64.350   -1423.138           0.000       0.000              28               0
  153       -1495.912    1755.107           0.000       0.000             153               0
  141         -96.949      -1.892           0.000       0.000             141               0
  135         941.804    -766.770           0.000       0.000             135               0
  145       -1642.529    1229.285           0.000       0.000             145               0
  136         155.450     206.813           0.000       0.000             136               0
  102        -249.062    1259.430           0.000       0.000             102               0
  156          79.804    -113.118           0.000       0.000             156               0
  203         781.149    1440.565           0.000       0.000             203               0
   90        -770.821    1372.566           0.000       0.000              90               0
   31        -815.089     -16.039           0.000       0.000              31               0
   63        1661.127   -1742.022           0.000       0.000              63               0
   74         755.963     805.674           0.000       0.000              74               0
  146        1661.953    2059.780           0.000       0.000             146               0
  195        1942.299   -2235.199           0.000       0.000             195               0
  238         285.399    -412.240           0.000       0.000             238               0
  217         -90.678     536.672           0.000       0.000             217               0
  138         233.462    -763.137           0.000       0.000             138               0
   99       -1025.196    1102.374           0.000       0.000              99               0
  150        2055.561     332.875           0.000       0.000             150               0
  249        -809.773   -1342.894           0.000       0.000             249               0
  155         514.397    -744.576           0.000       0.000             155               0
  225         792.038    2023.226           0.000       0.000             225               0
  236       -1005.014    1849.868           0.000       0.000             236               0
  184         635.739   -1034.285           0.000       0.000             184               0
  124        -428.698    -846.097           0.000       0.000             124               0
  129        -346.485     118.410           0.000       0.000             129               0
   77         210.183     717.761           0.000       0.000              77               0
    3         690.037    1307.519           0.000       0.000               3               0
   61        -600.028     842.592           0.000       0.000              61               0
  215         784.660    1161.948           0.000       0.000             215               0
   31        1193.309   -1503.353           0.000       0.000              31               0
  215        1143.193    1082.681           0.000       0.000             215               0
  101         311.645    -533.526           0.000       0.000             101               0
  167         735.355     817.823           0.000       0.000             167               0
  104         275.189      13.847           0.000       0.000             104               0
  237        -579.179   -1044.331           0.000       0.000             237               0
   13         -77.611    1047.290           0.000       0.000              13               0
    4         844.416    2213.521           0.000       0.000               4               0
  184        -469.210    1333.050           0.000       0.000             184               0
  104       -1062.358   -2492.147           0.000       0.000             104               0
   36         433.956     343.794           0.000       0.000              36               0
  247        1446.574     153.077           0.000       0.000             247               0
  178        1138.444    1011.505           0.000       0.000             178               0
  182         314.114   -2352.943           0.000       0.000             182               0
  186        -526.381    -163.871           0.000       0.000             186               0
  161        -549.305    1125.024           0.000       0.000             161               0
  143        -314.021     460.809           0.000       0.000             143               0
   68         699.042     312.075           0.000       0.000              68               0
    5         396.099     978.973           0.000       0.000               5               0
   38        -216.166    -528.085           0.000       0.000              38               0
   62        -359.574    -483.636           0.000       0.000              62               0
  160        1209.721   -1408.376           0.000       0.000             160               0
    8       -1509.488    1854.042           0.000       0.000               8               0
   42        1097.134   -2994.841           0.000       0.000              42               0
   88        1782.040   -1672.668           0.000       0.000              88               0
  133         131.360    -307.420           0.000       0.000             133               0
  172        -120.115    1345.567           0.000       0.000             172               0
  166         -68.888     714.615           0.000       0.000             166               0
  136        1467.913    1173.863           0.000       0.000             136               0
  233        1074.021   -1172.658           0.000       0.000             233               0
  126        -508.713    -625.026           0.000       0.000             126               0
  168        -443.946      69.641           0.000       0.000             168               0
  192        -706.102    -408.527           0.000       0.000             192               0
  227        -522.131    1874.614           0.000       0.000             227               0
   79        -548.695     251.282           0.000       0.000              79               0
   41        -872.265     870.142           0.000       0.000              41               0
  209        -909.425    1105.895           0.000       0.000             209               0
   93        -188.959    1201.575           0.000       0.000              93               0
   46        -217.723   -1459.749           0.000       0.000              46               0
  137        -721.308   -1629.653           0.000       0.000             137               0
  197        -135.341    -846.952           0.000       0.000             197               0
   82        -849.659   -1450.024           0.000       0.000              82               0
  128       -1564.254     423.463           0.000       0.000             128               0
  120        -447.430    1135.268           0.000       0.000             120               0
    8       -1052.653     747.470           0.000       0.000               8               0
   59        -275.587    -257.751           0.000       0.000              59               0
   26        -614.804   -2468.907           0.000       0.000              26               0
  152         495.308   -2490.548           0.000       0.000             152               0
  128         704.190     101.304           0.000       0.000             128               0
   31         281.720    2307.595           0.000       0.000              31               0
  190         809.070    1750.255           0.000       0.000             190               0
  190         636.472    -492.959           0.000       0.000             190               0
  192        1109.047   -2130.857           0.000       0.000             192               0
  199       -1934.763       2.088           0.000       0.000             199               0
  233       -1715.037    1355.256           0.000       0.000             233               0
   25        -650.547    -280.190           0.000       0.000              25               0
   76       -1209.185    1573.345           0.000       0.000              76               0
  149          43.448     198.370           0.000       0.000             149               0
  191        1038.011     685.615           0.000       0.000             191               0
  213        1421.207   -1215.109           0.000       0.000             213               0
  127        -489.658    -470.521           0.000       0.000             127               0
   62        -220.182   -2199.698           0.000       0.000              62               0
  126        2831.023    1869.737           0.000       0.000             126               0
   63        1024.108    -465.256           0.000       0.000              63               0
   34         172.544   -1900.657           0.000       0.000              34               0
  206         768.018    -528.357           0.000       0.000             206               0
  104       -1110.226    -511.654           0.000       0.000             104               0
  243        1032.426     188.550           0.000       0.000             243               0
   43       -1036.182    1233.093           0.000       0.000              43               0
  151        2485.337   -1759.403           0.000       0.000             151               0
  125       -1247.833    -427.962           0.000       0.000             125               0
  241         794.870   -1384.788           0.000       0.000             241               0
  233         349.564    -539.169           0.000       0.000             233               0
  253         -44.298   -1541.786           0.000       0.000             253               0
  106         -44.714    -528.605           0.000       0.000             106               0
  241        -618.680   -1124.382           0.000       0.000             241               0
   57         323.846    2320.728           0.000       0.000              57               0
  132        2095.000       0.281           0.000       0.000             132               0
  137         324.349   -2320.336           0.000       0.000             137               0
  185        -619.175    1124.677           0.000       0.000             185               0
  163         -44.868     528.907           0.000       0.000             163               0
   72         -44.753    1541.952           0.000       0.000              72               0
  119         349.458     539.366           0.000       0.000             119               0
  100         794.338    1385.067           0.000       0.000             100               0
   16       -1247.848     427.500           0.000       0.000              16               0
   97        2484.761    1759.999           0.000       0.000              97               0
  125       -1035.904   -1233.657           0.000       0.000             125               0
   93        1032.448    -188.095           0.000       0.000              93               0
  246       -1110.378     511.404           0.000       0.000             246               0
   61         768.006     528.724           0.000       0.000              61               0
   50         172.039    1900.609           0.000       0.000              50               0
  117        1024.138     465.225           0.000       0.000             117               0
  123        2831.435   -1868.768           0.000       0.000             123               0
  177        -221.346    2199.713           0.000       0.000             177               0
  181        -489.912     470.136           0.000       0.000             181               0
  158        1420.691    1215.233           0.000       0.000             158               0
  127        1037.837    -685.654           0.000       0.000             127               0
   30          42.988    -198.641           0.000       0.000              30               0
  145       -1209.044   -1573.845           0.000       0.000             145               0
  171        -650.898     279.957           0.000       0.000             171               0
  181       -1714.703   -1355.777           0.000       0.000             181               0
   14       -1934.455      -2.441           0.000       0.000              14               0
  157        1108.676    2131.208           0.000       0.000             157               0
  158         636.375     492.733           0.000       0.000             158               0
   12         809.598   -1750.280           0.000       0.000              12               0
    7         282.375   -2307.248           0.000       0.000               7               0
  144         704.049    -100.455           0.000       0.000             144               0
   69         494.145    2491.058           0.000       0.000              69               0
  140        -615.949    2468.460           0.000       0.000             140               0
   26        -275.937     257.184           0.000       0.000              26               0
  255       -1052.604    -748.132           0.000       0.000             255               0
   48        -447.213   -1135.441           0.000       0.000              48               0
   99       -1564.179    -423.746           0.000       0.000              99               0
  119        -850.025    1449.889           0.000       0.000             119               0
  148        -135.553     846.865           0.000       0.000             148               0
  115        -721.803    1629.208           0.000       0.000             115               0
  216        -218.139    1459.111           0.000       0.000             216               0
   17        -188.571   -1202.203           0.000       0.000              17               0
  208        -909.052   -1106.462           0.000       0.000             208               0
  206        -871.851    -870.541           0.000       0.000             206               0
   78        -548.437    -251.594           0.000       0.000              78               0
    3        -521.324   -1874.721           0.000       0.000               3               0
   68        -706.000     408.493           0.000       0.000              68               0
  201        -443.607     -69.695           0.000       0.000             201               0
  181        -508.479     624.911           0.000       0.000             181               0
  250        1074.044    1172.789           0.000       0.000             250               0
  104        1468.407   -1173.618           0.000       0.000             104               0
   53         -68.649    -714.655           0.000       0.000              53               0
   24        -119.518   -1345.379           0.000       0.000              24               0
  249         131.532     307.886           0.000       0.000             249               0
  224        1781.597    1673.525           0.000       0.000             224               0
  206        1095.893    2994.883           0.000       0.000             206               0
    8       -1508.903   -1854.837           0.000       0.000               8               0
  126        1209.323    1408.740           0.000       0.000             126               0
  109        -359.796     483.241           0.000       0.000             109               0
   21        -216.252     527.638           0.000       0.000              21               0
  133         396.532    -979.145           0.000       0.000             133               0
  253         699.107    -311.992           0.000       0.000             253               0
   91        -313.949    -461.057           0.000       0.000              91               0
   18        -548.876   -1125.164           0.000       0.000              18               0
   23        -526.217     163.916           0.000       0.000              23               0
   90         313.630    2352.872           0.000       0.000              90               0
   66        1138.976   -1011.469           0.000       0.000              66               0
  123        1446.556    -152.699           0.000       0.000             123               0
  209         433.809    -343.636           0.000       0.000             209               0
  214       -1063.295    2491.449           0.000       0.000             214               0
  238        -468.596   -1333.827           0.000       0.000             238               0
  169         845.255   -2213.398           0.000       0.000             169               0
  231         -77.280   -1047.114           0.000       0.000             231               0
  191        -579.397    1044.201           0.000       0.000             191               0
  120         275.432     -13.942           0.000       0.000             120               0
   53         735.786    -817.649           0.000       0.000              53               0
  195         311.611     533.533           0.000       0.000             195               0
  189        1143.664   -1082.341           0.000       0.000             189               0
  255        1192.736    1503.581           0.000       0.000             255               0
  120         784.826   -1162.025           0.000       0.000             120               0
  183        -599.858    -842.942           0.000       0.000             183               0
  103         690.438   -1307.292           0.000       0.000             103               0
  173         210.275    -717.535           0.000       0.000             173               0
  208        -346.543    -118.334           0.000       0.000             208               0
   97        -428.933     846.005           0.000       0.000              97               0
  142         635.387    1034.186           0.000       0.000             142               0
  158       -1004.322   -1850.493           0.000       0.000             158               0
  106         792.875   -2022.725           0.000       0.000             106               0
   12         514.121     745.096           0.000       0.000              12               0
   12        -810.082    1342.582           0.000       0.000              12               0
  127        2055.682    -332.393           0.000       0.000             127               0
  146       -1024.923   -1102.677           0.000       0.000             146               0
    9         233.331     763.271           0.000       0.000               9               0
  218         -90.337    -536.693           0.000       0.000             218               0
  164         285.558     412.453           0.000       0.000             164               0
   33        1941.724    2235.537           0.000       0.000              33               0
   52        1662.510   -2059.572           0.000       0.000              52               0
  230         756.025    -805.277           0.000       0.000             230               0
  156        1660.156    1742.508           0.000       0.000             156               0
    6        -815.512      15.340           0.000       0.000               6               0
  188        -770.441   -1373.127           0.000       0.000             188               0
  139         781.557   -1440.311           0.000       0.000             139               0
  175          79.557     113.133           0.000       0.000             175               0
  164        -248.802   -1259.530           0.000       0.000             164               0
   75         155.317    -206.710           0.000       0.000              75               0
   40       -1642.117   -1229.685           0.000       0.000              40               0
  217         941.618     767.217           0.000       0.000             217               0
   14         -97.105       1.749           0.000       0.000              14               0
  229       -1495.239   -1755.459           0.000       0.000             229               0
  217         -64.431    1423.276           0.000       0.000             217               0
  135        2792.112    -498.386           0.000       0.000             135               0
  157        -548.464    1916.104           0.000       0.000             157               0
   65        -300.991   -1285.541           0.000       0.000              65               0
   52         293.914   -1503.662           0.000       0.000              52               0
  109         717.530    -972.915           0.000       0.000             109               0
  162         471.713   -2065.478           0.000       0.000             162               0
  195        1127.504    1836.845           0.000       0.000             195               0
   12       -1223.623     777.051           0.000       0.000              12               0
   13       -1407.391   -1322.684           0.000       0.000              13               0
  208        1769.296    -174.101           0.000       0.000             208               0
   24       -1474.953    1474.850           0.000       0.000              24               0
  140        1626.603     321.069           0.000       0.000             140               0
   98        1128.181      98.586           0.000       0.000              98               0
   34        1551.693    -893.034           0.000       0.000              34               0
  103        -696.807     757.674           0.000       0.000             103               0
    7       -2008.695     409.907           0.000       0.000               7               0
   68        1971.771    -582.137           0.000       0.000              68               0
  156       -1430.163   -1758.655           0.000       0.000             156               0
  238         997.106   -2204.576           0.000       0.000             238               0
  225        -996.116    -422.957           0.000       0.000             225               0
  162       -1738.269     101.364           0.000       0.000             162               0
  171         485.168     623.568           0.000       0.000             171               0
  108         603.745    -199.329           0.000       0.000             108               0
   82       -2030.635     864.301           0.000       0.000              82               0
   79         525.287   -1272.452           0.000       0.000              79               0
  184         -78.011     290.574           0.000       0.000             184               0
  122        -356.443   -1058.567           0.000       0.000             122               0
   41          26.442   -1329.296           0.000       0.000              41               0
  199        1005.821    1529.585           0.000       0.000             199               0
   96        1819.575     423.945           0.000       0.000              96               0
    2        1515.085     132.456           0.000       0.000               2               0
   78         559.593    -382.342           0.000       0.000              78               0
  253         849.385    1308.018           0.000       0.000             253               0
   67       -1710.202     606.895           0.000       0.000              67               0
  131       -1010.947    -415.820           0.000       0.000             131               0
  107       -1789.800    -784.621           0.000       0.000             107               0
  230       -1466.295    1054.788           0.000       0.000             230               0
   70        -357.262    1450.879           0.000       0.000              70               0
  119         573.080    -762.482           0.000       0.000             119               0
  243         761.743    -501.095           0.000       0.000             243               0
   22        -788.821    1261.175           0.000       0.000              22               0
  144         759.978      87.577           0.000       0.000             144               0
  127        1085.127     539.011           0.000       0.000             127               0
  121        -631.391    -167.676           0.000       0.000             121               0
  179         291.106     142.631           0.000       0.000             179               0
  231         715.778    1611.549           0.000       0.000             231               0
  129         583.129    -540.884           0.000       0.000             129               0
  247         677.881     395.131           0.000       0.000             247               0
  131       -2118.614    -688.704           0.000       0.000             131               0
  111       -1153.295    1076.348           0.000       0.000             111               0
  216       -1972.063   -1140.879           0.000       0.000             216               0
   38        -861.433     457.623           0.000       0.000              38               0
   26        -505.830      50.279           0.000       0.000              26               0
   69        -770.569   -1933.043           0.000       0.000              69               0
  120        -965.247    1548.012           0.000       0.000             120               0
  105       -1214.022   -1310.940           0.000       0.000             105               0
  254        -735.262   -1501.247           0.000       0.000             254               0
  243        -326.119    -112.083           0.000       0.000             243               0
  146         793.539     464.807           0.000       0.000             146               0
  197        1941.918     619.014           0.000       0.000             197               0
   84        -956.092    -186.056           0.000       0.000              84               0
  149         915.074    1506.072           0.000       0.000             149               0
   19        -950.704    3095.361           0.000       0.000              19               0
   81         986.376    -803.491           0.000       0.000              81               0
  216         612.291    1339.217           0.000       0.000             216               0
  150       -1214.053    1054.348           0.000       0.000             150               0
  188         257.688    -574.995           0.000       0.000             188               0
  190         987.798    2385.402           0.000       0.000             190               0
  221        1498.359    -185.709           0.000       0.000             221               0
   52       -1422.998    1259.099           0.000       0.000              52               0
  177       -1044.525   -1829.474           0.000       0.000             177               0
  244           3.844     188.779           0.000       0.000             244               0
  197         979.979    -412.031           0.000       0.000             197               0
   49       -2473.544    -718.321           0.000       0.000              49               0
  110         419.915     258.067           0.000       0.000             110               0
  121       -1173.357      40.729           0.000       0.000             121               0
   24         -68.931    -629.548           0.000       0.000              24               0
  239       -3278.746    1904.724           0.000       0.000             239               0
  112        1548.179   -1152.223           0.000       0.000             112               0
  156        1796.882    2529.393           0.000       0.000             156               0
   94         550.159     630.995           0.000       0.000              94               0
   73          47.347   -1126.584           0.000       0.000              73               0
  194       -1922.811    -443.840           0.000       0.000             194               0
  121       -2597.623    -479.966           0.000       0.000             121               0
  143          25.481    -435.080           0.000       0.000             143               0
   59        -769.897    -324.700           0.000       0.000              59               0
  226       -1388.802      27.469           0.000       0.000             226               0
  142        1061.385    -678.922           0.000       0.000             142               0
   47         150.920    -272.997           0.000       0.000              47               0
  117        -659.544    -828.137           0.000       0.000             117               0
   83         753.348    -445.532           0.000       0.000              83               0
  131         786.703    -894.396           0.000       0.000             131               0
   10       -1754.435     349.196           0.000       0.000              10               0
  102       -1240.290    2259.400           0.000       0.000             102               0
  213        -467.107   -2891.499           0.000       0.000             213               0
  227         454.076      90.752           0.000       0.000             227               0
  253        1770.735     725.399           0.000       0.000             253               0
  146        -272.383    -529.151           0.000       0.000             146               0
  161        -741.542     680.821           0.000       0.000             161               0
  219       -1229.980     460.884           0.000       0.000             219               0
  199         486.882    -834.942           0.000       0.000             199               0
   83         130.509      69.578           0.000       0.000              83               0
  207         701.938    -165.126           0.000       0.000             207               0
  140        -251.332     562.008           0.000       0.000             140               0
  133       -1083.119    2482.100           0.000       0.000             133               0
   62         282.438   -1450.281           0.000       0.000              62               0
    6         776.718     124.346           0.000       0.000               6               0
  158        2262.221    1841.957           0.000       0.000             158               0
   45         245.385    -126.194           0.000       0.000              45               0
  118       -1146.246    1650.110           0.000       0.000             118               0
   58        -330.980      62.750           0.000       0.000              58               0
  140       -1240.466   -1594.886           0.000       0.000             140               0
  192         476.668     333.105           0.000       0.000             192               0
  253       -1157.560   -1377.337           0.000       0.000             253               0
    5         -23.837   -1284.276           0.000       0.000               5               0
   80         617.229     629.289           0.000       0.000              80               0
   57         418.558     648.933           0.000       0.000              57               0
  232         635.892     -47.770           0.000       0.000             232               0
  222        -565.168    -328.001           0.000       0.000             222               0
  105        -575.994    -197.438           0.000       0.000             105               0
   94       -1355.300    1580.304           0.000       0.000              94               0
   50       -2177.541   -1942.493           0.000       0.000              50               0
  236          11.065    2144.045           0.000       0.000             236               0
  104        2025.828   -2327.979           0.000       0.000             104               0
  153       -1853.473    -319.564           0.000       0.000             153               0
  194         894.821    -662.422           0.000       0.000             194               0
   75        -923.046   -2007.663           0.000       0.000              75               0
  150        1275.489    -475.408           0.000       0.000             150               0
   84         127.078    2262.711           0.000       0.000              84               0
  237       -1644.023    -242.516           0.000       0.000             237               0
  114         465.980     814.192           0.000       0.000             114               0
   27       -1325.557    1818.401           0.000       0.000              27               0
   65        -263.982    -323.913           0.000       0.000              65               0
   66         595.497    -887.921           0.000       0.000              66               0
  168        -441.264     570.869           0.000       0.000             168               0
  199         393.499   -1447.209           0.000       0.000             199               0
  128        -986.276     401.375           0.000       0.000             128               0
  174         267.730    1292.890           0.000       0.000             174               0
  101        1049.103     432.309           0.000       0.000             101               0
  173         885.210    -970.431           0.000       0.000             173               0
   37       -1087.894    -442.065           0.000       0.000              37               0
  160        1111.475   -1794.529           0.000       0.000             160               0
   57        -452.832     891.622           0.000       0.000              57               0
  230        -792.809    -498.918           0.000       0.000             230               0
  158       -1332.108   -1560.577           0.000       0.000             158               0
   63       -1707.923    -661.287           0.000       0.000              63               0
   55        -294.000     612.961           0.000       0.000              55               0
