SINAL     NFT                         FFT                         NFT INVERSA     FFT INVERSA
-----     -----------------------     -----------------------     -----------     -----------
  233       64987.000       0.000           0.000       0.000             233               0
  207       -1129.804    3517.983           0.000       0.000             207               0
   56         415.619   -1060.921           0.000       0.000              56               0
  147           3.385   -1824.432           0.000       0.000             147               0
  102       -2224.550     -38.995           0.000       0.000             102               0
  137        -115.146    1067.801           0.000       0.000             137               0
    0        -501.609     657.050           0.000       0.000               0               0
   17        1913.694   -1026.253           0.000       0.000              17               0
  149        -211.085   -1594.803           0.000       0.000             149               0
  172        2088.706     638.868           0.000       0.000             172               0
  168         213.001     545.302           0.000       0.000             168               0
   97         905.436      26.762           0.000       0.000              97               0
  192       -1601.196    -656.381           0.000       0.000             192               0
  200        -721.113   -1356.210           0.000       0.000             200               0
  194        2239.196     249.583           0.000       0.000             194               0
  248        -598.915   -1466.163           0.000       0.000             248               0
  136        -228.211    -945.270           0.000       0.000             136               0
  209         453.833     251.095           0.000       0.000             209               0
  171        -730.524      93.061           0.000       0.000             171               0
   44         906.284    -533.666           0.000       0.000              44               0
    8        -870.235   -1591.521           0.000       0.000               8               0
   30        1283.495     242.567           0.000       0.000              30               0
   29        -904.737    2125.715           0.000       0.000              29               0
    6       -2665.333    -439.918           0.000       0.000               6               0
   12        -668.673    1330.960           0.000       0.000              12               0
   62        -174.368    -804.766           0.000       0.000              62               0
  227        -382.961    1770.713           0.000       0.000             227               0
  235         694.450     483.681           0.000       0.000             235               0
   39        2477.790    1205.911           0.000       0.000              39               0
  217        1207.054    1214.932           0.000       0.000             217               0
   55         -70.877      28.816           0.000       0.000              55               0
   17         319.478    1230.872           0.000       0.000              17               0
  169        -668.577     615.343           0.000       0.000             169               0
  111       -1247.133    3243.170           0.000       0.000             111               0
  165        2509.504    1074.314           0.000       0.000             165               0
   16         202.569    -932.624           0.000       0.000              16               0
  249        2618.535    -997.676           0.000       0.000             249               0
  166         -25.861    -704.976           0.000       0.000             166               0
   33        2819.987     968.386           0.000       0.000              33               0
  142        -611.431     965.024           0.000       0.000             142               0
   82         808.775   -2298.921           0.000       0.000              82               0
  201        3336.898    -758.693           0.000       0.000             201               0
  239         -76.040     187.269           0.000       0.000             239               0
   19        -967.867    -917.381           0.000       0.000              19               0
  146         455.368     439.901           0.000       0.000             146               0
  178       -1920.073   -1249.148           0.000       0.000             178               0
   11        -427.866     845.874           0.000       0.000              11               0
   27        -884.154   -2249.023           0.000       0.000              27               0
  131        -519.227     206.487           0.000       0.000             131               0
  182         -44.958     401.714           0.000       0.000             182               0
   71         461.689   -1838.303           0.000       0.000              71               0
  140        1028.494     219.095           0.000       0.000             140               0
  213         248.874    -272.796           0.000       0.000             213               0
  101        -209.104    -369.934           0.000       0.000             101               0
  147         243.497    1266.843           0.000       0.000             147               0
  225        -653.634     856.408           0.000       0.000             225               0
  163         753.425    1942.114           0.000       0.000             163               0
  118        1783.840    -765.148           0.000       0.000             118               0
  204        3002.495     293.263           0.000       0.000             204               0
  203        -528.999    -435.235           0.000       0.000             203               0
   80       -1678.603     311.999           0.000       0.000              80               0
    4         229.138    -258.357           0.000       0.000               4               0
  221        1551.428    -303.727           0.000       0.000             221               0
  249         -39.175   -1028.768           0.000       0.000             249               0
  115         450.430     -77.543           0.000       0.000             115               0
  130        -466.518   -2297.145           0.000       0.000             130               0
   10         143.739    -249.749           0.000       0.000              10               0
  108         469.266   -1341.514           0.000       0.000             108               0
   41       -1840.002     920.731           0.000       0.000              41               0
   43       -1532.890    1063.431           0.000       0.000              43               0
  250        -794.942     115.232           0.000       0.000             250               0
  124        1916.404   -2475.974           0.000       0.000             124               0
  245        1508.503    -374.480           0.000       0.000             245               0
  234        1081.450    2078.436           0.000       0.000             234               0
  143         142.236   -1006.122           0.000       0.000             143               0
  135         175.798     727.855           0.000       0.000             135               0
  156         -61.152   -1884.667           0.000       0.000             156               0
  154         451.390    -747.851           0.000       0.000             154               0
  162         148.747    1110.352           0.000       0.000             162               0
   32         162.394     438.025           0.000       0.000              32               0
   81       -1389.022     258.986           0.000       0.000              81               0
  234        2441.416    -824.436           0.000       0.000             234               0
  173        -234.119     865.930           0.000       0.000             173               0
   38        1412.550   -1393.406           0.000       0.000              38               0
   79       -1765.240    1779.418           0.000       0.000              79               0
   65       -1530.033    -286.480           0.000       0.000              65               0
    8         586.558    2388.065           0.000       0.000               8               0
  243        -828.072   -1132.901           0.000       0.000             243               0
  184       -1095.984    1628.982           0.000       0.000             184               0
  213          89.464   -1969.331           0.000       0.000             213               0
  190         876.890   -1042.079           0.000       0.000             190               0
    8        -452.481    1006.038           0.000       0.000               8               0
  217       -1228.548    2001.518           0.000       0.000             217               0
  156         513.774    -242.380           0.000       0.000             156               0
    2        -481.500     283.488           0.000       0.000               2               0
   76         580.623     303.421           0.000       0.000              76               0
   31         727.228   -2014.777           0.000       0.000              31               0
   12       -1090.623    1107.308           0.000       0.000              12               0
  185        2289.815      63.946           0.000       0.000             185               0
   72          93.924    -216.942           0.000       0.000              72               0
   56        1406.992     201.478           0.000       0.000              56               0
  180         663.139   -1399.969           0.000       0.000             180               0
  196       -1308.371    1566.790           0.000       0.000             196               0
   46        -194.071      -2.234           0.000       0.000              46               0
  158       -1098.236    1334.805           0.000       0.000             158               0
   83         772.206    -352.678           0.000       0.000              83               0
  181        -540.990     727.834           0.000       0.000             181               0
   59        1494.474   -1493.235           0.000       0.000              59               0
  238        -954.908     303.058           0.000       0.000             238               0
   88        -535.139     111.693           0.000       0.000              88               0
   92        1789.092    1041.068           0.000       0.000              92               0
   63         -98.060    1440.018           0.000       0.000              63               0
   67        2258.986     216.111           0.000       0.000              67               0
    9         -50.089    2473.018           0.000       0.000               9               0
  102        2035.585    -522.458           0.000       0.000             102               0
  146        -854.831     254.729           0.000       0.000             146               0
   75         573.452      97.176           0.000       0.000              75               0
  110        -952.080   -4598.688           0.000       0.000             110               0
  134        1771.717     792.713           0.000       0.000             134               0
    3        -160.942     826.587           0.000       0.000               3               0
   68         276.705     104.264           0.000       0.000              68               0
   69         931.457     395.575           0.000       0.000              69               0
   11         949.724     -34.996           0.000       0.000              11               0
   29        -699.291    -151.685           0.000       0.000              29               0
  225          69.550    -517.966           0.000       0.000             225               0
   14         546.846   -1305.473           0.000       0.000              14               0
  106         358.171    1057.262           0.000       0.000             106               0
    0        -549.507   -3213.180           0.000       0.000              -0               0
   26        1755.113   -1527.802           0.000       0.000              26               0
   36         279.888    -321.129           0.000       0.000              36               0
   73          28.856     384.486           0.000       0.000              73               0
   83        -494.062    -298.743           0.000       0.000              83               0
  216        -987.035    -140.716           0.000       0.000             216               0
   13        1483.590   -1355.717           0.000       0.000              13               0
  129       -1201.773     -59.219           0.000       0.000             129               0
  119       -1072.789     716.506           0.000       0.000             119               0
   97         486.918     117.929           0.000       0.000              97               0
   55        1983.541    1153.254           0.000       0.000              55               0
  178         926.333     759.506           0.000       0.000             178               0
   80        1014.539    -528.653           0.000       0.000              80               0
  144        1855.900   -1089.332           0.000       0.000             144               0
   14        1823.477   -2225.004           0.000       0.000              14               0
  143       -1278.186   -1077.010           0.000       0.000             143               0
  211        -185.696    -109.142           0.000       0.000             211               0
   24         836.451     121.220           0.000       0.000              24               0
  246        -372.730    1517.424           0.000       0.000             246               0
  102         405.239     212.862           0.000       0.000             102               0
   99          59.900     732.670           0.000       0.000              99               0
  101         494.239    -391.087           0.000       0.000             101               0
  236         202.103   -1489.610           0.000       0.000             236               0
  102        -526.492     867.751           0.000       0.000             102               0
  169         -23.431     728.872           0.000       0.000             169               0
   50         176.246    -317.973           0.000       0.000              50               0
  114       -2036.692   -1329.005           0.000       0.000             114               0
  199         770.503    1862.931           0.000       0.000             199               0
   19       -1455.174     869.998           0.000       0.000              19               0
  128        1420.785     487.329           0.000       0.000             128               0
   49        1095.553    -165.459           0.000       0.000              49               0
   20         955.060    -194.590           0.000       0.000              20               0
  155        -525.590    -568.972           0.000       0.000             155               0
   86         822.178    -770.991           0.000       0.000              86               0
   94        1291.079     135.258           0.000       0.000              94               0
  239         851.976    -866.184           0.000       0.000             239               0
   46       -1948.596    -349.048           0.000       0.000              46               0
  108        1302.966     950.482           0.000       0.000             108               0
  113       -1411.808    3364.395           0.000       0.000             113               0
  165        -139.902     653.187           0.000       0.000             165               0
  205       -1109.475    1315.268           0.000       0.000             205               0
  168       -1993.292     -61.481           0.000       0.000             168               0
   88        -117.614    1422.363           0.000       0.000              88               0
   30          28.801     445.096           0.000       0.000              30               0
   57        1484.895    -515.296           0.000       0.000              57               0
  103       -1579.865    -360.412           0.000       0.000             103               0
  173        1315.444   -1773.111           0.000       0.000             173               0
   12        -569.226    -591.579           0.000       0.000              12               0
  127         772.857    -361.339           0.000       0.000             127               0
  164        1806.039   -1312.607           0.000       0.000             164               0
  115        1376.100    1851.867           0.000       0.000             115               0
  227         433.557   -1366.343           0.000       0.000             227               0
    9        -911.564    1000.770           0.000       0.000               9               0
   96       -1592.374    -237.245           0.000       0.000              96               0
   74       -1264.784     107.429           0.000       0.000              74               0
  179        2282.514     759.201           0.000       0.000             179               0
  146        1404.962    1424.974           0.000       0.000             146               0
  188        -485.919   -2779.440           0.000       0.000             188               0
  122       -2755.744     294.893           0.000       0.000             122               0
  166       -2269.021     656.935           0.000       0.000             166               0
   61        1254.346   -2325.313           0.000       0.000              61               0
  172        -219.986     373.234           0.000       0.000             172               0
  186        -513.109     546.064           0.000       0.000             186               0
  216        1946.939    -379.826           0.000       0.000             216               0
    2        -453.535    -628.875           0.000       0.000               2               0
   25       -1512.671    1842.325           0.000       0.000              25               0
  199         856.973     906.624           0.000       0.000             199               0
   48         892.764    1491.302           0.000       0.000              48               0
  133       -1390.016    -469.103           0.000       0.000             133               0
   56        1516.953     664.751           0.000       0.000              56               0
  214         185.027     399.823           0.000       0.000             214               0
   83        -111.811    -117.485           0.000       0.000              83               0
  225        1186.870   -1282.595           0.000       0.000             225               0
   46       -1656.959    -914.074           0.000       0.000              46               0
  113       -1725.077   -1605.516           0.000       0.000             113               0
   26       -1547.558    -557.164           0.000       0.000              26               0
  150       -1080.543    -408.604           0.000       0.000             150               0
   31        -382.643     -66.432           0.000       0.000              31               0
   39        1468.971    -417.726           0.000       0.000              39               0
   21         629.114     451.695           0.000       0.000              21               0
  195         747.432   -1068.301           0.000       0.000             195               0
  154        1287.228    -219.828           0.000       0.000             154               0
  249         280.655     464.041           0.000       0.000             249               0
  205        1767.774     668.105           0.000       0.000             205               0
  250       -1049.824     129.524           0.000       0.000             250               0
   67         925.294   -2061.876           0.000       0.000              67               0
  128        2866.832   -2223.347           0.000       0.000             128               0
  140         394.307    -523.513           0.000       0.000             140               0
  255         214.032     401.892           0.000       0.000             255               0
  250        -550.334     357.126           0.000       0.000             250               0
   50       -1012.854    -990.627           0.000       0.000              50               0
   61       -1228.742    1881.690           0.000       0.000              61               0
  166        -228.864   -1581.247           0.000       0.000             166               0
  237       -1996.234     113.358           0.000       0.000             237               0
   21        -890.550   -1528.813           0.000       0.000              21               0
  169         709.747     -85.593           0.000       0.000             169               0
    6         821.185   -1461.309           0.000       0.000               6               0
  221         543.481   -1080.676           0.000       0.000             221               0
  217         312.414     914.491           0.000       0.000             217               0
  140        -169.542    2065.934           0.000       0.000             140               0
   22         502.323    -987.174           0.000       0.000              22               0
  176         417.371     721.999           0.000       0.000             176               0
  223          -6.788    -968.682           0.000       0.000             223               0
  248       -1693.568     401.602           0.000       0.000             248               0
  223        1203.591   -3407.294           0.000       0.000             223               0
   80          29.517     666.077           0.000       0.000              80               0
   19         204.966     464.060           0.000       0.000              19               0
  117        -270.679    -497.318           0.000       0.000             117               0
  112       -1146.427    -607.958           0.000       0.000             112               0
   58        1753.779     439.147           0.000       0.000              58               0
  139        2127.762     467.439           0.000       0.000             139               0
   51       -1078.712    -777.940           0.000       0.000              51               0
  213         -38.141    2641.879           0.000       0.000             213               0
  132        1411.498    1361.380           0.000       0.000             132               0
    0       -1224.013     780.848           0.000       0.000              -0               0
  207        1456.316     683.241           0.000       0.000             207               0
  199       -2426.863    1003.045           0.000       0.000             199               0
  128       -1402.037     273.391           0.000       0.000             128               0
   92         363.930   -2162.180           0.000       0.000              92               0
  199       -2011.912     230.755           0.000       0.000             199               0
  123        1957.746     134.996           0.000       0.000             123               0
  143        -231.894   -1423.049           0.000       0.000             143               0
    4        -976.886     693.995           0.000       0.000               4               0
   33         -60.583     -79.810           0.000       0.000              33               0
  125        -212.673    1125.728           0.000       0.000             125               0
   26         606.436     -38.620           0.000       0.000              26               0
  202       -1618.704    -820.569           0.000       0.000             202               0
  132       -1395.148    -250.715           0.000       0.000             132               0
  248         747.433    1738.923           0.000       0.000             248               0
  164        -181.000      -0.220           0.000       0.000             164               0
   16         747.853   -1738.759           0.000       0.000              16               0
   14       -1395.425     250.382           0.000       0.000              14               0
   85       -1618.799     819.951           0.000       0.000              85               0
  239         606.621      38.587           0.000       0.000             239               0
    6        -212.272   -1125.878           0.000       0.000               6               0
   52         -60.618      79.823           0.000       0.000              52               0
   64        -976.575    -694.203           0.000       0.000              64               0
   26        -232.118    1422.997           0.000       0.000              26               0
  170        1957.678    -134.486           0.000       0.000             170               0
  177       -2011.997    -231.386           0.000       0.000             177               0
   84         363.203    2162.097           0.000       0.000              84               0
   53       -1402.026    -274.359           0.000       0.000              53               0
  228       -2426.135   -1004.178           0.000       0.000             228               0
   41        1456.922    -682.955           0.000       0.000              41               0
  185       -1223.479    -781.454           0.000       0.000             185               0
  229        1412.228   -1361.047           0.000       0.000             229               0
  249         -37.210   -2641.623           0.000       0.000             249               0
  129       -1078.626     777.933           0.000       0.000             129               0
  102        2128.232    -466.585           0.000       0.000             102               0
   86        1753.706    -438.298           0.000       0.000              86               0
   73       -1146.830     607.804           0.000       0.000              73               0
  225        -270.759     497.288           0.000       0.000             225               0
  230         205.207    -463.899           0.000       0.000             230               0
   77          29.825    -665.650           0.000       0.000              77               0
    3        1202.331    3407.794           0.000       0.000               3               0
   99       -1693.483    -402.393           0.000       0.000              99               0
  104          -6.881     968.527           0.000       0.000             104               0
  206         417.761    -721.985           0.000       0.000             206               0
  231         502.027     987.155           0.000       0.000             231               0
   96        -168.810   -2066.082           0.000       0.000              96               0
  115         312.813    -914.010           0.000       0.000             115               0
  248         543.157    1081.224           0.000       0.000             248               0
  110         820.607    1461.644           0.000       0.000             110               0
  201         709.412      85.846           0.000       0.000             201               0
  232        -891.411    1528.457           0.000       0.000             232               0
  117       -1996.214    -114.137           0.000       0.000             117               0
  253        -229.272    1580.922           0.000       0.000             253               0
   40       -1227.989   -1882.229           0.000       0.000              40               0
  143       -1012.870     990.354           0.000       0.000             143               0
  168        -549.766    -357.355           0.000       0.000             168               0
  217         214.648    -401.659           0.000       0.000             217               0
  228         394.658     523.943           0.000       0.000             228               0
  221        2866.302    2224.397           0.000       0.000             221               0
  190         924.409    2061.827           0.000       0.000             190               0
   14       -1049.698    -130.347           0.000       0.000              14               0
  151        1768.146    -667.754           0.000       0.000             151               0
  164         280.808    -463.980           0.000       0.000             164               0
    8        1287.131     220.306           0.000       0.000               8               0
   25         746.925    1068.438           0.000       0.000              25               0
   10         629.107    -451.613           0.000       0.000              10               0
   94        1468.462     418.184           0.000       0.000              94               0
   98        -383.186      66.271           0.000       0.000              98               0
  236       -1081.054     408.255           0.000       0.000             236               0
   68       -1547.922     556.680           0.000       0.000              68               0
  175       -1725.545    1604.837           0.000       0.000             175               0
  239       -1656.854     913.252           0.000       0.000             239               0
  168        1186.789    1282.582           0.000       0.000             168               0
   23        -111.717     116.933           0.000       0.000              23               0
  190         185.362    -400.188           0.000       0.000             190               0
  143        1517.126    -664.519           0.000       0.000             143               0
  120       -1390.182     468.283           0.000       0.000             120               0
   49         893.405   -1491.344           0.000       0.000              49               0
  135         857.106    -906.482           0.000       0.000             135               0
  230       -1512.120   -1842.710           0.000       0.000             230               0
  250        -453.459     628.925           0.000       0.000             250               0
  111        1946.840     380.434           0.000       0.000             111               0
   92        -513.111    -546.254           0.000       0.000              92               0
  248        -219.871    -373.101           0.000       0.000             248               0
  152        1253.285    2325.675           0.000       0.000             152               0
  236       -2269.120    -657.944           0.000       0.000             236               0
  161       -2755.352    -295.737           0.000       0.000             161               0
  114        -486.210    2779.000           0.000       0.000             114               0
  209        1405.894   -1424.979           0.000       0.000             209               0
  126        2282.652    -758.539           0.000       0.000             126               0
   49       -1265.019    -107.884           0.000       0.000              49               0
  223       -1592.314     236.591           0.000       0.000             223               0
   22        -910.786   -1001.074           0.000       0.000              22               0
  213         433.615    1366.390           0.000       0.000             213               0
  231        1377.070   -1851.417           0.000       0.000             231               0
   47        1805.640    1313.355           0.000       0.000              47               0
  224         772.547     361.538           0.000       0.000             224               0
   70        -569.472     591.363           0.000       0.000              70               0
  145        1314.736    1773.312           0.000       0.000             145               0
  204       -1580.005     359.455           0.000       0.000             204               0
  139        1484.767     515.316           0.000       0.000             139               0
   65          28.727    -445.612           0.000       0.000              65               0
  188        -117.412   -1422.718           0.000       0.000             188               0
   51       -1993.404      60.533           0.000       0.000              51               0
   89       -1108.810   -1315.951           0.000       0.000              89               0
  122        -139.480    -653.537           0.000       0.000             122               0
  195       -1410.348   -3364.853           0.000       0.000             195               0
  209        1303.520    -949.595           0.000       0.000             209               0
  172       -1948.422     348.760           0.000       0.000             172               0
   75         852.215     866.589           0.000       0.000              75               0
  184        1291.375    -134.771           0.000       0.000             184               0
  167         821.957     771.302           0.000       0.000             167               0
  187        -525.634     568.681           0.000       0.000             187               0
   21         955.228     194.734           0.000       0.000              21               0
  160        1095.556     165.600           0.000       0.000             160               0
   84        1420.713    -487.090           0.000       0.000              84               0
    1       -1455.027    -870.635           0.000       0.000               1               0
   65         771.058   -1862.481           0.000       0.000              65               0
  198       -2037.095    1328.526           0.000       0.000             198               0
  210         176.417     317.901           0.000       0.000             210               0
  192         -23.032    -728.958           0.000       0.000             192               0
  248        -525.978    -867.739           0.000       0.000             248               0
  178         201.891    1489.769           0.000       0.000             178               0
  215         494.306     391.038           0.000       0.000             215               0
  206          60.314    -732.799           0.000       0.000             206               0
  153         405.457    -212.805           0.000       0.000             153               0
    7        -372.015   -1517.450           0.000       0.000               7               0
  174         836.679    -120.635           0.000       0.000             174               0
  224        -185.630     109.404           0.000       0.000             224               0
  153       -1278.093    1076.880           0.000       0.000             153               0
  123        1823.269    2225.604           0.000       0.000             123               0
  107        1855.704    1089.646           0.000       0.000             107               0
  218        1014.386     528.586           0.000       0.000             218               0
   56         926.631    -759.536           0.000       0.000              56               0
  159        1983.763   -1152.663           0.000       0.000             159               0
   52         486.554    -117.730           0.000       0.000              52               0
  179       -1072.786    -716.759           0.000       0.000             179               0
   99       -1201.637      59.059           0.000       0.000              99               0
    6        1483.196    1356.283           0.000       0.000               6               0
   95        -987.142     140.314           0.000       0.000              95               0
  174        -493.971     298.541           0.000       0.000             174               0
  190          29.245    -384.404           0.000       0.000             190               0
    7         280.074     321.466           0.000       0.000               7               0
  105        1754.659    1528.594           0.000       0.000             105               0
  211        -550.604    3212.683           0.000       0.000             211               0
  168         358.660   -1057.517           0.000       0.000             168               0
  190         546.464    1305.485           0.000       0.000             190               0
  213          69.390     517.646           0.000       0.000             213               0
  233        -699.142     151.119           0.000       0.000             233               0
  133         949.973      35.005           0.000       0.000             133               0
  167         931.656    -395.503           0.000       0.000             167               0
  170         276.749    -104.360           0.000       0.000             170               0
  125        -160.509    -826.706           0.000       0.000             125               0
   90        1771.979    -791.784           0.000       0.000              90               0
  130        -953.654    4598.233           0.000       0.000             130               0
   75         573.601     -97.688           0.000       0.000              75               0
  244        -854.479    -255.483           0.000       0.000             244               0
  137        2035.632     522.556           0.000       0.000             137               0
  250         -49.148   -2473.436           0.000       0.000             250               0
  212        2259.061    -215.522           0.000       0.000             212               0
   34         -97.686   -1440.208           0.000       0.000              34               0
  118        1789.257   -1040.409           0.000       0.000             118               0
   64        -535.398    -111.782           0.000       0.000              64               0
  253        -954.749    -303.271           0.000       0.000             253               0
  174        1493.972    1493.627           0.000       0.000             174               0
  224        -540.858    -728.250           0.000       0.000             224               0
   49         771.968     352.725           0.000       0.000              49               0
   97       -1097.888   -1335.320           0.000       0.000              97               0
   67        -194.022       2.115           0.000       0.000              67               0
   55       -1307.602   -1567.113           0.000       0.000              55               0
  193         663.061    1400.291           0.000       0.000             193               0
  241        1407.197    -201.122           0.000       0.000             241               0
  246          93.951     216.885           0.000       0.000             246               0
  200        2289.714     -63.321           0.000       0.000             200               0
   91       -1090.429   -1107.588           0.000       0.000              91               0
  202         726.574    2014.977           0.000       0.000             202               0
  113         580.568    -303.542           0.000       0.000             113               0
   25        -481.522    -283.840           0.000       0.000              25               0
  159         513.553     242.263           0.000       0.000             159               0
   91       -1227.959   -2002.069           0.000       0.000              91               0
  158        -451.978   -1005.925           0.000       0.000             158               0
   71         876.590    1042.604           0.000       0.000              71               0
    5          88.641    1969.095           0.000       0.000               5               0
   28       -1095.507   -1629.614           0.000       0.000              28               0
  161        -828.296    1132.385           0.000       0.000             161               0
  135         587.394   -2388.034           0.000       0.000             135               0
  104       -1530.108     285.999           0.000       0.000             104               0
  149       -1764.171   -1779.866           0.000       0.000             149               0
   17        1412.539    1394.007           0.000       0.000              17               0
   99        -233.507    -866.006           0.000       0.000              99               0
  106        2441.196     825.274           0.000       0.000             106               0
   51       -1388.980    -259.558           0.000       0.000              51               0
  217         162.774    -438.007           0.000       0.000             217               0
  170         149.319   -1110.111           0.000       0.000             170               0
   48         451.294     748.299           0.000       0.000              48               0
  135         -61.628    1884.564           0.000       0.000             135               0
  138         176.256    -727.954           0.000       0.000             138               0
   98         142.179    1005.999           0.000       0.000              98               0
  233        1082.407   -2078.075           0.000       0.000             233               0
  206        1508.447     375.347           0.000       0.000             206               0
  154        1915.267    2476.563           0.000       0.000             154               0
  170        -795.332    -115.858           0.000       0.000             170               0
  191       -1532.655   -1064.060           0.000       0.000             191               0
  144       -1839.408    -921.116           0.000       0.000             144               0
  115         469.197    1341.877           0.000       0.000             115               0
   27         143.854     249.910           0.000       0.000              27               0
   91        -467.023    2296.906           0.000       0.000              91               0
  228         450.701      77.446           0.000       0.000             228               0
   53         -39.205    1028.540           0.000       0.000              53               0
  250        1551.497     303.947           0.000       0.000             250               0
   63         228.976     258.139           0.000       0.000              63               0
  212       -1678.288    -312.789           0.000       0.000             212               0
   66        -528.460     434.832           0.000       0.000              66               0
   69        3003.052    -292.499           0.000       0.000              69               0
  240        1783.521     765.362           0.000       0.000             240               0
  228         753.860   -1942.179           0.000       0.000             228               0
  205        -653.413    -856.652           0.000       0.000             205               0
   88         243.998   -1266.611           0.000       0.000              88               0
  122        -209.111     370.071           0.000       0.000             122               0
  222         248.982     272.950           0.000       0.000             222               0
  187        1028.652    -218.600           0.000       0.000             187               0
  228         461.002    1838.434           0.000       0.000             228               0
   17         -44.920    -401.891           0.000       0.000              17               0
  149        -519.201    -206.550           0.000       0.000             149               0
  143        -884.817    2248.606           0.000       0.000             143               0
   66        -427.447    -846.223           0.000       0.000              66               0
   28       -1920.112    1248.374           0.000       0.000              28               0
   26         456.010    -439.914           0.000       0.000              26               0
  164        -967.659     916.926           0.000       0.000             164               0
    6         -75.150    -187.434           0.000       0.000               6               0
  232        3337.136     759.761           0.000       0.000             232               0
   62         808.069    2298.762           0.000       0.000              62               0
  176        -610.717    -965.794           0.000       0.000             176               0
  168        2820.622    -967.621           0.000       0.000             168               0
  207         -25.912     704.851           0.000       0.000             207               0
   35        2618.321     998.203           0.000       0.000              35               0
  195         202.253     932.032           0.000       0.000             195               0
   42        2509.678   -1074.260           0.000       0.000              42               0
    7       -1246.302   -3243.908           0.000       0.000               7               0
  249        -668.204    -615.591           0.000       0.000             249               0
   36         320.142   -1230.809           0.000       0.000              36               0
   71         -70.546     -28.937           0.000       0.000              71               0
  205        1207.822   -1214.683           0.000       0.000             205               0
  103        2478.195   -1205.079           0.000       0.000             103               0
  140         694.315    -483.446           0.000       0.000             140               0
  189        -382.574   -1770.680           0.000       0.000             189               0
   75        -174.759     804.831           0.000       0.000              75               0
   89        -668.370   -1331.134           0.000       0.000              89               0
   22       -2665.271     439.065           0.000       0.000              22               0
  197        -903.385   -2125.859           0.000       0.000             197               0
   56        1284.016    -241.638           0.000       0.000              56               0
  210        -870.406    1591.497           0.000       0.000             210               0
  170         906.485     533.958           0.000       0.000             170               0
   73        -730.129     -93.289           0.000       0.000              73               0
  103         454.360    -250.771           0.000       0.000             103               0
   57        -228.112     945.385           0.000       0.000              57               0
  139        -598.755    1465.901           0.000       0.000             139               0
  132        2239.730    -248.897           0.000       0.000             132               0
   84        -721.330    1355.910           0.000       0.000              84               0
   48       -1600.708     655.583           0.000       0.000              48               0
  138         906.326     -26.729           0.000       0.000             138               0
   60         214.042    -545.376           0.000       0.000              60               0
  110        2089.642    -638.068           0.000       0.000             110               0
   59        -210.905    1594.756           0.000       0.000              59               0
  228        1914.072    1026.557           0.000       0.000             228               0
   61        -500.673    -657.562           0.000       0.000              61               0
   94        -113.780   -1067.892           0.000       0.000              94               0
  168       -2222.946      38.395           0.000       0.000             168               0
  104           5.211    1824.332           0.000       0.000             104               0
  102         418.631    1060.472           0.000       0.000             102               0
  161       -1121.774   -3518.550           0.000       0.000             161               0
