SINAL     NFT                         FFT                         NFT INVERSA     FFT INVERSA
-----     -----------------------     -----------------------     -----------     -----------
  228       66550.000       0.000           0.000       0.000             228               0
   99       -1202.881     938.743           0.000       0.000              99               0
  102       -1442.759    -163.573           0.000       0.000             102               0
  181        -377.205     573.377           0.000       0.000             181               0
  168        2009.493    2379.632           0.000       0.000             168               0
  216       -1007.232     696.033           0.000       0.000             216               0
  194         287.039     895.866           0.000       0.000             194               0
   73         950.795    -510.487           0.000       0.000              73               0
   85        -228.184    1196.413           0.000       0.000              85               0
  113        2240.957    -850.997           0.000       0.000             113               0
    5         519.154    1409.994           0.000       0.000               5               0
  134       -1524.585    -169.535           0.000       0.000             134               0
  232          45.442    -684.050           0.000       0.000             232               0
  148        -588.392     295.938           0.000       0.000             148               0
   72          75.987     332.050           0.000       0.000              72               0
  110        1093.118   -2326.556           0.000       0.000             110               0
   83        1657.957    -914.880           0.000       0.000              83               0
   32        1136.224    -975.606           0.000       0.000              32               0
   71        -782.041    -769.745           0.000       0.000              71               0
  131        1511.875     142.700           0.000       0.000             131               0
  117         528.783     425.379           0.000       0.000             117               0
   20        -460.019    1504.052           0.000       0.000              20               0
   89         -12.708    -257.641           0.000       0.000              89               0
  192         736.880    1600.799           0.000       0.000             192               0
   17         917.268   -1639.085           0.000       0.000              17               0
   77       -1100.213    -720.069           0.000       0.000              77               0
   96       -1856.272     -63.937           0.000       0.000              96               0
   65       -1289.148     899.771           0.000       0.000              65               0
  158        1399.171    -124.330           0.000       0.000             158               0
   32          47.091    -696.275           0.000       0.000              32               0
  209        -315.085   -1164.535           0.000       0.000             209               0
  130         316.176    1522.059           0.000       0.000             130               0
  132        -584.333   -3493.222           0.000       0.000             132               0
   56         129.101    -175.353           0.000       0.000              56               0
   56          94.010    1282.946           0.000       0.000              56               0
   44        1565.195     134.346           0.000       0.000              44               0
   16         163.897    -121.201           0.000       0.000              16               0
  250         122.033     171.406           0.000       0.000             250               0
  118         700.115    -954.166           0.000       0.000             118               0
  102         794.352     355.027           0.000       0.000             102               0
  108         746.390   -1405.237           0.000       0.000             108               0
  123        -532.723     305.547           0.000       0.000             123               0
  236        1822.531    -119.403           0.000       0.000             236               0
   84        -377.005    -715.597           0.000       0.000              84               0
   16         163.535     348.966           0.000       0.000              16               0
   53       -1812.339    -484.051           0.000       0.000              53               0
  195        1111.778     407.637           0.000       0.000             195               0
   99          27.861    1521.250           0.000       0.000              99               0
   86        1990.728     332.822           0.000       0.000              86               0
   11        -415.570    1715.874           0.000       0.000              11               0
  231       -1301.712    -514.069           0.000       0.000             231               0
  203       -1107.397    -301.155           0.000       0.000             203               0
   31         892.961    -831.250           0.000       0.000              31               0
   65       -1624.832    2403.098           0.000       0.000              65               0
  140         744.398    -785.779           0.000       0.000             140               0
   48       -1673.928    -254.941           0.000       0.000              48               0
  142         157.275   -3588.220           0.000       0.000             142               0
  236       -2004.806    -492.591           0.000       0.000             236               0
  114         288.983     331.486           0.000       0.000             114               0
   45       -2737.355    -619.695           0.000       0.000              45               0
   13       -1239.561     376.224           0.000       0.000              13               0
   67        2392.971    1120.641           0.000       0.000              67               0
  175       -2675.986    -655.681           0.000       0.000             175               0
  145         108.325    2666.248           0.000       0.000             145               0
  124       -2019.696   -1369.745           0.000       0.000             124               0
  232        1385.257     338.913           0.000       0.000             232               0
  190         319.108   -1907.787           0.000       0.000             190               0
  140        -339.435    -151.082           0.000       0.000             140               0
  226        -691.526     195.124           0.000       0.000             226               0
   52         825.515    1665.430           0.000       0.000              52               0
  243        -269.216    2281.857           0.000       0.000             243               0
   79        1615.333     411.050           0.000       0.000              79               0
  176       -1723.948   -1695.212           0.000       0.000             176               0
  224        1480.983    -309.180           0.000       0.000             224               0
  164       -1214.334     587.334           0.000       0.000             164               0
  192       -1197.748     -49.644           0.000       0.000             192               0
   21        1389.636    -402.108           0.000       0.000              21               0
  103         697.035    -644.924           0.000       0.000             103               0
   36        1020.117    1674.829           0.000       0.000              36               0
  108         818.190    1456.538           0.000       0.000             108               0
  114        1996.027    2053.959           0.000       0.000             114               0
   11       -1285.096    1218.841           0.000       0.000              11               0
   55         712.429    2620.072           0.000       0.000              55               0
  146        -587.864      78.354           0.000       0.000             146               0
   76       -1714.642    -183.078           0.000       0.000              76               0
  196         643.506   -2292.077           0.000       0.000             196               0
  195       -1734.042   -1271.528           0.000       0.000             195               0
  219         295.749     344.569           0.000       0.000             219               0
  176         640.167   -1630.202           0.000       0.000             176               0
   53         485.923    -114.929           0.000       0.000              53               0
    8        1772.037     259.066           0.000       0.000               8               0
  189        1995.646    -298.600           0.000       0.000             189               0
  121       -2082.485   -2086.425           0.000       0.000             121               0
  184        -142.585      15.415           0.000       0.000             184               0
   79         501.414     600.960           0.000       0.000              79               0
  245        1297.161   -2010.996           0.000       0.000             245               0
  160         366.091    1733.274           0.000       0.000             160               0
   13         370.464      98.863           0.000       0.000              13               0
  130        2780.034    1018.241           0.000       0.000             130               0
  131          88.643    1234.168           0.000       0.000             131               0
   66        1321.620    -275.134           0.000       0.000              66               0
  117        -766.873    -478.730           0.000       0.000             117               0
  211        -440.148     328.309           0.000       0.000             211               0
  242         256.647    -842.865           0.000       0.000             242               0
   85       -1019.440     969.075           0.000       0.000              85               0
  119       -1726.332     176.514           0.000       0.000             119               0
  179         701.046     725.396           0.000       0.000             179               0
  107        -996.777    2071.817           0.000       0.000             107               0
  223         338.702    -977.759           0.000       0.000             223               0
  215          21.731    1179.171           0.000       0.000             215               0
  215        -292.770    1199.476           0.000       0.000             215               0
   82        2559.385   -1567.428           0.000       0.000              82               0
  227        1028.638    -646.833           0.000       0.000             227               0
   15        -532.426    1290.361           0.000       0.000              15               0
  228        -749.863    -215.951           0.000       0.000             228               0
   48       -1139.437    -873.639           0.000       0.000              48               0
  211        -616.225    -387.548           0.000       0.000             211               0
  167        -189.433   -1315.364           0.000       0.000             167               0
   11        -210.383     444.589           0.000       0.000              11               0
  132         404.829    -635.986           0.000       0.000             132               0
  221         771.160   -1342.385           0.000       0.000             221               0
   20        1127.573     986.981           0.000       0.000              20               0
   66         636.786     980.196           0.000       0.000              66               0
   86        1462.524    1981.408           0.000       0.000              86               0
  205        2108.139   -1400.618           0.000       0.000             205               0
  145        1357.405     405.201           0.000       0.000             145               0
   75       -1229.697     165.831           0.000       0.000              75               0
  109         -76.170    1130.201           0.000       0.000             109               0
  159       -1697.147    1346.832           0.000       0.000             159               0
  206         417.278    1196.382           0.000       0.000             206               0
  241       -1496.038     611.345           0.000       0.000             241               0
  225        -427.293    1392.511           0.000       0.000             225               0
   67         508.571    -707.003           0.000       0.000              67               0
  196         644.457    -874.703           0.000       0.000             196               0
  212        2187.938     499.648           0.000       0.000             212               0
  153         726.211      49.066           0.000       0.000             153               0
   59        2328.861   -3289.581           0.000       0.000              59               0
  136       -2105.943    2696.842           0.000       0.000             136               0
    5        -917.559   -2249.173           0.000       0.000               5               0
   27       -1208.828    -233.687           0.000       0.000              27               0
   96        1013.780     131.265           0.000       0.000              96               0
  221         701.720    -658.384           0.000       0.000             221               0
  109         949.127     151.504           0.000       0.000             109               0
   67       -1837.037    -353.035           0.000       0.000              67               0
  236       -2272.838     679.008           0.000       0.000             236               0
   82        1820.800    -228.477           0.000       0.000              82               0
  116       -1098.501    -100.977           0.000       0.000             116               0
  192       -1575.700   -1802.278           0.000       0.000             192               0
  249       -1521.988     769.016           0.000       0.000             249               0
  128         863.539    4002.791           0.000       0.000             128               0
   68       -1262.264    -493.394           0.000       0.000              68               0
  214       -2620.802   -1151.157           0.000       0.000             214               0
  148        1783.945     379.915           0.000       0.000             148               0
  135         314.182    1403.598           0.000       0.000             135               0
   45       -1638.555    -257.077           0.000       0.000              45               0
   98        -816.614    -213.142           0.000       0.000              98               0
   24        1117.728    -519.205           0.000       0.000              24               0
  121        -736.114   -1562.412           0.000       0.000             121               0
  208        -267.950     686.481           0.000       0.000             208               0
  184         649.026     453.505           0.000       0.000             184               0
   71         261.966    1024.604           0.000       0.000              71               0
  193         994.972    1018.818           0.000       0.000             193               0
  153         -55.732     590.010           0.000       0.000             153               0
  138        -547.808    -821.465           0.000       0.000             138               0
  134         550.436     376.684           0.000       0.000             134               0
  110        -189.233     967.366           0.000       0.000             110               0
   36       -1001.087   -1366.534           0.000       0.000              36               0
  194         863.019    -267.710           0.000       0.000             194               0
  246         287.853   -1918.859           0.000       0.000             246               0
   42        1322.562     836.223           0.000       0.000              42               0
  221          65.437     368.435           0.000       0.000             221               0
   86         191.375    1211.754           0.000       0.000              86               0
    7         546.488     155.821           0.000       0.000               7               0
   74        -592.946    -535.841           0.000       0.000              74               0
  154          89.725    1237.397           0.000       0.000             154               0
  243         576.403    -118.414           0.000       0.000             243               0
  156       -2015.818     155.011           0.000       0.000             156               0
   14       -1115.012    -260.283           0.000       0.000              14               0
  180        -578.005    1317.274           0.000       0.000             180               0
  150       -1459.836    -745.815           0.000       0.000             150               0
  142        1259.722    -484.585           0.000       0.000             142               0
  248        2828.766   -1110.836           0.000       0.000             248               0
  109       -1484.873    -969.869           0.000       0.000             109               0
   35         316.789    -934.445           0.000       0.000              35               0
  128        2174.558   -2979.680           0.000       0.000             128               0
  154        -228.265     198.999           0.000       0.000             154               0
  133       -1485.991    -989.758           0.000       0.000             133               0
  152        -219.855   -1011.828           0.000       0.000             152               0
   19         409.339     284.177           0.000       0.000              19               0
   85         119.637   -1277.050           0.000       0.000              85               0
   81        1056.989      55.670           0.000       0.000              81               0
   90       -2341.622     303.266           0.000       0.000              90               0
   23        1062.088   -1321.583           0.000       0.000              23               0
  234        1457.132    -811.343           0.000       0.000             234               0
  229       -1753.095   -2238.090           0.000       0.000             229               0
  157         671.912    -287.822           0.000       0.000             157               0
   89        -408.765    1351.471           0.000       0.000              89               0
   10        -761.493    -564.456           0.000       0.000              10               0
   95        1804.352    -267.107           0.000       0.000              95               0
   80        -499.486   -2218.999           0.000       0.000              80               0
   52           2.099    -785.635           0.000       0.000              52               0
   60       -1200.365    -372.148           0.000       0.000              60               0
  167        1120.789   -1851.997           0.000       0.000             167               0
   59        2279.887     235.833           0.000       0.000              59               0
  135        2622.200     358.067           0.000       0.000             135               0
   65        1207.380     233.239           0.000       0.000              65               0
   47         842.095    -444.157           0.000       0.000              47               0
   36         379.456    -993.564           0.000       0.000              36               0
   80        -533.905   -1333.656           0.000       0.000              80               0
  227         621.954     145.649           0.000       0.000             227               0
  186        1262.810    -315.685           0.000       0.000             186               0
  223        2221.267      94.606           0.000       0.000             223               0
  220       -1714.174     431.537           0.000       0.000             220               0
   39         209.657      78.451           0.000       0.000              39               0
    2         435.233     464.519           0.000       0.000               2               0
   92       -1388.017     -19.677           0.000       0.000              92               0
  194        -793.666     131.327           0.000       0.000             194               0
  136        -844.742     331.252           0.000       0.000             136               0
  245        1324.525     343.660           0.000       0.000             245               0
  214        1881.689    1028.773           0.000       0.000             214               0
  221        2277.107    1167.426           0.000       0.000             221               0
   70        -313.473    -791.771           0.000       0.000              70               0
   49        -552.450     134.212           0.000       0.000              49               0
  245         655.786     194.598           0.000       0.000             245               0
   49         528.051     598.159           0.000       0.000              49               0
   22         592.597   -1280.225           0.000       0.000              22               0
  146        1081.462    -505.674           0.000       0.000             146               0
  139       -1564.691     135.372           0.000       0.000             139               0
   33         737.532   -1986.482           0.000       0.000              33               0
  242         492.748   -1443.453           0.000       0.000             242               0
  219         350.521    2573.955           0.000       0.000             219               0
   86       -1055.327     853.035           0.000       0.000              86               0
   46         -62.569    2069.558           0.000       0.000              46               0
  131        -275.785    -426.225           0.000       0.000             131               0
  145         623.314    1095.217           0.000       0.000             145               0
  182        -285.477      31.371           0.000       0.000             182               0
  196       -1816.292   -2196.509           0.000       0.000             196               0
  193         464.584   -1601.888           0.000       0.000             193               0
  218        1885.173     144.051           0.000       0.000             218               0
   21         298.186    -856.789           0.000       0.000              21               0
  165       -1114.729   -1076.744           0.000       0.000             165               0
  148        1811.962    1391.998           0.000       0.000             148               0
  244          11.475   -1840.858           0.000       0.000             244               0
  129        3183.005   -1013.945           0.000       0.000             129               0
  188         771.369    1016.197           0.000       0.000             188               0
  247       -1535.711    1483.152           0.000       0.000             247               0
  222         -76.722    1701.557           0.000       0.000             222               0
  126         219.071     295.535           0.000       0.000             126               0
  127           3.530   -1998.831           0.000       0.000             127               0
  212       -1047.891    -575.482           0.000       0.000             212               0
   84       -1771.514    -734.384           0.000       0.000              84               0
   93        1239.008    -816.867           0.000       0.000              93               0
   27        1566.305      82.628           0.000       0.000              27               0
  133        -488.293    1184.327           0.000       0.000             133               0
   82        -234.792    -902.958           0.000       0.000              82               0
   76        1714.991      60.130           0.000       0.000              76               0
  156         656.000       0.141           0.000       0.000             156               0
  229        1714.844     -59.461           0.000       0.000             229               0
  216        -235.348     902.830           0.000       0.000             216               0
  190        -487.865   -1184.493           0.000       0.000             190               0
  215        1566.315     -81.862           0.000       0.000             215               0
  179        1238.307     817.453           0.000       0.000             179               0
   20       -1772.089     733.830           0.000       0.000              20               0
    6       -1048.002     575.148           0.000       0.000               6               0
   55           3.018    1998.568           0.000       0.000              55               0
  166         219.239    -295.973           0.000       0.000             166               0
  188         -76.149   -1701.833           0.000       0.000             188               0
  251       -1534.927   -1483.565           0.000       0.000             251               0
  103         772.262   -1015.557           0.000       0.000             103               0
  150        3182.746    1015.387           0.000       0.000             150               0
   17          10.702    1840.807           0.000       0.000              17               0
   12        1812.208   -1391.392           0.000       0.000              12               0
   43       -1115.280    1076.566           0.000       0.000              43               0
    6         298.015     856.867           0.000       0.000               6               0
  142        1885.089    -143.358           0.000       0.000             142               0
  232         463.594    1602.110           0.000       0.000             232               0
  253       -1817.228    2195.546           0.000       0.000             253               0
  108        -285.347     -32.032           0.000       0.000             108               0
  103         623.683   -1095.326           0.000       0.000             103               0
  125        -276.000     425.809           0.000       0.000             125               0
   65         -61.925   -2069.820           0.000       0.000              65               0
  187       -1054.939    -853.387           0.000       0.000             187               0
  218         351.597   -2573.455           0.000       0.000             218               0
   92         492.367    1444.158           0.000       0.000              92               0
   65         736.792    1986.747           0.000       0.000              65               0
   45       -1564.525    -136.015           0.000       0.000              45               0
  168        1081.567     506.031           0.000       0.000             168               0
  222         592.246    1280.211           0.000       0.000             222               0
   19         528.293    -598.245           0.000       0.000              19               0
  129         655.808    -194.483           0.000       0.000             129               0
  157        -552.369    -134.457           0.000       0.000             157               0
  234        -313.395     791.447           0.000       0.000             234               0
   53        2277.737   -1166.911           0.000       0.000              53               0
  177        1881.865   -1028.138           0.000       0.000             177               0
  240        1324.187    -343.131           0.000       0.000             240               0
  108        -845.048    -331.452           0.000       0.000             108               0
   87        -793.794    -131.506           0.000       0.000              87               0
  173       -1387.919      19.254           0.000       0.000             173               0
  104         435.585    -464.309           0.000       0.000             104               0
  191         209.707     -78.280           0.000       0.000             191               0
   68       -1713.686    -431.970           0.000       0.000              68               0
  121        2221.689     -93.645           0.000       0.000             121               0
  204        1262.685     316.303           0.000       0.000             204               0
  112         621.882    -145.183           0.000       0.000             112               0
  127        -534.318    1333.684           0.000       0.000             127               0
   90         379.346     993.672           0.000       0.000              90               0
   88         842.174     444.334           0.000       0.000              88               0
  125        1207.680    -232.880           0.000       0.000             125               0
  199        2622.326    -357.079           0.000       0.000             199               0
  191        2279.578    -234.756           0.000       0.000             191               0
  250        1119.534    1852.565           0.000       0.000             250               0
    8       -1200.925     371.781           0.000       0.000               8               0
  123           1.663     785.777           0.000       0.000             123               0
  213        -500.268    2218.735           0.000       0.000             213               0
  100        1804.057     267.445           0.000       0.000             100               0
  188        -762.026     563.959           0.000       0.000             188               0
    3        -408.413   -1351.622           0.000       0.000               3               0
   13         671.620     288.364           0.000       0.000              13               0
  155       -1753.854    2237.586           0.000       0.000             155               0
   22        1456.945     811.680           0.000       0.000              22               0
  142        1061.281    1321.692           0.000       0.000             142               0
   56       -2341.632    -304.281           0.000       0.000              56               0
    0        1057.118     -55.312           0.000       0.000              -0               0
  195         119.110    1277.021           0.000       0.000             195               0
  234         409.282    -284.103           0.000       0.000             234               0
  241        -220.412    1011.783           0.000       0.000             241               0
   47       -1486.301     989.155           0.000       0.000              47               0
   66        -227.874    -199.006           0.000       0.000              66               0
  159        2173.616    2980.341           0.000       0.000             159               0
  151         316.199     934.165           0.000       0.000             151               0
    1       -1485.098     969.026           0.000       0.000               1               0
  227        2828.425    1111.356           0.000       0.000             227               0
   17        1258.992     484.529           0.000       0.000              17               0
  205       -1460.559     744.756           0.000       0.000             205               0
   83        -577.796   -1317.896           0.000       0.000              83               0
  145       -1115.278     259.656           0.000       0.000             145               0
   40       -2015.608    -155.997           0.000       0.000              40               0
  172         576.613     118.252           0.000       0.000             172               0
   14          90.177   -1237.585           0.000       0.000              14               0
  239        -593.007     535.482           0.000       0.000             239               0
  107         546.682    -155.963           0.000       0.000             107               0
    9         191.836   -1211.871           0.000       0.000               9               0
  247          65.681    -368.436           0.000       0.000             247               0
  230        1322.849    -835.628           0.000       0.000             230               0
  223         287.081    1918.979           0.000       0.000             223               0
   91         862.697     267.779           0.000       0.000              91               0
  163       -1001.725    1365.824           0.000       0.000             163               0
  226        -188.876    -967.830           0.000       0.000             226               0
  105         550.508    -376.651           0.000       0.000             105               0
   63        -548.136     821.004           0.000       0.000              63               0
  248         -55.440    -590.425           0.000       0.000             248               0
  247         995.303   -1018.731           0.000       0.000             247               0
  119         262.179   -1024.584           0.000       0.000             119               0
  249         648.971    -453.262           0.000       0.000             249               0
  187        -267.974    -686.407           0.000       0.000             187               0
   98        -736.709    1562.209           0.000       0.000              98               0
  235        1117.372     519.344           0.000       0.000             235               0
  234        -817.020     212.599           0.000       0.000             234               0
  164       -1638.648     256.170           0.000       0.000             164               0
  138         314.790   -1403.717           0.000       0.000             138               0
  130        1783.725    -379.291           0.000       0.000             130               0
  166       -2621.536    1150.120           0.000       0.000             166               0
  110       -1262.278     492.388           0.000       0.000             110               0
  148         864.841   -4002.673           0.000       0.000             148               0
  115       -1521.899    -769.049           0.000       0.000             115               0
  194       -1576.183    1801.926           0.000       0.000             194               0
   37       -1098.166     100.483           0.000       0.000              37               0
  156        1820.760     228.951           0.000       0.000             156               0
  110       -2272.701    -679.819           0.000       0.000             110               0
   52       -1836.690     352.428           0.000       0.000              52               0
  139         949.668    -151.190           0.000       0.000             139               0
  217         701.704     658.579           0.000       0.000             217               0
   61        1013.764    -130.988           0.000       0.000              61               0
  131       -1208.974     233.339           0.000       0.000             131               0
  192        -918.149    2248.568           0.000       0.000             192               0
   28       -2104.445   -2697.615           0.000       0.000              28               0
  223        2328.349    3290.341           0.000       0.000             223               0
   99         726.481     -49.311           0.000       0.000              99               0
  255        2188.154    -499.164           0.000       0.000             255               0
   72         643.972     874.667           0.000       0.000              72               0
  162         508.104     706.640           0.000       0.000             162               0
  247        -427.067   -1393.136           0.000       0.000             247               0
   63       -1495.807    -612.157           0.000       0.000              63               0
   26         417.745   -1196.507           0.000       0.000              26               0
  241       -1696.558   -1347.504           0.000       0.000             241               0
  250         -75.469   -1130.161           0.000       0.000             250               0
  124       -1229.139    -166.155           0.000       0.000             124               0
  220        1358.147    -404.663           0.000       0.000             220               0
  229        2107.929    1401.132           0.000       0.000             229               0
   33        1463.167   -1981.147           0.000       0.000              33               0
  103         637.063    -979.864           0.000       0.000             103               0
  104        1127.823    -986.283           0.000       0.000             104               0
  199         770.517    1342.881           0.000       0.000             199               0
  213         404.368     636.067           0.000       0.000             213               0
  253        -210.451    -444.620           0.000       0.000             253               0
   59        -190.042    1315.315           0.000       0.000              59               0
  151        -616.484     387.199           0.000       0.000             151               0
   34       -1139.693     873.038           0.000       0.000              34               0
  215        -749.712     215.347           0.000       0.000             215               0
    6        -531.603   -1290.674           0.000       0.000               6               0
   87        1028.831     647.191           0.000       0.000              87               0
   99        2558.820    1567.919           0.000       0.000              99               0
  223        -292.618   -1200.029           0.000       0.000             223               0
  149          22.047   -1179.269           0.000       0.000             149               0
  230         338.235     977.627           0.000       0.000             230               0
  160        -996.129   -2072.396           0.000       0.000             160               0
  178         701.202    -725.101           0.000       0.000             178               0
  197       -1726.332    -177.079           0.000       0.000             197               0
    3       -1018.836    -969.316           0.000       0.000               3               0
  177         256.635     843.010           0.000       0.000             177               0
   13        -439.823    -328.509           0.000       0.000              13               0
  166        -766.599     478.404           0.000       0.000             166               0
  169        1321.936     275.323           0.000       0.000             169               0
   77          89.428   -1234.332           0.000       0.000              77               0
  192        2780.531   -1017.262           0.000       0.000             192               0
  154         370.382     -98.686           0.000       0.000             154               0
   72         366.709   -1732.869           0.000       0.000              72               0
   61        1296.445    2011.638           0.000       0.000              61               0
  118         501.418    -600.803           0.000       0.000             118               0
   46        -142.778     -15.222           0.000       0.000              46               0
   95       -2082.936    2085.750           0.000       0.000              95               0
  222        1995.931     299.030           0.000       0.000             222               0
  150        1772.044    -258.572           0.000       0.000             150               0
   38         485.669     115.150           0.000       0.000              38               0
  179         639.392    1630.305           0.000       0.000             179               0
  147         295.513    -344.615           0.000       0.000             147               0
   98       -1734.591    1270.893           0.000       0.000              98               0
   75         642.690    2291.838           0.000       0.000              75               0
  182       -1714.718     181.784           0.000       0.000             182               0
   58        -587.544     -79.321           0.000       0.000              58               0
   82         713.485   -2620.370           0.000       0.000              82               0
   14       -1284.369   -1219.515           0.000       0.000              14               0
  157        1997.044   -2053.407           0.000       0.000             157               0
   49         818.711   -1456.180           0.000       0.000              49               0
  163        1020.647   -1674.175           0.000       0.000             163               0
  131         696.721     645.467           0.000       0.000             131               0
  209        1389.184     402.623           0.000       0.000             209               0
   85       -1198.080      49.197           0.000       0.000              85               0
   73       -1214.031    -587.703           0.000       0.000              73               0
  213        1480.870     309.792           0.000       0.000             213               0
    7       -1724.479    1694.426           0.000       0.000               7               0
   86        1615.572    -411.002           0.000       0.000              86               0
  123        -268.540   -2282.150           0.000       0.000             123               0
  176         825.947   -1664.926           0.000       0.000             176               0
  164        -691.612    -195.009           0.000       0.000             164               0
   60        -339.463     151.288           0.000       0.000              60               0
   74         318.500    1907.920           0.000       0.000              74               0
  236        1385.070    -338.584           0.000       0.000             236               0
  122       -2020.414    1368.776           0.000       0.000             122               0
  193         109.109   -2666.342           0.000       0.000             193               0
   26       -2676.045     654.892           0.000       0.000              26               0
  217        2393.397   -1119.799           0.000       0.000             217               0
  159       -1239.818    -376.391           0.000       0.000             159               0
  177       -2737.471     618.958           0.000       0.000             177               0
  255         289.280    -331.197           0.000       0.000             255               0
   83       -2004.783     492.299           0.000       0.000              83               0
   69         156.331    3588.206           0.000       0.000              69               0
   98       -1673.711     253.927           0.000       0.000              98               0
  159         744.415     785.541           0.000       0.000             159               0
  252       -1623.743   -2403.837           0.000       0.000             252               0
  156         892.970     831.602           0.000       0.000             156               0
  241       -1107.341     300.611           0.000       0.000             241               0
   10       -1301.442     513.286           0.000       0.000              10               0
   57        -414.322   -1716.253           0.000       0.000              57               0
   35        1991.263    -332.221           0.000       0.000              35               0
  173          28.558   -1521.194           0.000       0.000             173               0
  189        1111.976    -407.022           0.000       0.000             189               0
  245       -1812.319     483.583           0.000       0.000             245               0
    3         164.095    -348.797           0.000       0.000               3               0
    6        -376.747     715.561           0.000       0.000               6               0
  202        1822.824     120.002           0.000       0.000             202               0
   10        -532.384    -305.613           0.000       0.000              10               0
   92         746.285    1405.492           0.000       0.000              92               0
   70         794.723    -354.830           0.000       0.000              70               0
  186         699.957     954.332           0.000       0.000             186               0
    0         122.262    -171.508           0.000       0.000               0               0
  131         164.146     121.162           0.000       0.000             131               0
    5        1565.384    -133.940           0.000       0.000               5               0
  237          94.435   -1282.801           0.000       0.000             237               0
  253         129.088     175.799           0.000       0.000             253               0
  199        -585.348    3492.918           0.000       0.000             199               0
    7         316.888   -1522.210           0.000       0.000               7               0
  214        -315.271    1164.425           0.000       0.000             214               0
  102          47.152     696.062           0.000       0.000             102               0
  185        1399.169     124.507           0.000       0.000             185               0
  214       -1288.908    -900.329           0.000       0.000             214               0
  186       -1855.964      63.362           0.000       0.000             186               0
  254       -1099.772     719.690           0.000       0.000             254               0
   56         917.372    1639.038           0.000       0.000              56               0
   89         737.820   -1600.881           0.000       0.000              89               0
  250         -12.436     257.477           0.000       0.000             250               0
  212        -458.992   -1504.288           0.000       0.000             212               0
   75         529.555    -425.048           0.000       0.000              75               0
    4        1512.332    -141.982           0.000       0.000               4               0
   13        -781.826     769.667           0.000       0.000              13               0
  110        1136.548     976.041           0.000       0.000             110               0
  178        1658.072     915.431           0.000       0.000             178               0
  202        1092.553    2326.608           0.000       0.000             202               0
   99          76.299    -332.496           0.000       0.000              99               0
  181        -587.906    -296.366           0.000       0.000             181               0
  208          45.697     683.810           0.000       0.000             208               0
   46       -1523.882     168.610           0.000       0.000              46               0
  192         520.687   -1410.040           0.000       0.000             192               0
   45        2241.447     851.541           0.000       0.000              45               0
  117        -227.069   -1196.725           0.000       0.000             117               0
  122         951.513     510.591           0.000       0.000             122               0
   46         288.258    -896.078           0.000       0.000              46               0
  248       -1005.620    -696.631           0.000       0.000             248               0
  128        2011.897   -2378.965           0.000       0.000             128               0
   27        -375.125    -573.242           0.000       0.000              27               0
  245       -1439.525     163.217           0.000       0.000             245               0
   71       -1195.462    -938.989           0.000       0.000              71               0
