SINAL     NFT                         FFT                         NFT INVERSA     FFT INVERSA
-----     -----------------------     -----------------------     -----------     -----------
  103       67013.000       0.000           0.000       0.000             103               0
  236         617.393   -2900.301           0.000       0.000             236               0
   24        -221.655    -734.196           0.000       0.000              24               0
  141         803.673     180.882           0.000       0.000             141               0
  213         203.170      53.033           0.000       0.000             213               0
  136       -1254.664   -1764.692           0.000       0.000             136               0
   46         162.711    1166.468           0.000       0.000              46               0
  194        1647.610   -1233.790           0.000       0.000             194               0
  231        1555.693     -76.767           0.000       0.000             231               0
  193        -122.727     988.058           0.000       0.000             193               0
   69       -1493.751     456.321           0.000       0.000              69               0
  109         -48.623    -915.110           0.000       0.000             109               0
    0        1093.554     975.999           0.000       0.000               0               0
  147       -1111.657    -426.105           0.000       0.000             147               0
  192        -454.450    -144.944           0.000       0.000             192               0
   36       -1052.456     459.652           0.000       0.000              36               0
  184        -566.440     -56.518           0.000       0.000             184               0
  244        -303.763    1591.125           0.000       0.000             244               0
  169       -1676.803    1193.362           0.000       0.000             169               0
  201        -298.401    -919.529           0.000       0.000             201               0
   49         575.917    -347.365           0.000       0.000              49               0
  164         596.966    -907.473           0.000       0.000             164               0
  171        2848.937     233.786           0.000       0.000             171               0
  106        1891.307      98.900           0.000       0.000             106               0
  176        1150.108    -665.283           0.000       0.000             176               0
  184       -1706.008    -708.763           0.000       0.000             184               0
  195        -391.334     110.134           0.000       0.000             195               0
  232         831.639     838.065           0.000       0.000             232               0
  227        -374.025     316.648           0.000       0.000             227               0
  144       -1621.590   -1494.491           0.000       0.000             144               0
   16       -2232.671   -1251.565           0.000       0.000              16               0
   74         604.886     -73.335           0.000       0.000              74               0
  125         525.020    1447.390           0.000       0.000             125               0
   41        1081.687     837.339           0.000       0.000              41               0
  215        1383.422     178.688           0.000       0.000             215               0
   82        -969.137    -517.044           0.000       0.000              82               0
  178       -1827.977     287.378           0.000       0.000             178               0
    6         268.999    2092.692           0.000       0.000               6               0
   21         793.971   -1399.830           0.000       0.000              21               0
  154       -1958.427   -1606.978           0.000       0.000             154               0
  200       -1374.074    -950.512           0.000       0.000             200               0
   90        -540.770    -377.663           0.000       0.000              90               0
    7         834.420    1610.171           0.000       0.000               7               0
  200       -2360.474     398.948           0.000       0.000             200               0
  238         440.500    1118.747           0.000       0.000             238               0
  200         768.132   -1001.921           0.000       0.000             200               0
  237        -376.016   -2856.351           0.000       0.000             237               0
  167       -1874.675   -1514.397           0.000       0.000             167               0
  188          85.348   -1406.238           0.000       0.000             188               0
  150        -485.091    1120.548           0.000       0.000             150               0
  113       -1938.932    1477.908           0.000       0.000             113               0
  238         568.465    -138.167           0.000       0.000             238               0
   59         500.664     810.184           0.000       0.000              59               0
   28        1337.080    1946.096           0.000       0.000              28               0
   88         593.676   -1430.653           0.000       0.000              88               0
  236       -2109.428     565.997           0.000       0.000             236               0
  212         798.582    1543.836           0.000       0.000             212               0
   27        2182.114    -291.847           0.000       0.000              27               0
  213        2516.712    1759.004           0.000       0.000             213               0
  184        -621.207   -2515.380           0.000       0.000             184               0
  172          62.751     246.233           0.000       0.000             172               0
  229        2141.235    -213.999           0.000       0.000             229               0
    2         974.285    2399.698           0.000       0.000               2               0
   42        1474.125    -256.888           0.000       0.000              42               0
   15         866.037   -2403.708           0.000       0.000              15               0
  218        -242.683    1267.245           0.000       0.000             218               0
  124       -1387.980    -559.385           0.000       0.000             124               0
  194        -965.568    2108.662           0.000       0.000             194               0
  224         681.238     243.751           0.000       0.000             224               0
  146       -1043.358      85.929           0.000       0.000             146               0
   92         964.313   -1060.158           0.000       0.000              92               0
  168        2262.899    1471.421           0.000       0.000             168               0
  236       -4265.158      81.356           0.000       0.000             236               0
  100          77.084    -136.335           0.000       0.000             100               0
  113        -791.476      86.740           0.000       0.000             113               0
  219        -410.037     692.334           0.000       0.000             219               0
   44         -36.177    -844.164           0.000       0.000              44               0
   94        1821.195   -1784.109           0.000       0.000              94               0
  130        1630.423      87.853           0.000       0.000             130               0
  233         415.357     -35.448           0.000       0.000             233               0
  245        -730.162    -852.119           0.000       0.000             245               0
  243       -2093.499    1006.751           0.000       0.000             243               0
  216        -322.363    1660.804           0.000       0.000             216               0
   49           8.457   -1083.212           0.000       0.000              49               0
   16       -1223.978    -222.339           0.000       0.000              16               0
   48       -1132.358    -661.689           0.000       0.000              48               0
   30        1004.718    1091.424           0.000       0.000              30               0
  228       -1538.705     -28.452           0.000       0.000             228               0
   76       -1707.779    1893.552           0.000       0.000              76               0
  243        -307.740     455.077           0.000       0.000             243               0
  156        -911.314     427.224           0.000       0.000             156               0
  249         401.769    -494.592           0.000       0.000             249               0
  217         282.912    1061.676           0.000       0.000             217               0
  159       -1666.478   -1376.077           0.000       0.000             159               0
   35         167.981     566.077           0.000       0.000              35               0
  233        -780.901   -1751.174           0.000       0.000             233               0
  121       -1722.085   -2977.994           0.000       0.000             121               0
  160       -1688.968     748.304           0.000       0.000             160               0
  171       -1497.327     185.998           0.000       0.000             171               0
   90       -4685.444    -320.284           0.000       0.000              90               0
   50        1214.598    -422.706           0.000       0.000              50               0
    8          78.235   -2142.803           0.000       0.000               8               0
    3        1187.650     456.046           0.000       0.000               3               0
   31        1740.308    -157.341           0.000       0.000              31               0
  109       -1461.657   -1502.209           0.000       0.000             109               0
  116         197.944    -964.473           0.000       0.000             116               0
  250         364.717     446.451           0.000       0.000             250               0
  154        -791.082    -361.529           0.000       0.000             154               0
  211        1487.076    -288.563           0.000       0.000             211               0
  124         243.929     784.703           0.000       0.000             124               0
  131       -1377.703    1190.171           0.000       0.000             131               0
  201        1369.824     292.840           0.000       0.000             201               0
  112         976.328    -491.121           0.000       0.000             112               0
   92        1596.179    -870.827           0.000       0.000              92               0
  251         134.967     692.955           0.000       0.000             251               0
  128        2694.626    -198.379           0.000       0.000             128               0
  140        -111.528     814.423           0.000       0.000             140               0
   25        1163.343    1100.439           0.000       0.000              25               0
  101        1006.567    -267.981           0.000       0.000             101               0
  217         287.200    -604.438           0.000       0.000             217               0
   13        -455.749     200.940           0.000       0.000              13               0
    2        2063.113     -42.284           0.000       0.000               2               0
  210       -1925.327   -2380.851           0.000       0.000             210               0
  230        1312.365   -1384.245           0.000       0.000             230               0
  162        -526.986     642.381           0.000       0.000             162               0
  246         395.833     703.287           0.000       0.000             246               0
  208        -801.788   -1421.758           0.000       0.000             208               0
   27        -358.278    -294.457           0.000       0.000              27               0
  150        1610.982    1118.082           0.000       0.000             150               0
  123        1449.491   -1502.702           0.000       0.000             123               0
  118        2728.103    -158.382           0.000       0.000             118               0
  200         -28.479   -1907.128           0.000       0.000             200               0
  132         -78.171   -1559.351           0.000       0.000             132               0
  121        -678.246    1752.743           0.000       0.000             121               0
  231        1175.276   -2672.241           0.000       0.000             231               0
  241       -1418.597     180.805           0.000       0.000             241               0
  238         701.204     124.934           0.000       0.000             238               0
  226        -840.940     615.898           0.000       0.000             226               0
  140         663.348    -768.777           0.000       0.000             140               0
  194         -16.466    2712.908           0.000       0.000             194               0
   94         340.584   -1192.842           0.000       0.000              94               0
   15        -149.647    -637.051           0.000       0.000              15               0
  139        1771.366    1535.726           0.000       0.000             139               0
  207        1021.962    -953.788           0.000       0.000             207               0
  108         535.093   -2104.099           0.000       0.000             108               0
  134       -1457.584   -1081.015           0.000       0.000             134               0
   80        2091.375   -1491.991           0.000       0.000              80               0
  248         867.516   -1186.720           0.000       0.000             248               0
  160        2423.213    1793.952           0.000       0.000             160               0
  182        -236.177     558.273           0.000       0.000             182               0
  210        1485.547    1964.662           0.000       0.000             210               0
  173        -340.810    -583.205           0.000       0.000             173               0
  184         286.344   -3035.435           0.000       0.000             184               0
  164        -514.484   -1377.171           0.000       0.000             164               0
  148         251.499     283.949           0.000       0.000             148               0
   91         362.165     928.059           0.000       0.000              91               0
  154         817.799     756.654           0.000       0.000             154               0
  100        -750.705      40.543           0.000       0.000             100               0
  118        1146.938       5.770           0.000       0.000             118               0
   49       -1778.072     -78.132           0.000       0.000              49               0
  224        1055.711   -2312.517           0.000       0.000             224               0
  236       -1762.852    1537.891           0.000       0.000             236               0
  250        -218.631   -1518.715           0.000       0.000             250               0
  100       -1368.219    1241.190           0.000       0.000             100               0
  102        -411.787     -73.403           0.000       0.000             102               0
  225        -368.733   -2744.983           0.000       0.000             225               0
   86         -79.625     656.200           0.000       0.000              86               0
   84        1860.448   -1756.017           0.000       0.000              84               0
  195          -6.368     310.524           0.000       0.000             195               0
  226        -264.874   -2663.531           0.000       0.000             226               0
   22        -597.272    1888.244           0.000       0.000              22               0
   34        -517.361    -805.304           0.000       0.000              34               0
  242        -600.584    -527.853           0.000       0.000             242               0
  162        -567.589    -908.577           0.000       0.000             162               0
  242       -1004.218     -83.493           0.000       0.000             242               0
   94       -1747.667    1209.021           0.000       0.000              94               0
   41         590.511     450.880           0.000       0.000              41               0
   67        -373.165   -1039.866           0.000       0.000              67               0
   87        -238.581     129.595           0.000       0.000              87               0
  202         329.963     373.202           0.000       0.000             202               0
  249         894.562   -1020.664           0.000       0.000             249               0
   42          40.282    -638.620           0.000       0.000              42               0
  119        1441.308     603.630           0.000       0.000             119               0
  178         175.843    2430.493           0.000       0.000             178               0
  206        1772.064     285.563           0.000       0.000             206               0
   12        -685.516     577.978           0.000       0.000              12               0
   13       -1086.253       4.201           0.000       0.000              13               0
  105        -978.453    1650.100           0.000       0.000             105               0
  112       -1373.572     -58.838           0.000       0.000             112               0
  132         872.033   -2919.365           0.000       0.000             132               0
  155         464.351      27.838           0.000       0.000             155               0
   81         272.467     719.079           0.000       0.000              81               0
  113       -1523.934    -292.052           0.000       0.000             113               0
  149         996.428   -2267.723           0.000       0.000             149               0
  182        2954.825     772.679           0.000       0.000             182               0
  215        -601.947   -1730.829           0.000       0.000             215               0
  118         148.488   -1256.283           0.000       0.000             118               0
   13        -301.322     936.577           0.000       0.000              13               0
   44          -4.611     254.929           0.000       0.000              44               0
   58        -321.110     786.456           0.000       0.000              58               0
  240        -600.410   -1348.705           0.000       0.000             240               0
   67       -1128.234    -592.244           0.000       0.000              67               0
   93        -195.106     181.263           0.000       0.000              93               0
  227        -569.903   -2094.839           0.000       0.000             227               0
  229       -1151.452    -227.831           0.000       0.000             229               0
   80         389.442      52.730           0.000       0.000              80               0
   65       -1739.797    -448.238           0.000       0.000              65               0
   15         505.846     340.713           0.000       0.000              15               0
  147       -1204.914    1033.432           0.000       0.000             147               0
  153        -579.752     981.817           0.000       0.000             153               0
  217       -1032.430    1020.498           0.000       0.000             217               0
  141         772.310    1323.635           0.000       0.000             141               0
  195        2578.394   -1250.483           0.000       0.000             195               0
   81         151.671    -131.621           0.000       0.000              81               0
   63         213.903   -1584.166           0.000       0.000              63               0
  146         437.128    -691.980           0.000       0.000             146               0
   93         222.765    1415.991           0.000       0.000              93               0
   77       -1395.784    1561.112           0.000       0.000              77               0
  252       -1272.746     250.624           0.000       0.000             252               0
  206        -242.852     425.738           0.000       0.000             206               0
  209         -59.975      16.368           0.000       0.000             209               0
  151         209.084   -1282.414           0.000       0.000             151               0
   32       -1713.267    -673.376           0.000       0.000              32               0
   66        1840.043    -439.648           0.000       0.000              66               0
   44       -1214.508     872.458           0.000       0.000              44               0
  214        1016.844    -634.101           0.000       0.000             214               0
   26        -529.390    1444.220           0.000       0.000              26               0
  163         213.349   -1414.872           0.000       0.000             163               0
  227         185.220    -114.597           0.000       0.000             227               0
   70        -547.991    -108.848           0.000       0.000              70               0
  222          79.207   -1278.677           0.000       0.000             222               0
  211         293.167   -2335.240           0.000       0.000             211               0
  137        1051.399     147.703           0.000       0.000             137               0
   60         148.463     280.608           0.000       0.000              60               0
  182        -798.029     705.258           0.000       0.000             182               0
  111       -1410.401    1114.035           0.000       0.000             111               0
  140        -159.764    1011.992           0.000       0.000             140               0
  248         541.237   -2614.059           0.000       0.000             248               0
  127         895.922     298.975           0.000       0.000             127               0
   32        -460.299     878.572           0.000       0.000              32               0
  146        -789.644      67.218           0.000       0.000             146               0
   88         382.112     156.344           0.000       0.000              88               0
  173         671.122   -1530.009           0.000       0.000             173               0
   86        2059.941     -44.905           0.000       0.000              86               0
  170         322.039    -513.402           0.000       0.000             170               0
  237       -1246.540    1076.690           0.000       0.000             237               0
  232        -143.778    -221.200           0.000       0.000             232               0
    8         807.045     333.414           0.000       0.000               8               0
   58        -451.716    -276.733           0.000       0.000              58               0
  229       -1618.984     345.119           0.000       0.000             229               0
  215       -1571.102    1779.146           0.000       0.000             215               0
   11       -1708.215     880.092           0.000       0.000              11               0
  125       -1164.588    -250.414           0.000       0.000             125               0
  247        -327.455    -442.790           0.000       0.000             247               0
   78         157.323   -2588.303           0.000       0.000              78               0
  169        -695.891    -338.810           0.000       0.000             169               0
  206         897.000       0.310           0.000       0.000             206               0
  104        -696.108     338.936           0.000       0.000             104               0
   77         156.366    2588.386           0.000       0.000              77               0
  177        -327.827     442.373           0.000       0.000             177               0
  175       -1164.876     249.697           0.000       0.000             175               0
   43       -1707.956    -880.957           0.000       0.000              43               0
  133       -1570.354   -1779.656           0.000       0.000             133               0
   57       -1618.506    -345.436           0.000       0.000              57               0
  104        -451.317     276.699           0.000       0.000             104               0
   60         807.456    -333.068           0.000       0.000              60               0
  169        -143.748     221.193           0.000       0.000             169               0
  244       -1245.868   -1076.958           0.000       0.000             244               0
   53         322.376     513.747           0.000       0.000              53               0
   40        2060.135      45.790           0.000       0.000              40               0
   21         670.517    1530.254           0.000       0.000              21               0
  199         382.011    -156.353           0.000       0.000             199               0
  129        -789.681     -67.553           0.000       0.000             129               0
  194        -459.843    -878.661           0.000       0.000             194               0
   30         896.123    -298.365           0.000       0.000              30               0
   43         540.244    2614.188           0.000       0.000              43               0
  175        -159.630   -1012.359           0.000       0.000             175               0
    6       -1410.058   -1114.492           0.000       0.000               6               0
   52        -797.554    -705.317           0.000       0.000              52               0
  234         148.851    -280.255           0.000       0.000             234               0
  236        1051.562    -146.906           0.000       0.000             236               0
   11         292.333    2335.590           0.000       0.000              11               0
  245          78.706    1278.561           0.000       0.000             245               0
  105        -548.015     108.510           0.000       0.000             105               0
    3         185.251     114.637           0.000       0.000               3               0
   68         212.860    1414.735           0.000       0.000              68               0
   19        -528.849   -1444.545           0.000       0.000              19               0
  209        1016.598     634.440           0.000       0.000             209               0
  173       -1214.189    -872.840           0.000       0.000             173               0
   96        1839.805     440.413           0.000       0.000              96               0
  131       -1713.648     672.856           0.000       0.000             131               0
   93         208.719    1282.324           0.000       0.000              93               0
  140         -60.030     -16.684           0.000       0.000             140               0
    8        -242.831    -426.029           0.000       0.000               8               0
  150       -1272.692    -251.252           0.000       0.000             150               0
  244       -1394.996   -1561.644           0.000       0.000             244               0
   69         223.591   -1415.609           0.000       0.000              69               0
   64         437.108     692.512           0.000       0.000              64               0
  233         213.535    1584.289           0.000       0.000             233               0
  122         151.887     131.569           0.000       0.000             122               0
  104        2577.957    1251.075           0.000       0.000             104               0
  254         772.303   -1323.686           0.000       0.000             254               0
   66       -1032.434   -1020.889           0.000       0.000              66               0
  234        -579.588    -981.933           0.000       0.000             234               0
  193       -1204.573   -1033.603           0.000       0.000             193               0
   96         505.896    -340.198           0.000       0.000              96               0
   22       -1739.962     447.934           0.000       0.000              22               0
  113         389.512     -52.358           0.000       0.000             113               0
  103       -1151.538     227.790           0.000       0.000             103               0
   74        -570.478    2094.748           0.000       0.000              74               0
   91        -194.981    -181.374           0.000       0.000              91               0
   83       -1128.319     591.950           0.000       0.000              83               0
   86        -600.613    1348.367           0.000       0.000              86               0
   81        -320.577    -786.721           0.000       0.000              81               0
  188          -4.287    -254.894           0.000       0.000             188               0
   89        -300.761    -936.417           0.000       0.000              89               0
  149         148.331    1256.651           0.000       0.000             149               0
  208        -602.083    1730.579           0.000       0.000             208               0
   42        2955.297    -771.663           0.000       0.000              42               0
   67         995.346    2268.045           0.000       0.000              67               0
   48       -1524.138     291.234           0.000       0.000              48               0
  173         272.851    -719.084           0.000       0.000             173               0
  160         464.392     -27.501           0.000       0.000             160               0
  188         870.857    2919.487           0.000       0.000             188               0
  182       -1373.774      57.795           0.000       0.000             182               0
   54        -977.825   -1650.702           0.000       0.000              54               0
  177       -1086.004      -4.658           0.000       0.000             177               0
  251        -684.842    -578.350           0.000       0.000             251               0
  119        1772.481    -285.157           0.000       0.000             119               0
  155         176.784   -2430.373           0.000       0.000             155               0
  118        1441.545    -602.735           0.000       0.000             118               0
  224          40.012     638.957           0.000       0.000             224               0
  153         894.152    1021.019           0.000       0.000             153               0
  184         329.890    -373.096           0.000       0.000             184               0
  202        -238.718    -129.532           0.000       0.000             202               0
   91        -373.601    1039.747           0.000       0.000              91               0
   25         590.436    -450.792           0.000       0.000              25               0
  224       -1747.450   -1209.453           0.000       0.000             224               0
  204       -1004.158      83.493           0.000       0.000             204               0
  128        -567.766     908.600           0.000       0.000             128               0
   43        -600.623     527.738           0.000       0.000              43               0
   40        -517.463     805.074           0.000       0.000              40               0
  212        -596.414   -1888.186           0.000       0.000             212               0
  129        -265.475    2663.699           0.000       0.000             129               0
  121          -5.915    -310.491           0.000       0.000             121               0
  145        1859.950    1756.655           0.000       0.000             145               0
  218         -79.568    -656.161           0.000       0.000             218               0
   15        -369.733    2744.806           0.000       0.000              15               0
   97        -411.876      72.877           0.000       0.000              97               0
    5       -1367.725   -1241.680           0.000       0.000               5               0
   82        -218.996    1518.601           0.000       0.000              82               0
  145       -1762.025   -1538.428           0.000       0.000             145               0
  178        1055.215    2312.922           0.000       0.000             178               0
  243       -1777.793      77.279           0.000       0.000             243               0
   78        1147.310      -5.553           0.000       0.000              78               0
  105        -750.404     -40.953           0.000       0.000             105               0
   42         818.388    -756.459           0.000       0.000              42               0
    0         362.666    -927.790           0.000       0.000              -0               0
  101         251.740    -283.495           0.000       0.000             101               0
  161        -514.709    1377.353           0.000       0.000             161               0
  155         285.638    3035.379           0.000       0.000             155               0
  219        -340.600     582.504           0.000       0.000             219               0
  129        1486.548   -1964.457           0.000       0.000             129               0
   52        -235.631    -558.328           0.000       0.000              52               0
  148        2424.096   -1792.815           0.000       0.000             148               0
   75         867.165    1187.481           0.000       0.000              75               0
  144        2090.696    1492.870           0.000       0.000             144               0
  174       -1458.035    1080.580           0.000       0.000             174               0
   44         534.639    2104.106           0.000       0.000              44               0
   93        1021.807     953.651           0.000       0.000              93               0
   46        1771.784   -1535.367           0.000       0.000              46               0
   88        -150.033     636.995           0.000       0.000              88               0
  134         340.125    1192.594           0.000       0.000             134               0
    3         -15.583   -2713.037           0.000       0.000               3               0
  217         663.007     769.144           0.000       0.000             217               0
  255        -840.748    -616.144           0.000       0.000             255               0
  148         701.248    -124.532           0.000       0.000             148               0
  180       -1418.413    -180.968           0.000       0.000             180               0
   15        1174.555    2672.623           0.000       0.000              15               0
  245        -677.566   -1752.967           0.000       0.000             245               0
  185         -78.403    1559.603           0.000       0.000             185               0
   98         -28.652    1907.014           0.000       0.000              98               0
  135        2728.323     159.116           0.000       0.000             135               0
  108        1448.891    1502.919           0.000       0.000             108               0
   85        1611.053   -1117.753           0.000       0.000              85               0
  214        -358.718     294.397           0.000       0.000             214               0
  213        -802.318    1421.328           0.000       0.000             213               0
  127         396.090    -703.359           0.000       0.000             127               0
  214        -526.690    -642.415           0.000       0.000             214               0
   58        1311.869    1384.871           0.000       0.000              58               0
   33       -1925.985    2379.967           0.000       0.000              33               0
  113        2063.298      42.541           0.000       0.000             113               0
   22        -455.673    -201.333           0.000       0.000              22               0
  162         287.210     604.299           0.000       0.000             162               0
  166        1006.649     267.940           0.000       0.000             166               0
  170        1163.731   -1100.331           0.000       0.000             170               0
  238        -111.116    -814.493           0.000       0.000             238               0
   55        2694.557     199.254           0.000       0.000              55               0
   88         135.032    -692.884           0.000       0.000              88               0
   27        1595.765     871.377           0.000       0.000              27               0
  148         975.887     491.245           0.000       0.000             148               0
  135        1369.454    -292.637           0.000       0.000             135               0
  115       -1377.639   -1190.717           0.000       0.000             115               0
   26         244.161    -784.465           0.000       0.000              26               0
  138        1486.703     289.244           0.000       0.000             138               0
   77        -791.520     361.332           0.000       0.000              77               0
   26         364.682    -446.170           0.000       0.000              26               0
   31         197.319     964.751           0.000       0.000              31               0
    1       -1462.208    1501.674           0.000       0.000               1               0
   42        1740.237     157.769           0.000       0.000              42               0
   21        1187.370    -455.548           0.000       0.000              21               0
  186          76.975    2142.828           0.000       0.000             186               0
  140        1213.558     422.860           0.000       0.000             140               0
  156       -4686.176     318.513           0.000       0.000             156               0
   38       -1497.280    -186.626           0.000       0.000              38               0
  226       -1688.724    -748.664           0.000       0.000             226               0
  115       -1722.925    2977.485           0.000       0.000             115               0
  252        -781.232    1750.429           0.000       0.000             252               0
   98         168.247    -566.426           0.000       0.000              98               0
   73       -1666.804    1375.112           0.000       0.000              73               0
   54         283.496   -1061.989           0.000       0.000              54               0
  131         401.565     494.426           0.000       0.000             131               0
  186        -911.250    -427.912           0.000       0.000             186               0
   76        -307.659    -455.543           0.000       0.000              76               0
   38       -1707.142   -1894.253           0.000       0.000              38               0
   97       -1538.387      27.942           0.000       0.000              97               0
  247        1005.268   -1091.034           0.000       0.000             247               0
   20       -1132.582     661.394           0.000       0.000              20               0
  152       -1223.822     221.874           0.000       0.000             152               0
   80           8.333    1082.933           0.000       0.000              80               0
   48        -321.740   -1661.155           0.000       0.000              48               0
   44       -2092.889   -1007.297           0.000       0.000              44               0
  216        -729.852     851.993           0.000       0.000             216               0
  163         415.952      35.566           0.000       0.000             163               0
   71        1630.835     -87.204           0.000       0.000              71               0
   98        1820.570    1784.672           0.000       0.000              98               0
  240         -36.656     843.778           0.000       0.000             240               0
   97        -409.905    -692.779           0.000       0.000              97               0
  129        -791.432     -87.160           0.000       0.000             129               0
  241          76.942     136.166           0.000       0.000             241               0
  140       -4264.690     -83.053           0.000       0.000             140               0
  150        2264.074   -1470.715           0.000       0.000             150               0
  172         964.015    1060.448           0.000       0.000             172               0
   24       -1043.202     -86.538           0.000       0.000              24               0
   51         681.479    -243.821           0.000       0.000              51               0
  211        -964.767   -2109.008           0.000       0.000             211               0
  251       -1387.766     559.018           0.000       0.000             251               0
  166        -241.632   -1267.156           0.000       0.000             166               0
  207         865.825    2404.011           0.000       0.000             207               0
   94        1474.437     256.912           0.000       0.000              94               0
  240         975.379   -2399.497           0.000       0.000             240               0
    6        2141.227     214.874           0.000       0.000               6               0
  225          62.770    -246.067           0.000       0.000             225               0
  171        -621.740    2514.947           0.000       0.000             171               0
   83        2517.581   -1758.510           0.000       0.000              83               0
    8        2181.805     292.416           0.000       0.000               8               0
   12         798.618   -1543.678           0.000       0.000              12               0
   74       -2109.362    -566.551           0.000       0.000              74               0
   28         593.413    1430.711           0.000       0.000              28               0
  164        1337.692   -1945.839           0.000       0.000             164               0
  155         500.709    -809.870           0.000       0.000             155               0
   76         568.041     138.415           0.000       0.000              76               0
  209       -1938.653   -1478.436           0.000       0.000             209               0
  115        -484.649   -1120.208           0.000       0.000             115               0
  240          84.805    1406.778           0.000       0.000             240               0
   25       -1875.122    1514.031           0.000       0.000              25               0
  213        -376.654    2856.083           0.000       0.000             213               0
  224         767.948    1001.635           0.000       0.000             224               0
  123         440.716   -1118.991           0.000       0.000             123               0
   87       -2360.261    -399.917           0.000       0.000              87               0
  210         835.160   -1609.818           0.000       0.000             210               0
    7        -540.947     377.752           0.000       0.000               7               0
  238       -1374.325     950.184           0.000       0.000             238               0
  127       -1958.540    1606.211           0.000       0.000             127               0
   32         793.952    1399.592           0.000       0.000              32               0
   34         269.805   -2092.945           0.000       0.000              34               0
   83       -1827.634    -287.956           0.000       0.000              83               0
   27        -968.669     516.631           0.000       0.000              27               0
  201        1384.037    -178.438           0.000       0.000             201               0
   35        1082.189    -837.121           0.000       0.000              35               0
  121         525.577   -1447.082           0.000       0.000             121               0
  185         604.736      73.859           0.000       0.000             185               0
   41       -2233.074    1250.978           0.000       0.000              41               0
   91       -1621.612    1493.761           0.000       0.000              91               0
  100        -373.281    -317.072           0.000       0.000             100               0
  124         832.380    -837.857           0.000       0.000             124               0
   99        -390.978    -110.170           0.000       0.000              99               0
  112       -1705.557     708.224           0.000       0.000             112               0
  199        1150.771     665.537           0.000       0.000             199               0
  128        1891.969     -98.424           0.000       0.000             128               0
   21        2849.202    -232.857           0.000       0.000              21               0
   98         596.601     907.602           0.000       0.000              98               0
  205         575.757     347.362           0.000       0.000             205               0
  231        -298.775     919.054           0.000       0.000             231               0
  213       -1676.204   -1194.319           0.000       0.000             213               0
  190        -302.832   -1591.266           0.000       0.000             190               0
    0        -566.084      56.393           0.000       0.000               0               0
  171       -1051.794    -459.978           0.000       0.000             171               0
  158        -453.880     144.836           0.000       0.000             158               0
  124       -1110.993     425.638           0.000       0.000             124               0
    3        1094.668    -975.640           0.000       0.000               3               0
  113         -48.340     915.077           0.000       0.000             113               0
  131       -1492.719    -456.974           0.000       0.000             131               0
  242        -121.156    -988.039           0.000       0.000             242               0
  241        1556.857      77.490           0.000       0.000             241               0
  163        1648.132    1234.318           0.000       0.000             163               0
   21         164.025   -1166.361           0.000       0.000              21               0
   68       -1253.843    1764.323           0.000       0.000              68               0
  191         205.158     -53.126           0.000       0.000             191               0
  222         806.149    -180.597           0.000       0.000             222               0
  103        -218.318     734.225           0.000       0.000             103               0
   57         623.587    2900.166           0.000       0.000              57               0
