SINAL     NFT                         FFT                         NFT INVERSA     FFT INVERSA
-----     -----------------------     -----------------------     -----------     -----------
  199       62896.000       0.000           0.000       0.000             199               0
  246          41.602    1026.221           0.000       0.000             246               0
  106        -591.892    -182.360           0.000       0.000             106               0
  157        -545.606      62.407           0.000       0.000             157               0
  157        -179.194    -191.000           0.000       0.000             157               0
  127          98.504   -2269.426           0.000       0.000             127               0
   86         271.304      75.706           0.000       0.000              86               0
  226         642.863    -222.486           0.000       0.000             226               0
  234        2330.533   -1957.724           0.000       0.000             234               0
   61          95.945   -1452.506           0.000       0.000              61               0
  254        2021.408    -281.825           0.000       0.000             254               0
   66         560.989   -2476.885           0.000       0.000              66               0
  237        1190.486     241.008           0.000       0.000             237               0
  133       -1254.203    -703.405           0.000       0.000             133               0
  238        2226.873   -1093.127           0.000       0.000             238               0
  240        -118.517    -464.429           0.000       0.000             240               0
  120         391.591     168.734           0.000       0.000             120               0
   59       -2419.308   -2095.451           0.000       0.000              59               0
   78        -293.306     546.584           0.000       0.000              78               0
  254        -175.548    2862.657           0.000       0.000             254               0
   99        -159.311    -355.475           0.000       0.000              99               0
   30         633.244   -2434.263           0.000       0.000              30               0
  130       -1356.561    -725.445           0.000       0.000             130               0
  247         478.938    -946.079           0.000       0.000             247               0
   74        -486.276     837.135           0.000       0.000              74               0
   72        -220.843    -111.311           0.000       0.000              72               0
    6         639.618    2182.460           0.000       0.000               6               0
   46        -288.840     501.193           0.000       0.000              46               0
  143         109.515     767.389           0.000       0.000             143               0
   18        1663.085   -1229.805           0.000       0.000              18               0
   85        1300.439     849.625           0.000       0.000              85               0
   86       -1063.918    -547.251           0.000       0.000              86               0
    8        3265.876    -898.822           0.000       0.000               8               0
  191       -1797.388    -611.759           0.000       0.000             191               0
  244         528.436     534.952           0.000       0.000             244               0
  166        -159.636    -434.721           0.000       0.000             166               0
   63        1084.389    3407.755           0.000       0.000              63               0
   74       -1454.625    -764.069           0.000       0.000              74               0
  136        -732.659   -1034.048           0.000       0.000             136               0
   41         441.206     526.791           0.000       0.000              41               0
  135        1201.757    1935.474           0.000       0.000             135               0
  134        -897.211     768.378           0.000       0.000             134               0
  108        -815.505    -215.091           0.000       0.000             108               0
  117        2892.301    1236.839           0.000       0.000             117               0
   12        -148.508     829.478           0.000       0.000              12               0
   90       -1780.995    -341.324           0.000       0.000              90               0
  102         488.069   -1261.468           0.000       0.000             102               0
  133        -470.225    -811.026           0.000       0.000             133               0
  150         693.079     138.251           0.000       0.000             150               0
  180        -221.897     759.358           0.000       0.000             180               0
  131         450.064   -1315.378           0.000       0.000             131               0
  249         606.352      78.270           0.000       0.000             249               0
  211       -1530.966     551.696           0.000       0.000             211               0
    6        1429.607    1036.024           0.000       0.000               6               0
  241       -1065.585   -1639.425           0.000       0.000             241               0
   29        -588.885     235.788           0.000       0.000              29               0
   79       -2732.012     764.518           0.000       0.000              79               0
  247       -1664.704     -59.732           0.000       0.000             247               0
   75        -109.494      -5.921           0.000       0.000              75               0
  223        -114.990    1293.755           0.000       0.000             223               0
    9       -1132.139     661.328           0.000       0.000               9               0
  160        -246.916   -1216.940           0.000       0.000             160               0
   53         183.806   -1285.284           0.000       0.000              53               0
   18        1644.935      53.980           0.000       0.000              18               0
   96        -953.243     506.100           0.000       0.000              96               0
   41         468.448   -3314.345           0.000       0.000              41               0
  185       -1789.099     167.861           0.000       0.000             185               0
  160        -130.695     452.148           0.000       0.000             160               0
  115        1183.420    -101.320           0.000       0.000             115               0
   65        -213.576    -809.395           0.000       0.000              65               0
  201        -438.464     207.015           0.000       0.000             201               0
  251        1455.496    -245.102           0.000       0.000             251               0
  200        -217.967       3.150           0.000       0.000             200               0
   53         334.227    -901.743           0.000       0.000              53               0
  113        1062.805     473.029           0.000       0.000             113               0
  213        -113.863   -1954.299           0.000       0.000             213               0
  143         711.074   -1828.532           0.000       0.000             143               0
  215         526.629    -207.903           0.000       0.000             215               0
   90         151.281    -717.352           0.000       0.000              90               0
   38        1453.109     194.474           0.000       0.000              38               0
  139          83.014   -1094.814           0.000       0.000             139               0
  222       -1126.943   -1384.175           0.000       0.000             222               0
   31           2.363    -787.174           0.000       0.000              31               0
   94        -906.764    -580.282           0.000       0.000              94               0
  229         956.005    -476.304           0.000       0.000             229               0
   16        -990.006     247.388           0.000       0.000              16               0
  123        1561.498    1231.105           0.000       0.000             123               0
   52         879.677     158.168           0.000       0.000              52               0
    8         -47.189    -612.791           0.000       0.000               8               0
  199         -38.824    -892.044           0.000       0.000             199               0
   19        -668.199    -338.687           0.000       0.000              19               0
   17        1107.244     -84.351           0.000       0.000              17               0
  104        -638.109   -2305.679           0.000       0.000             104               0
   73         126.387     619.622           0.000       0.000              73               0
   36         463.704   -2023.253           0.000       0.000              36               0
  200        -635.841     713.991           0.000       0.000             200               0
  115        -309.089    -151.849           0.000       0.000             115               0
  221       -1101.677   -2021.663           0.000       0.000             221               0
  104       -2298.859    -155.613           0.000       0.000             104               0
  231        1222.723     304.949           0.000       0.000             231               0
   31        1442.782     493.131           0.000       0.000              31               0
   50          75.711    1000.357           0.000       0.000              50               0
  227         787.368      84.445           0.000       0.000             227               0
  231        -467.319    -779.894           0.000       0.000             231               0
  104        -704.513     587.556           0.000       0.000             104               0
   84         703.309    2471.002           0.000       0.000              84               0
  188         706.975     258.175           0.000       0.000             188               0
  248        -750.469    -643.747           0.000       0.000             248               0
   44         894.337     918.303           0.000       0.000              44               0
   22        1226.585   -2135.752           0.000       0.000              22               0
   30        2866.663    -704.094           0.000       0.000              30               0
  183         669.728   -1292.626           0.000       0.000             183               0
  245        -831.197   -1189.332           0.000       0.000             245               0
   61       -1421.235    1686.217           0.000       0.000              61               0
   22        1232.725    -397.303           0.000       0.000              22               0
  218         984.405    -597.859           0.000       0.000             218               0
   78        1973.819    -933.837           0.000       0.000              78               0
  146        -895.655    -901.181           0.000       0.000             146               0
   14       -1308.300     989.587           0.000       0.000              14               0
   86        -322.375    1528.911           0.000       0.000              86               0
   90        -358.405    1376.243           0.000       0.000              90               0
   34         680.677   -1195.472           0.000       0.000              34               0
  104       -3027.084    1524.147           0.000       0.000             104               0
  194        -638.956   -1278.052           0.000       0.000             194               0
  108         543.768    -544.464           0.000       0.000             108               0
  140        -406.447   -1411.150           0.000       0.000             140               0
  139        -569.767    -237.253           0.000       0.000             139               0
  223         491.992     291.693           0.000       0.000             223               0
  105       -1063.934     345.948           0.000       0.000             105               0
  243        2453.442    1374.913           0.000       0.000             243               0
  199        1253.360      42.468           0.000       0.000             199               0
  136        -481.265     648.314           0.000       0.000             136               0
   38         997.935    2043.792           0.000       0.000              38               0
  170         238.663    1402.401           0.000       0.000             170               0
  112        1057.644    -792.241           0.000       0.000             112               0
  142         111.977    -391.877           0.000       0.000             142               0
  254         458.301   -2649.720           0.000       0.000             254               0
   44         192.224     958.901           0.000       0.000              44               0
  134        1575.528    -886.914           0.000       0.000             134               0
   42        1503.959    -229.391           0.000       0.000              42               0
   67       -1182.905   -2311.022           0.000       0.000              67               0
  165        1370.573   -1573.433           0.000       0.000             165               0
  226        1080.831     411.805           0.000       0.000             226               0
   56         226.878    -683.498           0.000       0.000              56               0
  227       -1177.885     686.327           0.000       0.000             227               0
  249         656.123    2264.309           0.000       0.000             249               0
   18       -1072.953   -3235.932           0.000       0.000              18               0
   49        -638.395    -242.338           0.000       0.000              49               0
  140        -349.179     537.793           0.000       0.000             140               0
   33         214.347      -3.317           0.000       0.000              33               0
  136         710.328     480.804           0.000       0.000             136               0
  230        1211.674    -465.886           0.000       0.000             230               0
   68        -129.876     690.652           0.000       0.000              68               0
  240        -546.270   -1307.468           0.000       0.000             240               0
  169        -606.889   -1360.300           0.000       0.000             169               0
  177         398.480    1089.472           0.000       0.000             177               0
  124       -1710.748   -3573.850           0.000       0.000             124               0
   52        -632.998     194.339           0.000       0.000              52               0
  145        1117.798     526.970           0.000       0.000             145               0
  230         641.940    -219.897           0.000       0.000             230               0
   40        1270.320    -184.949           0.000       0.000              40               0
   88         164.680   -1108.838           0.000       0.000              88               0
  110         181.131   -1152.521           0.000       0.000             110               0
   78        -347.527   -1288.667           0.000       0.000              78               0
    2        2038.828     341.856           0.000       0.000               2               0
  222       -1346.890     901.880           0.000       0.000             222               0
  221        2115.093   -1059.120           0.000       0.000             221               0
    1         318.432    -963.594           0.000       0.000               1               0
   11       -1138.703    -542.670           0.000       0.000              11               0
   99       -2118.480   -1514.520           0.000       0.000              99               0
   44        2542.203     401.873           0.000       0.000              44               0
   79         665.156   -3419.204           0.000       0.000              79               0
    8        -889.740    -721.116           0.000       0.000               8               0
   15        2663.886     930.804           0.000       0.000              15               0
  136       -2040.036   -2267.833           0.000       0.000             136               0
  235        -664.857    -220.298           0.000       0.000             235               0
    8       -1093.489    1799.121           0.000       0.000               8               0
  155         742.524     997.407           0.000       0.000             155               0
   29        1618.921    -670.300           0.000       0.000              29               0
  149        1025.902     918.427           0.000       0.000             149               0
  189        -543.505      31.913           0.000       0.000             189               0
  165        1138.345    -876.575           0.000       0.000             165               0
  123       -1209.079     903.245           0.000       0.000             123               0
    1         985.020     -15.748           0.000       0.000               1               0
  150         818.738    -421.293           0.000       0.000             150               0
   36         784.293   -1730.868           0.000       0.000              36               0
  179         888.163    -338.341           0.000       0.000             179               0
   19        -226.770    3198.655           0.000       0.000              19               0
   89         654.092    1200.231           0.000       0.000              89               0
   68        -820.184    1052.083           0.000       0.000              68               0
  249         379.246     811.517           0.000       0.000             249               0
  129         -33.079     668.803           0.000       0.000             129               0
  156       -2146.577   -2178.184           0.000       0.000             156               0
  104        -620.251   -1762.805           0.000       0.000             104               0
  207        -835.024    -943.256           0.000       0.000             207               0
  159         962.042     347.509           0.000       0.000             159               0
   71        1041.086    2143.126           0.000       0.000              71               0
  172         688.899    2023.049           0.000       0.000             172               0
  160        -920.517    1182.614           0.000       0.000             160               0
   83       -1067.987    1283.328           0.000       0.000              83               0
   16        1812.415    2418.527           0.000       0.000              16               0
  205         377.483    -239.825           0.000       0.000             205               0
  162       -1128.768   -1574.709           0.000       0.000             162               0
   25        -126.665   -1956.878           0.000       0.000              25               0
  220         -88.292    -399.245           0.000       0.000             220               0
   43         292.098    1478.498           0.000       0.000              43               0
    5         344.235    -159.115           0.000       0.000               5               0
  229        1107.765      91.424           0.000       0.000             229               0
  198         209.238   -1505.084           0.000       0.000             198               0
   35        1792.980   -1986.640           0.000       0.000              35               0
  122         683.973    1291.727           0.000       0.000             122               0
  131         446.188   -1411.694           0.000       0.000             131               0
  201        -882.533    -521.220           0.000       0.000             201               0
  246         684.438    -599.261           0.000       0.000             246               0
  133        1477.389    1609.195           0.000       0.000             133               0
   95        1374.865     319.414           0.000       0.000              95               0
   27         979.506    1734.343           0.000       0.000              27               0
   56        1632.943    1374.689           0.000       0.000              56               0
  114        -385.212     845.787           0.000       0.000             114               0
  116        -162.346    -963.543           0.000       0.000             116               0
  124        -851.181   -2184.573           0.000       0.000             124               0
  108        -326.766   -1873.281           0.000       0.000             108               0
  245        -554.761      59.203           0.000       0.000             245               0
   25        -861.386    -814.106           0.000       0.000              25               0
  213         472.858    -231.898           0.000       0.000             213               0
  197       -1336.386    1971.403           0.000       0.000             197               0
  184        1515.152    -955.724           0.000       0.000             184               0
   28        1388.311   -1667.254           0.000       0.000              28               0
  114        -381.929     459.236           0.000       0.000             114               0
   88         129.094   -1434.054           0.000       0.000              88               0
  111       -2622.582    3008.273           0.000       0.000             111               0
  130        -705.015      99.209           0.000       0.000             130               0
   38       -2110.368     389.041           0.000       0.000              38               0
   18       -1634.170   -1563.563           0.000       0.000              18               0
  156        2920.178     -28.936           0.000       0.000             156               0
    2         -43.331     941.551           0.000       0.000               2               0
   62       -1668.247    2847.108           0.000       0.000              62               0
  162        -674.493    1510.412           0.000       0.000             162               0
  231       -1747.193      72.219           0.000       0.000             231               0
    4       -1647.661    -751.676           0.000       0.000               4               0
  197        -114.509    1179.267           0.000       0.000             197               0
   98       -1791.023      -3.771           0.000       0.000              98               0
  136        2201.258     113.643           0.000       0.000             136               0
  142        -482.090      78.952           0.000       0.000             142               0
   88        -446.235     387.580           0.000       0.000              88               0
   14         877.012     884.990           0.000       0.000              14               0
  237        -172.180    -915.353           0.000       0.000             237               0
  116       -1388.746    2535.621           0.000       0.000             116               0
   70        -620.593    -809.098           0.000       0.000              70               0
   96        1597.831    -706.397           0.000       0.000              96               0
  233          17.510     447.840           0.000       0.000             233               0
  195        -952.982     575.211           0.000       0.000             195               0
  205        -279.474    -435.283           0.000       0.000             205               0
  223        -347.800    1049.120           0.000       0.000             223               0
  220        1558.010    -473.880           0.000       0.000             220               0
  162       -2546.321   -2928.828           0.000       0.000             162               0
  164        3360.000       0.801           0.000       0.000             164               0
  149       -2547.436    2927.992           0.000       0.000             149               0
  191        1557.932     473.950           0.000       0.000             191               0
   23        -347.623   -1049.486           0.000       0.000              23               0
  238        -279.717     435.030           0.000       0.000             238               0
   47        -952.746    -575.723           0.000       0.000              47               0
  153          17.848    -447.872           0.000       0.000             153               0
   20        1597.494     706.840           0.000       0.000              20               0
   65        -621.163     808.474           0.000       0.000              65               0
   54       -1387.911   -2536.266           0.000       0.000              54               0
   22        -172.313     915.277           0.000       0.000              22               0
  128         877.297    -884.865           0.000       0.000             128               0
  216        -446.213    -387.767           0.000       0.000             216               0
  254        -481.977     -79.170           0.000       0.000             254               0
  132        2201.053    -113.008           0.000       0.000             132               0
  157       -1791.403       2.993           0.000       0.000             157               0
   96        -114.319   -1179.366           0.000       0.000              96               0
   13       -1648.113     751.042           0.000       0.000              13               0
   43       -1747.094     -73.162           0.000       0.000              43               0
  185        -673.836   -1510.974           0.000       0.000             185               0
   27       -1667.004   -2847.583           0.000       0.000              27               0
   25         -42.531    -941.141           0.000       0.000              25               0
   46        2920.080      30.322           0.000       0.000              46               0
   98       -1635.116    1563.101           0.000       0.000              98               0
  122       -2110.215    -389.878           0.000       0.000             122               0
   23        -704.845     -99.597           0.000       0.000              23               0
   38       -2621.197   -3008.898           0.000       0.000              38               0
   71         129.185    1434.515           0.000       0.000              71               0
  246        -381.265    -459.121           0.000       0.000             246               0
    3        1388.150    1667.879           0.000       0.000               3               0
  234        1514.792     955.997           0.000       0.000             234               0
  155       -1335.734   -1971.861           0.000       0.000             155               0
  152         472.894     232.367           0.000       0.000             152               0
  169        -861.583     813.981           0.000       0.000             169               0
  178        -554.524     -59.183           0.000       0.000             178               0
  134        -327.157    1873.332           0.000       0.000             134               0
  216        -851.580    2184.037           0.000       0.000             216               0
   76        -162.231     962.917           0.000       0.000              76               0
  154        -384.366    -846.458           0.000       0.000             154               0
   26        1633.895   -1374.444           0.000       0.000              26               0
  130         980.372   -1734.014           0.000       0.000             130               0
  177        1375.169    -318.857           0.000       0.000             177               0
  154        1477.929   -1608.449           0.000       0.000             154               0
   91         684.086     599.852           0.000       0.000              91               0
  175        -882.665     521.135           0.000       0.000             175               0
   31         445.962    1411.816           0.000       0.000              31               0
  248         684.632   -1291.392           0.000       0.000             248               0
   16        1792.342    1987.423           0.000       0.000              16               0
   45         208.664    1504.910           0.000       0.000              45               0
   36        1107.722     -91.362           0.000       0.000              36               0
  202         344.020     158.966           0.000       0.000             202               0
   73         292.440   -1478.434           0.000       0.000              73               0
   62         -88.562     399.433           0.000       0.000              62               0
  248        -127.432    1956.788           0.000       0.000             248               0
  171       -1129.212    1573.855           0.000       0.000             171               0
  184         377.648     239.211           0.000       0.000             184               0
   15        1813.121   -2418.424           0.000       0.000              15               0
  210       -1067.761   -1283.847           0.000       0.000             210               0
    0        -919.960   -1183.057           0.000       0.000              -0               0
    6         689.797   -2022.807           0.000       0.000               6               0
  213        1041.813   -2142.400           0.000       0.000             213               0
  235         961.906    -346.600           0.000       0.000             235               0
  161        -835.609     943.445           0.000       0.000             161               0
  109        -620.990    1762.775           0.000       0.000             109               0
  148       -2147.167    2177.160           0.000       0.000             148               0
   83         -32.496    -669.279           0.000       0.000              83               0
  244         379.697    -811.655           0.000       0.000             244               0
  109        -819.598   -1052.519           0.000       0.000             109               0
  159         654.765   -1200.113           0.000       0.000             159               0
  142        -225.447   -3198.374           0.000       0.000             142               0
  136         888.315     339.314           0.000       0.000             136               0
   34         783.851    1731.403           0.000       0.000              34               0
   63         818.653     421.548           0.000       0.000              63               0
   34         984.896      16.037           0.000       0.000              34               0
  125       -1208.739    -903.521           0.000       0.000             125               0
  239        1138.177     877.083           0.000       0.000             239               0
   66        -543.381     -32.145           0.000       0.000              66               0
  117        1026.414    -917.983           0.000       0.000             117               0
  255        1618.627     670.913           0.000       0.000             255               0
  112         742.521    -997.159           0.000       0.000             112               0
  154       -1093.125   -1799.104           0.000       0.000             154               0
  202        -664.961     220.714           0.000       0.000             202               0
  185       -2040.419    2267.415           0.000       0.000             185               0
  216        2664.452    -929.707           0.000       0.000             216               0
  194        -889.968     721.350           0.000       0.000             194               0
  101         664.252    3419.519           0.000       0.000             101               0
  145        2542.102    -401.110           0.000       0.000             145               0
  210       -2119.268    1513.857           0.000       0.000             210               0
   55       -1138.614     542.233           0.000       0.000              55               0
  146         318.516     963.645           0.000       0.000             146               0
  216        2114.783    1059.600           0.000       0.000             216               0
   13       -1346.519    -902.463           0.000       0.000              13               0
  125        2039.041    -340.974           0.000       0.000             125               0
  122        -348.048    1288.733           0.000       0.000             122               0
  122         180.814    1152.565           0.000       0.000             122               0
   18         164.439    1108.730           0.000       0.000              18               0
  205        1270.299     185.184           0.000       0.000             205               0
  111         641.758     219.977           0.000       0.000             111               0
  127        1117.695    -526.592           0.000       0.000             127               0
  109        -633.286    -194.241           0.000       0.000             109               0
  253       -1711.948    3573.198           0.000       0.000             253               0
    8         398.950   -1089.595           0.000       0.000               8               0
  143        -607.314    1360.068           0.000       0.000             143               0
   61        -546.534    1306.952           0.000       0.000              61               0
   43        -129.356    -690.984           0.000       0.000              43               0
   12        1211.688     466.113           0.000       0.000              12               0
   45         710.433    -480.728           0.000       0.000              45               0
  109         214.216       3.314           0.000       0.000             109               0
  130        -349.104    -537.876           0.000       0.000             130               0
   45        -638.486     242.333           0.000       0.000              45               0
  221       -1073.835    3235.273           0.000       0.000             221               0
   28         657.059   -2264.492           0.000       0.000              28               0
  247       -1177.436    -686.573           0.000       0.000             247               0
  151         227.072     683.695           0.000       0.000             151               0
  245        1081.271    -411.263           0.000       0.000             245               0
  185        1370.064    1574.108           0.000       0.000             185               0
  252       -1183.510    2310.446           0.000       0.000             252               0
  134        1504.204     229.576           0.000       0.000             134               0
  139        1575.225     887.146           0.000       0.000             139               0
   51         192.469    -958.918           0.000       0.000              51               0
   25         457.415    2649.702           0.000       0.000              25               0
  100         111.912     391.399           0.000       0.000             100               0
   64        1057.409     791.980           0.000       0.000              64               0
  150         239.118   -1402.922           0.000       0.000             150               0
  222         998.557   -2043.658           0.000       0.000             222               0
  187        -481.022    -648.451           0.000       0.000             187               0
  169        1253.502     -42.135           0.000       0.000             169               0
  172        2453.583   -1374.105           0.000       0.000             172               0
   42       -1064.199    -346.155           0.000       0.000              42               0
   40         491.887    -291.352           0.000       0.000              40               0
   25        -570.067     237.283           0.000       0.000              25               0
   40        -406.999    1411.060           0.000       0.000              40               0
   49         543.400     544.521           0.000       0.000              49               0
  169        -639.729    1277.511           0.000       0.000             169               0
  102       -3026.474   -1525.381           0.000       0.000             102               0
   92         680.578    1195.504           0.000       0.000              92               0
  181        -357.871   -1376.669           0.000       0.000             181               0
  147        -321.792   -1528.983           0.000       0.000             147               0
  201       -1307.752    -989.700           0.000       0.000             201               0
   56        -895.403     901.185           0.000       0.000              56               0
  192        1973.933     934.560           0.000       0.000             192               0
  167         984.290     598.117           0.000       0.000             167               0
   85        1232.452     397.537           0.000       0.000              85               0
  183       -1420.718   -1686.590           0.000       0.000             183               0
   62        -831.211    1189.342           0.000       0.000              62               0
   74         669.837    1292.863           0.000       0.000              74               0
  113        2866.620     704.990           0.000       0.000             113               0
   59        1225.690    2135.825           0.000       0.000              59               0
  209         894.372    -918.395           0.000       0.000             209               0
  253        -750.809     643.216           0.000       0.000             253               0
  111         707.065    -258.389           0.000       0.000             111               0
  234         703.957   -2470.899           0.000       0.000             234               0
   98        -704.451    -587.555           0.000       0.000              98               0
  176        -467.478     779.814           0.000       0.000             176               0
  129         787.479     -84.297           0.000       0.000             129               0
   64          76.088   -1000.329           0.000       0.000              64               0
  107        1442.881    -492.477           0.000       0.000             107               0
   42        1222.349    -304.285           0.000       0.000              42               0
  237       -2299.250     155.192           0.000       0.000             237               0
  150       -1102.253    2021.399           0.000       0.000             150               0
   83        -308.994     151.622           0.000       0.000              83               0
    7        -635.404    -714.042           0.000       0.000               7               0
  191         463.208    2023.488           0.000       0.000             191               0
  132         126.647    -619.533           0.000       0.000             132               0
  176        -638.714    2305.461           0.000       0.000             176               0
   37        1107.311      84.505           0.000       0.000              37               0
  224        -668.286     338.391           0.000       0.000             224               0
  102         -38.947     891.908           0.000       0.000             102               0
  185         -47.162     612.518           0.000       0.000             185               0
  170         879.937    -158.159           0.000       0.000             170               0
  158        1561.810   -1230.639           0.000       0.000             158               0
  122        -990.002    -247.538           0.000       0.000             122               0
   81         955.820     476.801           0.000       0.000              81               0
  243        -907.013     580.105           0.000       0.000             243               0
   49           2.154     787.281           0.000       0.000              49               0
  144       -1127.220    1383.786           0.000       0.000             144               0
   62          83.033    1094.645           0.000       0.000              62               0
  163        1453.364    -194.114           0.000       0.000             163               0
  203         151.093     717.381           0.000       0.000             203               0
   16         526.658     208.124           0.000       0.000              16               0
  160         710.477    1828.764           0.000       0.000             160               0
   58        -114.458    1953.885           0.000       0.000              58               0
  250        1063.001    -473.034           0.000       0.000             250               0
    2         333.840     901.609           0.000       0.000               2               0
  235        -217.927      -3.507           0.000       0.000             235               0
  124        1455.341     245.363           0.000       0.000             124               0
   67        -438.566    -207.305           0.000       0.000              67               0
   86        -213.817     809.165           0.000       0.000              86               0
  167        1183.284     101.472           0.000       0.000             167               0
   48        -130.850    -452.296           0.000       0.000              48               0
  237       -1789.060    -168.295           0.000       0.000             237               0
  250         467.450    3314.307           0.000       0.000             250               0
   55        -952.917    -506.896           0.000       0.000              55               0
  173        1645.024     -53.592           0.000       0.000             173               0
  126         183.154    1285.128           0.000       0.000             126               0
  232        -247.550    1216.334           0.000       0.000             232               0
  210       -1132.004    -662.277           0.000       0.000             210               0
   95        -114.572   -1294.059           0.000       0.000              95               0
   78        -109.686       5.755           0.000       0.000              78               0
  140       -1664.905      58.947           0.000       0.000             140               0
    9       -2731.524    -765.591           0.000       0.000               9               0
  237        -588.353    -235.970           0.000       0.000             237               0
    6       -1065.622    1638.835           0.000       0.000               6               0
   91        1430.266   -1035.890           0.000       0.000              91               0
  225       -1530.516    -552.290           0.000       0.000             225               0
   56         606.801     -78.051           0.000       0.000              56               0
  236         449.851    1315.342           0.000       0.000             236               0
   31        -221.407    -759.681           0.000       0.000              31               0
  219         693.306    -138.053           0.000       0.000             219               0
  184        -470.342     810.798           0.000       0.000             184               0
   47         487.758    1261.315           0.000       0.000              47               0
  123       -1780.838     340.204           0.000       0.000             123               0
  243        -147.590    -829.998           0.000       0.000             243               0
   42        2892.928   -1236.095           0.000       0.000              42               0
  126        -815.646     214.603           0.000       0.000             126               0
  222        -896.635    -769.011           0.000       0.000             222               0
  167        1202.699   -1935.144           0.000       0.000             167               0
  193         441.412    -526.456           0.000       0.000             193               0
   53        -732.941    1033.803           0.000       0.000              53               0
   78       -1454.476     763.149           0.000       0.000              78               0
  242        1085.960   -3407.496           0.000       0.000             242               0
   35        -159.499     434.913           0.000       0.000              35               0
   72         528.861    -534.639           0.000       0.000              72               0
   42       -1797.033     611.304           0.000       0.000              42               0
  208        3265.994     899.868           0.000       0.000             208               0
  199       -1063.898     546.668           0.000       0.000             199               0
   18        1301.144    -849.299           0.000       0.000              18               0
  163        1662.777    1230.189           0.000       0.000             163               0
   39         109.758    -767.664           0.000       0.000              39               0
   97        -288.519    -501.516           0.000       0.000              97               0
   47         640.502   -2182.196           0.000       0.000              47               0
   49        -220.778     111.467           0.000       0.000              49               0
   78        -485.757    -837.035           0.000       0.000              78               0
   53         478.816     946.530           0.000       0.000              53               0
  141       -1356.493     725.161           0.000       0.000             141               0
   47         632.837    2434.313           0.000       0.000              47               0
  109        -159.144     354.868           0.000       0.000             109               0
  121        -174.278   -2862.841           0.000       0.000             121               0
   79        -292.852    -546.249           0.000       0.000              79               0
   73       -2419.392    2094.809           0.000       0.000              73               0
   50         392.527    -168.639           0.000       0.000              50               0
  127        -117.806     464.499           0.000       0.000             127               0
  196        2227.134    1093.898           0.000       0.000             196               0
   37       -1253.799     702.902           0.000       0.000              37               0
  170        1191.444    -240.507           0.000       0.000             170               0
   67         561.000    2477.062           0.000       0.000              67               0
    4        2022.048     282.330           0.000       0.000               4               0
   82          96.226    1452.440           0.000       0.000              82               0
    4        2330.643    1958.136           0.000       0.000               4               0
   57         643.419     222.243           0.000       0.000              57               0
  160         272.168     -75.820           0.000       0.000             160               0
  246          98.836    2269.094           0.000       0.000             246               0
   93        -177.803     190.335           0.000       0.000              93               0
  233        -543.488     -63.075           0.000       0.000             233               0
   32        -588.603     181.675           0.000       0.000              32               0
   45          48.685   -1026.566           0.000       0.000              45               0
