SINAL     NFT                         FFT                         NFT INVERSA     FFT INVERSA
-----     -----------------------     -----------------------     -----------     -----------
   51       64642.000       0.000           0.000       0.000              51               0
  189       -1163.716    1776.682           0.000       0.000             189               0
  221        2436.735    -434.388           0.000       0.000             221               0
  162        -165.589    1302.231           0.000       0.000             162               0
   78        1196.984    1173.878           0.000       0.000              78               0
   91         194.773    1413.647           0.000       0.000              91               0
   61        1261.509   -1504.824           0.000       0.000              61               0
  193        1356.207     430.765           0.000       0.000             193               0
  234          68.354     179.406           0.000       0.000             234               0
  114        -854.469    -454.631           0.000       0.000             114               0
  195        -375.257    -294.755           0.000       0.000             195               0
   90         765.419     271.762           0.000       0.000              90               0
  148        2338.647    1078.122           0.000       0.000             148               0
  127        1651.598     503.904           0.000       0.000             127               0
    9        1088.199     574.318           0.000       0.000               9               0
   17        -197.252   -1115.518           0.000       0.000              17               0
  206         235.624     866.845           0.000       0.000             206               0
  142         445.169    2185.723           0.000       0.000             142               0
  217         443.952   -1001.580           0.000       0.000             217               0
   23        1191.837   -1300.433           0.000       0.000              23               0
  229       -2956.896    2678.185           0.000       0.000             229               0
   35         652.383    -483.756           0.000       0.000              35               0
  100        -482.285     424.925           0.000       0.000             100               0
   24        -877.470    2199.328           0.000       0.000              24               0
  190       -2168.987   -1016.541           0.000       0.000             190               0
  129          94.736     236.323           0.000       0.000             129               0
  163        1580.091    -536.158           0.000       0.000             163               0
   55         -55.225    -260.688           0.000       0.000              55               0
   24        -635.905    1579.328           0.000       0.000              24               0
   28         536.892     113.878           0.000       0.000              28               0
  139        1936.691     798.539           0.000       0.000             139               0
   75         664.883   -3160.476           0.000       0.000              75               0
  218       -1704.756     998.682           0.000       0.000             218               0
  105         286.914   -1139.676           0.000       0.000             105               0
  238        -724.250     873.757           0.000       0.000             238               0
   40       -1043.544    2013.093           0.000       0.000              40               0
  197        -823.251    -618.256           0.000       0.000             197               0
   43        -303.920     885.928           0.000       0.000              43               0
  234        -617.083    -680.506           0.000       0.000             234               0
  175        -943.205    -401.724           0.000       0.000             175               0
  158         -26.680     409.158           0.000       0.000             158               0
  173        1594.690    2294.668           0.000       0.000             173               0
   10        -634.993     783.456           0.000       0.000              10               0
   51        -278.667     169.977           0.000       0.000              51               0
   45        -287.871    -304.500           0.000       0.000              45               0
   19        -841.840     844.079           0.000       0.000              19               0
   68        -640.130     855.199           0.000       0.000              68               0
  252       -1120.242    -509.254           0.000       0.000             252               0
  161        -924.348   -1074.452           0.000       0.000             161               0
   30       -1452.354    -768.092           0.000       0.000              30               0
   19        2748.186     505.908           0.000       0.000              19               0
  134       -1368.163    -101.788           0.000       0.000             134               0
   66         623.102     476.277           0.000       0.000              66               0
  119        -148.958   -1123.085           0.000       0.000             119               0
  159         373.259    -669.585           0.000       0.000             159               0
    0        2869.366    -232.766           0.000       0.000               0               0
  249        1282.859    1887.104           0.000       0.000             249               0
   66        -726.145    -743.449           0.000       0.000              66               0
   56        -363.492     552.931           0.000       0.000              56               0
   17       -1351.115    -641.604           0.000       0.000              17               0
   95        -267.697     698.307           0.000       0.000              95               0
  195         603.479   -1423.303           0.000       0.000             195               0
   93         839.321    -867.869           0.000       0.000              93               0
   58        1388.219   -1035.168           0.000       0.000              58               0
   45        1170.092     316.738           0.000       0.000              45               0
   75        1424.871    -815.673           0.000       0.000              75               0
   98        -543.373    -262.170           0.000       0.000              98               0
  242        2996.638   -2805.440           0.000       0.000             242               0
  118        -462.175    -705.915           0.000       0.000             118               0
   77       -1446.665   -1660.689           0.000       0.000              77               0
  161         887.240     326.950           0.000       0.000             161               0
   21        -582.769   -2157.196           0.000       0.000              21               0
  251       -2140.747     561.975           0.000       0.000             251               0
  172         929.012    2915.388           0.000       0.000             172               0
   72         210.838    2027.057           0.000       0.000              72               0
   41       -1953.311     921.776           0.000       0.000              41               0
  191         676.122    1317.378           0.000       0.000             191               0
  141        -751.018     948.154           0.000       0.000             141               0
   37         178.908   -1692.014           0.000       0.000              37               0
   96       -1085.379     169.465           0.000       0.000              96               0
  171        -105.505     718.972           0.000       0.000             171               0
   57       -1235.619    -880.617           0.000       0.000              57               0
  231       -1510.574    -887.327           0.000       0.000             231               0
  237        -241.553    -233.201           0.000       0.000             237               0
  177        1967.139    -206.679           0.000       0.000             177               0
  134          26.022     802.207           0.000       0.000             134               0
  238       -1308.941     175.772           0.000       0.000             238               0
  171       -2335.487   -1479.154           0.000       0.000             171               0
  201        -302.435   -1614.083           0.000       0.000             201               0
   38        -130.218    -547.518           0.000       0.000              38               0
  188         154.792   -1529.471           0.000       0.000             188               0
   41        -677.650     796.154           0.000       0.000              41               0
  234        1817.418   -1424.118           0.000       0.000             234               0
   25        -288.186     858.173           0.000       0.000              25               0
   99       -2432.234    -505.967           0.000       0.000              99               0
   23        -344.645   -1187.949           0.000       0.000              23               0
  100         633.077   -1036.548           0.000       0.000             100               0
  198        -792.541     968.672           0.000       0.000             198               0
    9       -1728.129     269.804           0.000       0.000               9               0
  219         696.483     641.613           0.000       0.000             219               0
   20        2423.306     128.949           0.000       0.000              20               0
  171       -1642.988   -1671.076           0.000       0.000             171               0
  240       -1391.886   -2056.500           0.000       0.000             240               0
   15        -743.163     180.263           0.000       0.000              15               0
   88       -1243.026   -1435.192           0.000       0.000              88               0
   57        -250.417    1939.506           0.000       0.000              57               0
   57         -17.269    1064.453           0.000       0.000              57               0
   23        -680.525   -1497.523           0.000       0.000              23               0
  198        -272.178     -30.521           0.000       0.000             198               0
   95        -763.889   -1981.366           0.000       0.000              95               0
  120          46.244     193.704           0.000       0.000             120               0
  113        -317.592    -452.832           0.000       0.000             113               0
  153         725.183   -1347.253           0.000       0.000             153               0
   95        -931.446    3135.138           0.000       0.000              95               0
   95       -1920.311     227.445           0.000       0.000              95               0
   74        -551.290     577.727           0.000       0.000              74               0
  230       -1325.138     791.969           0.000       0.000             230               0
   77         976.427     114.214           0.000       0.000              77               0
  246        1510.665      74.219           0.000       0.000             246               0
  175         246.913    2235.436           0.000       0.000             175               0
  115         212.894    -293.080           0.000       0.000             115               0
  178       -1286.815     272.283           0.000       0.000             178               0
  216         970.552   -2128.786           0.000       0.000             216               0
   93        1624.069     771.843           0.000       0.000              93               0
  204         -74.699    1107.163           0.000       0.000             204               0
   59       -1753.661      15.980           0.000       0.000              59               0
  117         954.813    1629.543           0.000       0.000             117               0
   49         -64.339    -196.775           0.000       0.000              49               0
    2        1741.830     916.094           0.000       0.000               2               0
  127       -1558.942     244.870           0.000       0.000             127               0
   13       -1591.252     808.033           0.000       0.000              13               0
   22        -955.801   -3527.052           0.000       0.000              22               0
   43         110.761     314.968           0.000       0.000              43               0
  254        -520.622     -80.125           0.000       0.000             254               0
   37       -1119.930     693.606           0.000       0.000              37               0
  131        -245.507   -1625.881           0.000       0.000             131               0
   55       -1172.053    -544.040           0.000       0.000              55               0
   95         731.083    -294.195           0.000       0.000              95               0
  154       -1285.710   -1922.138           0.000       0.000             154               0
  253        -678.665    1549.781           0.000       0.000             253               0
  190         653.643    -641.467           0.000       0.000             190               0
   18        -727.971    1021.041           0.000       0.000              18               0
  110         667.941    -568.068           0.000       0.000             110               0
   87        -621.973   -1178.921           0.000       0.000              87               0
  114         612.353    -180.883           0.000       0.000             114               0
  206       -2094.112    -571.147           0.000       0.000             206               0
  162        -814.200    2213.462           0.000       0.000             162               0
   88         626.889   -1351.431           0.000       0.000              88               0
   27         121.811   -1175.328           0.000       0.000              27               0
  152         115.081     571.566           0.000       0.000             152               0
    7         761.714    1967.028           0.000       0.000               7               0
  143        -458.639      88.024           0.000       0.000             143               0
   74        -180.622    -162.276           0.000       0.000              74               0
  224       -1240.434     620.112           0.000       0.000             224               0
  237         941.039   -1298.250           0.000       0.000             237               0
   23        1353.878    -145.062           0.000       0.000              23               0
   28       -1477.538   -1877.768           0.000       0.000              28               0
   98          45.251   -2146.421           0.000       0.000              98               0
   73        -784.222    -162.111           0.000       0.000              73               0
   30         956.898     920.880           0.000       0.000              30               0
  225         590.228    3247.170           0.000       0.000             225               0
   87        -922.711   -1180.651           0.000       0.000              87               0
   52          -9.073     129.879           0.000       0.000              52               0
   13         427.096   -3652.090           0.000       0.000              13               0
   85        -630.855     110.827           0.000       0.000              85               0
   90        -863.207     346.937           0.000       0.000              90               0
  144         456.777   -1021.117           0.000       0.000             144               0
  140          -2.254   -1769.235           0.000       0.000             140               0
  185        -564.745    1539.196           0.000       0.000             185               0
   43         986.705    -380.914           0.000       0.000              43               0
  138         178.200     546.418           0.000       0.000             138               0
  119       -1013.409     526.678           0.000       0.000             119               0
   61         -47.099     630.486           0.000       0.000              61               0
  249         -12.571    -325.967           0.000       0.000             249               0
  206         511.706    1217.834           0.000       0.000             206               0
  176        -613.868   -1472.857           0.000       0.000             176               0
  199         475.742     357.753           0.000       0.000             199               0
  113         468.450   -1042.287           0.000       0.000             113               0
    8       -1849.205    -960.510           0.000       0.000               8               0
  226        -997.254    -851.836           0.000       0.000             226               0
    9        1756.777    2430.017           0.000       0.000               9               0
   16        -991.379     158.341           0.000       0.000              16               0
  114          55.873    1253.912           0.000       0.000             114               0
   84         799.738    -372.577           0.000       0.000              84               0
  240       -1907.513    1916.361           0.000       0.000             240               0
   95        -460.513     469.058           0.000       0.000              95               0
  107         814.847     815.969           0.000       0.000             107               0
   12       -1917.421   -1606.962           0.000       0.000              12               0
  193       -1837.452     897.914           0.000       0.000             193               0
  181        -455.087    1397.447           0.000       0.000             181               0
   43        -357.819     940.064           0.000       0.000              43               0
  163        -422.238   -1484.547           0.000       0.000             163               0
   12         745.886     220.726           0.000       0.000              12               0
   95       -1171.068   -1218.297           0.000       0.000              95               0
  176        -396.941    -394.439           0.000       0.000             176               0
   98         644.829    -809.733           0.000       0.000              98               0
  185        -348.268     452.195           0.000       0.000             185               0
   65        -333.613     216.860           0.000       0.000              65               0
  238         601.951     802.078           0.000       0.000             238               0
  114        1352.214    -351.473           0.000       0.000             114               0
  108        -300.171     345.595           0.000       0.000             108               0
  121        2237.202   -1084.394           0.000       0.000             121               0
  234        -530.791     -39.446           0.000       0.000             234               0
  170        -480.668   -1011.200           0.000       0.000             170               0
  114         476.073   -1591.085           0.000       0.000             114               0
  185        -490.845    -195.016           0.000       0.000             185               0
   90        2406.996    1292.887           0.000       0.000              90               0
   58        -732.772    -400.332           0.000       0.000              58               0
   42        -128.958    -769.776           0.000       0.000              42               0
   98        -803.491    -206.999           0.000       0.000              98               0
   28          72.571     310.777           0.000       0.000              28               0
   51         418.315   -1052.017           0.000       0.000              51               0
  114        4391.457   -1794.890           0.000       0.000             114               0
  143         983.799   -1140.855           0.000       0.000             143               0
  135         346.531     834.330           0.000       0.000             135               0
   99       -1398.534     434.417           0.000       0.000              99               0
  238       -1007.367     457.457           0.000       0.000             238               0
  243         902.519     675.273           0.000       0.000             243               0
  112       -2369.323   -1024.198           0.000       0.000             112               0
  176        -979.454      28.740           0.000       0.000             176               0
  169        1188.520     183.132           0.000       0.000             169               0
  155       -1560.053     424.960           0.000       0.000             155               0
   83        -812.037     127.472           0.000       0.000              83               0
  181        2121.778    -564.956           0.000       0.000             181               0
  251       -3050.894    -377.861           0.000       0.000             251               0
    4         577.044     373.869           0.000       0.000               4               0
   23        -832.481    2429.776           0.000       0.000              23               0
  181        2320.417     834.785           0.000       0.000             181               0
   69        1198.793   -1883.893           0.000       0.000              69               0
    6         991.520   -1902.818           0.000       0.000               6               0
   40        -519.685     628.322           0.000       0.000              40               0
  178         768.213   -1021.356           0.000       0.000             178               0
  128       -1821.012      90.546           0.000       0.000             128               0
   18        -914.244    -235.672           0.000       0.000              18               0
   92          62.187     161.416           0.000       0.000              92               0
  242       -1862.503   -1450.043           0.000       0.000             242               0
  203        -712.329    -716.215           0.000       0.000             203               0
  182         129.555     921.798           0.000       0.000             182               0
   44        1853.718   -1157.844           0.000       0.000              44               0
  246         125.829    -933.404           0.000       0.000             246               0
   25        1302.126   -1500.420           0.000       0.000              25               0
   73        -652.876    -824.448           0.000       0.000              73               0
   41         699.845    1242.083           0.000       0.000              41               0
  139         182.245     241.360           0.000       0.000             139               0
  216         293.979   -1523.745           0.000       0.000             216               0
  177       -1912.384     534.934           0.000       0.000             177               0
  239        -842.482     148.266           0.000       0.000             239               0
  199        -299.255     112.386           0.000       0.000             199               0
  165        -745.393     915.622           0.000       0.000             165               0
   96       -1141.048     971.876           0.000       0.000              96               0
  119          82.378    2152.196           0.000       0.000             119               0
   78         903.632    -754.976           0.000       0.000              78               0
  251         141.308     605.168           0.000       0.000             251               0
  203         -61.540     544.446           0.000       0.000             203               0
    3        1307.645    1610.659           0.000       0.000               3               0
  247        1958.951    2702.587           0.000       0.000             247               0
  207        1090.000      -0.235           0.000       0.000             207               0
   27        1959.725   -2702.400           0.000       0.000              27               0
  172        1307.807   -1610.208           0.000       0.000             172               0
   21         -61.709    -544.373           0.000       0.000              21               0
   34         141.308    -605.023           0.000       0.000              34               0
  212         903.088     755.158           0.000       0.000             212               0
  200          82.655   -2152.263           0.000       0.000             200               0
  162       -1141.041    -972.050           0.000       0.000             162               0
  231        -745.210    -915.580           0.000       0.000             231               0
   36        -299.340    -112.176           0.000       0.000              36               0
  149        -842.570    -148.295           0.000       0.000             149               0
  179       -1912.050    -535.210           0.000       0.000             179               0
  218         293.767    1524.059           0.000       0.000             218               0
  193         182.492    -241.294           0.000       0.000             193               0
  169         700.298   -1241.538           0.000       0.000             169               0
  243        -653.046     824.695           0.000       0.000             243               0
   11        1301.719    1501.080           0.000       0.000              11               0
  211         125.514     933.494           0.000       0.000             211               0
  127        1853.151    1158.350           0.000       0.000             127               0
  228         129.420    -921.751           0.000       0.000             228               0
  133        -712.951     716.174           0.000       0.000             133               0
  111       -1863.072    1449.375           0.000       0.000             111               0
  171          62.265    -161.512           0.000       0.000             171               0
   42        -914.383     235.353           0.000       0.000              42               0
  207       -1820.728     -91.096           0.000       0.000             207               0
   34         768.182    1021.607           0.000       0.000              34               0
  120        -519.225    -628.418           0.000       0.000             120               0
  203         991.170    1903.219           0.000       0.000             203               0
  237        1198.279    1883.864           0.000       0.000             237               0
  124        2320.416    -834.576           0.000       0.000             124               0
  194        -832.050   -2430.146           0.000       0.000             194               0
  189         576.820    -373.431           0.000       0.000             189               0
  152       -3051.014     376.996           0.000       0.000             152               0
  111        2121.665     565.658           0.000       0.000             111               0
  211        -812.281    -127.819           0.000       0.000             211               0
  186       -1559.844    -425.474           0.000       0.000             186               0
   68        1188.575    -182.649           0.000       0.000              68               0
  155        -979.676     -28.937           0.000       0.000             155               0
   93       -2369.472    1023.374           0.000       0.000              93               0
   43         902.995    -675.069           0.000       0.000              43               0
  191       -1007.130    -457.733           0.000       0.000             191               0
  242       -1397.975    -434.748           0.000       0.000             242               0
  222         347.405    -833.866           0.000       0.000             222               0
  154         984.010    1141.585           0.000       0.000             154               0
  180        4390.874    1796.449           0.000       0.000             180               0
  135         417.498    1051.981           0.000       0.000             135               0
  142          72.358    -310.875           0.000       0.000             142               0
  191        -803.698     206.757           0.000       0.000             191               0
   91        -129.203     769.689           0.000       0.000              91               0
   14        -732.693     399.899           0.000       0.000              14               0
  164        2407.441   -1292.069           0.000       0.000             164               0
  224        -491.114     195.132           0.000       0.000             224               0
  125         475.441    1591.347           0.000       0.000             125               0
   79        -481.079    1010.882           0.000       0.000              79               0
   10        -530.609      39.136           0.000       0.000              10               0
   76        2236.850    1084.955           0.000       0.000              76               0
  114        -300.205    -345.922           0.000       0.000             114               0
  131        1351.965     351.733           0.000       0.000             131               0
   24         601.873    -802.017           0.000       0.000              24               0
   96        -333.851    -216.974           0.000       0.000              96               0
  255        -348.278    -452.212           0.000       0.000             255               0
  219         644.329     810.035           0.000       0.000             219               0
   30        -397.401     394.297           0.000       0.000              30               0
  151       -1171.586    1217.754           0.000       0.000             151               0
   74         745.838    -220.657           0.000       0.000              74               0
  241        -423.008    1484.086           0.000       0.000             241               0
   82        -357.747    -940.633           0.000       0.000              82               0
  142        -454.927   -1397.746           0.000       0.000             142               0
  141       -1837.339    -898.392           0.000       0.000             141               0
  175       -1917.758    1606.238           0.000       0.000             175               0
  185         815.274    -815.995           0.000       0.000             185               0
   77        -460.472    -469.422           0.000       0.000              77               0
  161       -1906.710   -1916.990           0.000       0.000             161               0
  152         799.844     372.906           0.000       0.000             152               0
  232          56.273   -1253.886           0.000       0.000             232               0
   85        -991.187    -158.633           0.000       0.000              85               0
   32        1757.557   -2429.122           0.000       0.000              32               0
  118        -997.803     852.009           0.000       0.000             118               0
   21       -1849.390     960.112           0.000       0.000              21               0
  123         468.364    1042.438           0.000       0.000             123               0
  132         475.887    -357.579           0.000       0.000             132               0
  185        -614.313    1472.543           0.000       0.000             185               0
   92         512.176   -1217.796           0.000       0.000              92               0
    2         -12.722     325.963           0.000       0.000               2               0
    9         -46.957    -630.537           0.000       0.000               9               0
  102       -1013.169    -526.939           0.000       0.000             102               0
   79         178.572    -546.178           0.000       0.000              79               0
  124         986.552     381.370           0.000       0.000             124               0
  234        -564.315   -1539.057           0.000       0.000             234               0
  103          -2.821    1769.606           0.000       0.000             103               0
  220         456.337    1021.270           0.000       0.000             220               0
  233        -863.181    -347.177           0.000       0.000             233               0
   67        -630.711    -110.681           0.000       0.000              67               0
  251         425.951    3652.209           0.000       0.000             251               0
  129          -9.080    -130.270           0.000       0.000             129               0
  141        -923.014    1179.870           0.000       0.000             141               0
  236         591.471   -3247.180           0.000       0.000             236               0
  211         957.097    -920.163           0.000       0.000             211               0
   28        -784.404     162.345           0.000       0.000              28               0
  122          44.479    2146.713           0.000       0.000             122               0
  131       -1478.018    1877.123           0.000       0.000             131               0
  214        1354.009     145.307           0.000       0.000             214               0
  199         940.386    1298.295           0.000       0.000             199               0
   36       -1240.383    -620.820           0.000       0.000              36               0
  110        -180.637     162.033           0.000       0.000             110               0
  176        -458.512     -88.460           0.000       0.000             176               0
  122         762.415   -1966.820           0.000       0.000             122               0
  142         115.186    -571.221           0.000       0.000             142               0
   38         121.332    1175.558           0.000       0.000              38               0
  144         626.202    1351.404           0.000       0.000             144               0
   10        -813.773   -2213.792           0.000       0.000              10               0
  171       -2094.251     570.680           0.000       0.000             171               0
   74         612.438     181.222           0.000       0.000              74               0
  102        -622.325    1178.727           0.000       0.000             102               0
  174         667.736     568.087           0.000       0.000             174               0
   84        -727.676   -1021.344           0.000       0.000              84               0
  205         653.341     641.680           0.000       0.000             205               0
  253        -678.344   -1549.829           0.000       0.000             253               0
  208       -1286.318    1921.913           0.000       0.000             208               0
  183         730.961     294.392           0.000       0.000             183               0
  101       -1172.337     543.672           0.000       0.000             101               0
  173        -246.071    1625.603           0.000       0.000             173               0
  160       -1119.683    -694.210           0.000       0.000             160               0
  168        -520.524      79.923           0.000       0.000             168               0
  168         110.873    -314.770           0.000       0.000             168               0
   34        -957.040    3526.503           0.000       0.000              34               0
   54       -1590.842    -809.131           0.000       0.000              54               0
  149       -1558.356    -245.721           0.000       0.000             149               0
  246        1742.511    -915.719           0.000       0.000             246               0
   82         -64.309     196.531           0.000       0.000              82               0
   16         955.319   -1629.354           0.000       0.000              16               0
  121       -1753.587     -16.581           0.000       0.000             121               0
   40         -73.927   -1107.180           0.000       0.000              40               0
  216        1624.513    -771.022           0.000       0.000             216               0
  158         969.655    2129.138           0.000       0.000             158               0
  150       -1286.783    -272.981           0.000       0.000             150               0
  136         212.951     292.840           0.000       0.000             136               0
   25         247.794   -2235.468           0.000       0.000              25               0
   37        1510.643     -73.591           0.000       0.000              37               0
  174         976.060    -113.917           0.000       0.000             174               0
  169       -1325.233    -792.433           0.000       0.000             169               0
   47        -551.298    -577.857           0.000       0.000              47               0
   90       -1920.261    -228.131           0.000       0.000              90               0
  244        -930.134   -3135.095           0.000       0.000             244               0
  149         724.871    1348.049           0.000       0.000             149               0
    8        -317.761     452.935           0.000       0.000               8               0
   72          46.261    -193.386           0.000       0.000              72               0
   99        -764.586    1981.255           0.000       0.000              99               0
    6        -272.175      30.408           0.000       0.000               6               0
   25        -680.988    1497.142           0.000       0.000              25               0
   26         -16.887   -1064.689           0.000       0.000              26               0
  107        -249.863   -1939.306           0.000       0.000             107               0
  199       -1243.537    1435.132           0.000       0.000             199               0
  186        -743.037    -180.257           0.000       0.000             186               0
   20       -1392.414    2056.217           0.000       0.000              20               0
  112       -1643.017    1670.296           0.000       0.000             112               0
  221        2423.687    -128.456           0.000       0.000             221               0
   74         696.460    -641.500           0.000       0.000              74               0
    5       -1728.138    -270.380           0.000       0.000               5               0
  211        -791.993    -968.729           0.000       0.000             211               0
  156         632.830    1037.029           0.000       0.000             156               0
   22        -345.170    1187.845           0.000       0.000              22               0
   76       -2432.226     505.014           0.000       0.000              76               0
  197        -287.379    -858.210           0.000       0.000             197               0
  238        1817.109    1424.782           0.000       0.000             238               0
  235        -677.417    -796.301           0.000       0.000             235               0
   92         154.325    1529.667           0.000       0.000              92               0
  118        -130.451     547.491           0.000       0.000             118               0
    4        -303.126    1613.921           0.000       0.000               4               0
  129       -2335.926    1478.024           0.000       0.000             129               0
   37       -1308.441    -176.617           0.000       0.000              37               0
  174          26.810    -802.356           0.000       0.000             174               0
  177        1967.203     207.315           0.000       0.000             177               0
  128        -241.840     233.088           0.000       0.000             128               0
  162       -1510.895     886.716           0.000       0.000             162               0
   71       -1235.670     879.890           0.000       0.000              71               0
  136        -105.021    -719.281           0.000       0.000             136               0
  235       -1085.052    -169.887           0.000       0.000             235               0
  170         178.622    1691.749           0.000       0.000             170               0
  143        -750.437    -948.923           0.000       0.000             143               0
    4         676.710   -1317.433           0.000       0.000               4               0
  196       -1952.764    -922.631           0.000       0.000             196               0
  251         211.966   -2027.074           0.000       0.000             251               0
  203         930.094   -2914.679           0.000       0.000             203               0
  127       -2140.366    -561.914           0.000       0.000             127               0
   15        -582.935    2157.445           0.000       0.000              15               0
   59         887.713    -326.377           0.000       0.000              59               0
   92       -1446.826    1660.502           0.000       0.000              92               0
   90        -461.621     705.963           0.000       0.000              90               0
   65        2996.157    2806.390           0.000       0.000              65               0
   47        -543.205     261.725           0.000       0.000              47               0
  246        1424.989     815.958           0.000       0.000             246               0
   87        1170.411    -316.436           0.000       0.000              87               0
  124        1387.944    1035.612           0.000       0.000             124               0
  188         838.974     868.012           0.000       0.000             188               0
   69         602.868    1423.162           0.000       0.000              69               0
  103        -267.615    -698.716           0.000       0.000             103               0
   24       -1351.243     640.920           0.000       0.000              24               0
  188        -363.009    -553.273           0.000       0.000             188               0
  108        -725.916     742.927           0.000       0.000             108               0
  153        1284.034   -1886.807           0.000       0.000             153               0
  225        2869.358     233.865           0.000       0.000             225               0
   26         372.805     669.722           0.000       0.000              26               0
   75        -149.403    1122.824           0.000       0.000              75               0
   97         623.172    -476.313           0.000       0.000              97               0
  188       -1368.078     101.186           0.000       0.000             188               0
  146        2748.270    -505.036           0.000       0.000             146               0
  234       -1452.964     767.590           0.000       0.000             234               0
  167        -924.750    1073.908           0.000       0.000             167               0
   60       -1120.320     508.444           0.000       0.000              60               0
  122        -639.665    -855.796           0.000       0.000             122               0
  172        -841.315    -844.516           0.000       0.000             172               0
    0        -287.685     304.238           0.000       0.000               0               0
  117        -278.343    -170.383           0.000       0.000             117               0
  119        -634.338    -784.004           0.000       0.000             119               0
  128        1595.687   -2294.167           0.000       0.000             128               0
  133         -26.601    -408.935           0.000       0.000             133               0
  179        -943.278     401.520           0.000       0.000             179               0
  220        -617.107     680.171           0.000       0.000             220               0
  223        -303.429    -886.150           0.000       0.000             223               0
  244        -823.253     617.802           0.000       0.000             244               0
   12       -1042.532   -2013.541           0.000       0.000              12               0
  214        -723.483    -873.712           0.000       0.000             214               0
   76         286.920    1139.914           0.000       0.000              76               0
  137       -1703.875    -999.064           0.000       0.000             137               0
  146         664.583    3160.623           0.000       0.000             146               0
  146        1937.362    -798.304           0.000       0.000             146               0
  241         537.045    -113.947           0.000       0.000             241               0
  170        -635.138   -1579.592           0.000       0.000             170               0
   78         -54.874     260.775           0.000       0.000              78               0
   93        1580.142     536.604           0.000       0.000              93               0
   68          94.739    -236.414           0.000       0.000              68               0
   48       -2169.141    1015.496           0.000       0.000              48               0
  119        -876.203   -2199.857           0.000       0.000             119               0
  143        -481.550    -425.007           0.000       0.000             143               0
  146         652.614     483.821           0.000       0.000             146               0
   52       -2955.311   -2679.085           0.000       0.000              52               0
   34        1192.355    1301.079           0.000       0.000              34               0
  125         444.304    1001.454           0.000       0.000             125               0
  220         446.564   -2185.742           0.000       0.000             220               0
   94         236.587    -866.521           0.000       0.000              94               0
  247        -196.789    1115.516           0.000       0.000             247               0
  136        1089.323    -574.074           0.000       0.000             136               0
   95        1652.580    -503.390           0.000       0.000              95               0
  109        2339.536   -1077.248           0.000       0.000             109               0
    0         765.850    -271.290           0.000       0.000               0               0
  223        -374.850     294.784           0.000       0.000             223               0
  242        -853.757     454.360           0.000       0.000             242               0
  179          69.593    -179.421           0.000       0.000             179               0
  188        1357.566    -430.228           0.000       0.000             188               0
  209        1262.152    1505.101           0.000       0.000             209               0
  168         196.625   -1413.846           0.000       0.000             168               0
  201        1199.078   -1173.463           0.000       0.000             201               0
  167        -162.823   -1302.058           0.000       0.000             167               0
  245        2439.862     435.375           0.000       0.000             245               0
   83       -1156.504   -1776.813           0.000       0.000              83               0
