SINAL     NFT                         FFT                         NFT INVERSA     FFT INVERSA
-----     -----------------------     -----------------------     -----------     -----------
   94       66866.000       0.000           0.000       0.000              94               0
  239       -1522.141   -1008.872           0.000       0.000             239               0
  110        1645.642   -1229.712           0.000       0.000             110               0
   35        1278.362     920.065           0.000       0.000              35               0
  193         626.351   -1466.313           0.000       0.000             193               0
    5         759.705    1222.298           0.000       0.000               5               0
  223         -44.336     847.767           0.000       0.000             223               0
  192         859.121   -1007.465           0.000       0.000             192               0
  246         239.948    1120.404           0.000       0.000             246               0
  166         608.639    -157.633           0.000       0.000             166               0
   72       -2816.034      35.567           0.000       0.000              72               0
   10       -1770.325    3202.811           0.000       0.000              10               0
   94        -153.110     346.461           0.000       0.000              94               0
  185        2121.394     527.512           0.000       0.000             185               0
   66        -262.042     438.535           0.000       0.000              66               0
  162         524.830    -429.122           0.000       0.000             162               0
   59         940.155   -1141.727           0.000       0.000              59               0
  196       -1068.509     953.557           0.000       0.000             196               0
  138         763.633    -843.984           0.000       0.000             138               0
    3        -466.120     636.684           0.000       0.000               3               0
   63        -221.661    -271.408           0.000       0.000              63               0
  243        -885.987      17.726           0.000       0.000             243               0
  255        -390.489      -5.214           0.000       0.000             255               0
  187         682.899     298.485           0.000       0.000             187               0
   74        -165.973     995.373           0.000       0.000              74               0
   84       -1333.979   -1800.076           0.000       0.000              84               0
  165        -142.453     177.283           0.000       0.000             165               0
  238         461.686    2150.062           0.000       0.000             238               0
  108         551.583      81.572           0.000       0.000             108               0
   86        -401.017   -4087.587           0.000       0.000              86               0
   95        -646.333   -2792.437           0.000       0.000              95               0
  202       -2447.846     -12.769           0.000       0.000             202               0
   69         -17.024     829.529           0.000       0.000              69               0
  205          41.184    -993.394           0.000       0.000             205               0
  238         281.389     344.320           0.000       0.000             238               0
    6        -250.462     195.029           0.000       0.000               6               0
  210        1272.202    -477.749           0.000       0.000             210               0
  206        -310.154    1067.520           0.000       0.000             206               0
  199        -693.073    -620.817           0.000       0.000             199               0
  201        -380.537    -586.640           0.000       0.000             201               0
  116        -100.505     604.717           0.000       0.000             116               0
   15       -1035.942     -36.988           0.000       0.000              15               0
  212        1765.021     490.045           0.000       0.000             212               0
  211         596.901     458.712           0.000       0.000             211               0
  201        1373.876    1055.352           0.000       0.000             201               0
   23        -475.307     -62.433           0.000       0.000              23               0
  117        1173.477     572.755           0.000       0.000             117               0
    4       -1203.490     394.422           0.000       0.000               4               0
  219       -3139.316     881.211           0.000       0.000             219               0
    0        1564.912    -503.027           0.000       0.000               0               0
    8        1732.003    1351.262           0.000       0.000               8               0
   27         784.997    -255.321           0.000       0.000              27               0
  243        -859.863     181.074           0.000       0.000             243               0
    7       -1169.297    -615.340           0.000       0.000               7               0
  214       -1444.032    1041.850           0.000       0.000             214               0
   61        -126.401    1322.949           0.000       0.000              61               0
   91        -478.631     880.723           0.000       0.000              91               0
  123        1814.817     851.983           0.000       0.000             123               0
   44         384.133   -1039.001           0.000       0.000              44               0
  200         467.549    1284.445           0.000       0.000             200               0
  209        -145.350    2175.705           0.000       0.000             209               0
  139       -1343.765    -847.800           0.000       0.000             139               0
  147         544.315    1245.176           0.000       0.000             147               0
   23         -64.763   -1121.937           0.000       0.000              23               0
   89       -1590.622    1470.622           0.000       0.000              89               0
  130       -1047.944    -185.532           0.000       0.000             130               0
   29        1106.905    1216.156           0.000       0.000              29               0
   44         106.912    -513.397           0.000       0.000              44               0
   80        3420.202    -617.907           0.000       0.000              80               0
  228        1144.962    -127.730           0.000       0.000             228               0
  245        -899.740     655.471           0.000       0.000             245               0
  197        -609.587   -1285.841           0.000       0.000             197               0
  244         465.110    1424.483           0.000       0.000             244               0
  201        1617.458   -1830.507           0.000       0.000             201               0
  152         538.260    -327.429           0.000       0.000             152               0
  190         980.479   -2551.020           0.000       0.000             190               0
  224       -1356.323    1684.777           0.000       0.000             224               0
   14         871.936     880.089           0.000       0.000              14               0
  194         135.624    -286.933           0.000       0.000             194               0
  188        -900.485   -1866.340           0.000       0.000             188               0
   15        -511.036   -1003.852           0.000       0.000              15               0
  203          25.006   -1934.241           0.000       0.000             203               0
  215         480.845     346.045           0.000       0.000             215               0
    3        -859.841    -872.154           0.000       0.000               3               0
  210         330.963     411.618           0.000       0.000             210               0
  174        -666.514     207.516           0.000       0.000             174               0
   65        -176.512   -1497.618           0.000       0.000              65               0
   46        -987.632   -1880.328           0.000       0.000              46               0
   42       -1486.540     923.316           0.000       0.000              42               0
  109        2209.441    -719.917           0.000       0.000             109               0
  246       -2115.186   -1095.746           0.000       0.000             246               0
  252         888.861    -248.395           0.000       0.000             252               0
  249        1360.948    1992.648           0.000       0.000             249               0
  138       -1359.308    1263.596           0.000       0.000             138               0
   19        1160.466   -1152.215           0.000       0.000              19               0
   82        1774.330    -477.359           0.000       0.000              82               0
   12        2432.345    -508.506           0.000       0.000              12               0
   49        1526.839      40.439           0.000       0.000              49               0
  127       -1364.568   -2120.365           0.000       0.000             127               0
   92       -1699.509    -172.136           0.000       0.000              92               0
   21        -441.978   -1220.269           0.000       0.000              21               0
  116        -670.659    -651.040           0.000       0.000             116               0
   33       -1127.725    2169.901           0.000       0.000              33               0
   10         147.411    -106.893           0.000       0.000              10               0
   61       -2994.256     525.720           0.000       0.000              61               0
  186       -1810.910     583.510           0.000       0.000             186               0
  201        -945.095     404.849           0.000       0.000             201               0
   30       -1945.982    1392.681           0.000       0.000              30               0
  201         152.140    -432.509           0.000       0.000             201               0
  139         313.120   -2540.436           0.000       0.000             139               0
  218        -162.711    1536.105           0.000       0.000             218               0
  216         347.046   -1171.453           0.000       0.000             216               0
   87        1913.677    1896.360           0.000       0.000              87               0
  178       -1454.594    -253.795           0.000       0.000             178               0
  219       -1018.812    1525.909           0.000       0.000             219               0
   41       -2415.452    -363.812           0.000       0.000              41               0
   96        2589.308    -176.310           0.000       0.000              96               0
   28        2113.121     605.712           0.000       0.000              28               0
   88        2126.427    1689.199           0.000       0.000              88               0
  139         231.830    1325.941           0.000       0.000             139               0
  138       -1511.122    -563.738           0.000       0.000             138               0
   78         982.744   -1117.447           0.000       0.000              78               0
  135        -285.407   -2256.937           0.000       0.000             135               0
  132       -2055.408      48.914           0.000       0.000             132               0
  217       -1783.299   -1571.958           0.000       0.000             217               0
  154         -99.394    -234.880           0.000       0.000             154               0
  215        -116.920   -1220.471           0.000       0.000             215               0
  229         169.173   -1574.262           0.000       0.000             229               0
  203       -1069.023     230.895           0.000       0.000             203               0
   86        -913.921   -1237.060           0.000       0.000              86               0
   66         135.953   -1850.260           0.000       0.000              66               0
  225         457.533    -182.087           0.000       0.000             225               0
  202         227.689    -863.806           0.000       0.000             202               0
   99         871.650    -346.454           0.000       0.000              99               0
  236       -1060.146     712.921           0.000       0.000             236               0
    8       -1224.616    -722.143           0.000       0.000               8               0
   30        1063.295    -936.210           0.000       0.000              30               0
  181        1016.770    -634.593           0.000       0.000             181               0
   38        1055.940    -352.353           0.000       0.000              38               0
  231         -53.857    -427.057           0.000       0.000             231               0
   65        1473.278     609.974           0.000       0.000              65               0
    1        -117.302     487.917           0.000       0.000               1               0
  192         189.286   -2112.900           0.000       0.000             192               0
  152        -415.711     209.595           0.000       0.000             152               0
  179        1203.366    1246.794           0.000       0.000             179               0
  155           1.189     133.383           0.000       0.000             155               0
  194       -1882.159    -361.575           0.000       0.000             194               0
   20          10.280    1848.484           0.000       0.000              20               0
  184       -1908.027   -1100.876           0.000       0.000             184               0
   26        -580.244     137.972           0.000       0.000              26               0
  160        1509.531    -629.429           0.000       0.000             160               0
   67         191.761   -1136.532           0.000       0.000              67               0
  105         873.811   -1355.566           0.000       0.000             105               0
   39        -873.240    -958.395           0.000       0.000              39               0
  199         775.139    -209.106           0.000       0.000             199               0
   66        -309.162      57.057           0.000       0.000              66               0
  194        1230.973    1228.138           0.000       0.000             194               0
  159         532.859     123.366           0.000       0.000             159               0
   40        -173.970   -3665.568           0.000       0.000              40               0
  142       -1578.405    1008.886           0.000       0.000             142               0
  245       -2057.638   -1688.997           0.000       0.000             245               0
  106         919.082   -1321.399           0.000       0.000             106               0
  111        -286.178    1013.547           0.000       0.000             111               0
  192        1340.202   -1357.500           0.000       0.000             192               0
  206        1229.386     356.382           0.000       0.000             206               0
   92         212.458    1060.892           0.000       0.000              92               0
  201         -28.890    2616.567           0.000       0.000             201               0
  236        -785.352     386.114           0.000       0.000             236               0
   17       -1658.858    1496.832           0.000       0.000              17               0
  240        1196.579   -1533.207           0.000       0.000             240               0
  211        2161.753    -427.831           0.000       0.000             211               0
   83        -942.940    -887.467           0.000       0.000              83               0
  241        -397.424   -1988.536           0.000       0.000             241               0
  148         666.263   -2452.180           0.000       0.000             148               0
  235       -3511.667    -641.493           0.000       0.000             235               0
  165         -77.092     485.755           0.000       0.000             165               0
   48        1389.894    -808.851           0.000       0.000              48               0
  173        -439.748   -1867.511           0.000       0.000             173               0
  186          -9.209   -1076.704           0.000       0.000             186               0
  232        -609.672    2122.714           0.000       0.000             232               0
  200         624.915    -491.857           0.000       0.000             200               0
   90        -350.852    -179.613           0.000       0.000              90               0
   44         475.108    -361.985           0.000       0.000              44               0
   49         154.787   -1764.998           0.000       0.000              49               0
  129        1367.800   -1180.458           0.000       0.000             129               0
  244       -1598.240   -2641.226           0.000       0.000             244               0
  116        -711.889    1646.446           0.000       0.000             116               0
   68       -1255.894     373.923           0.000       0.000              68               0
  147         729.037    1273.282           0.000       0.000             147               0
  156       -1171.180    -286.640           0.000       0.000             156               0
  210        -893.361     295.317           0.000       0.000             210               0
  136       -1176.146   -2111.333           0.000       0.000             136               0
    6       -2375.096   -2145.448           0.000       0.000               6               0
   66        -893.815    1125.385           0.000       0.000              66               0
   73        1850.006    -128.996           0.000       0.000              73               0
  212       -1019.602     -64.208           0.000       0.000             212               0
  158         351.989     152.472           0.000       0.000             158               0
   18         786.507     922.125           0.000       0.000              18               0
  193       -1528.446    1905.008           0.000       0.000             193               0
  176        1180.806   -1242.899           0.000       0.000             176               0
    3         332.435   -2656.301           0.000       0.000               3               0
  149       -2101.142    -161.358           0.000       0.000             149               0
    3        1083.534    -705.784           0.000       0.000               3               0
  244        -936.505   -1666.535           0.000       0.000             244               0
   41        -681.380   -1292.718           0.000       0.000              41               0
  239          15.678     -97.029           0.000       0.000             239               0
  154         557.317    1450.344           0.000       0.000             154               0
   89         609.287    -525.497           0.000       0.000              89               0
  157        -964.723     679.409           0.000       0.000             157               0
   84         864.433   -1883.638           0.000       0.000              84               0
   66         893.927    -950.501           0.000       0.000              66               0
  101        -603.953    1343.705           0.000       0.000             101               0
  175        -565.415    -427.594           0.000       0.000             175               0
  110         301.817      -6.613           0.000       0.000             110               0
  150         862.256    1065.890           0.000       0.000             150               0
   49       -1175.393    -586.760           0.000       0.000              49               0
   98       -1538.318   -1896.882           0.000       0.000              98               0
   10        1636.629    -453.506           0.000       0.000              10               0
  117         141.431   -1314.649           0.000       0.000             117               0
  245       -1106.072     -61.243           0.000       0.000             245               0
  167        -626.347   -1019.642           0.000       0.000             167               0
   71        1498.761     883.918           0.000       0.000              71               0
  126         505.813    1767.380           0.000       0.000             126               0
  173        -875.936     987.277           0.000       0.000             173               0
  137        -185.704    1585.408           0.000       0.000             137               0
  200        -225.291    1467.297           0.000       0.000             200               0
  130       -2215.000    -112.607           0.000       0.000             130               0
   40        1113.199    -284.249           0.000       0.000              40               0
  219         123.007    -539.720           0.000       0.000             219               0
   67        1288.382     981.516           0.000       0.000              67               0
  216       -1019.990     210.770           0.000       0.000             216               0
  222       -1785.127    1036.735           0.000       0.000             222               0
  217        1631.641    -452.430           0.000       0.000             217               0
  220          47.502   -1076.159           0.000       0.000             220               0
  211        2174.951     755.363           0.000       0.000             211               0
    2        1635.955    2764.063           0.000       0.000               2               0
  203        -827.272    1109.938           0.000       0.000             203               0
  109         162.880    -350.419           0.000       0.000             109               0
   91       -1098.173     -91.813           0.000       0.000              91               0
  104        1007.510    -458.407           0.000       0.000             104               0
  194        -664.163    -715.830           0.000       0.000             194               0
  157         -36.831    1967.323           0.000       0.000             157               0
  206         -32.270    3081.024           0.000       0.000             206               0
  113         546.832    -844.794           0.000       0.000             113               0
   12         919.963     512.994           0.000       0.000              12               0
  100         837.443     285.023           0.000       0.000             100               0
  162         462.814    -810.111           0.000       0.000             162               0
  110        1744.045   -1403.866           0.000       0.000             110               0
  111         617.113   -1475.437           0.000       0.000             111               0
   23        1046.058    1286.066           0.000       0.000              23               0
  100       -1469.872   -1991.056           0.000       0.000             100               0
   22       -1104.402     646.341           0.000       0.000              22               0
   95         467.995     451.688           0.000       0.000              95               0
  227         447.194     -13.761           0.000       0.000             227               0
  196        -277.565    2459.280           0.000       0.000             196               0
  233       -1037.944     889.281           0.000       0.000             233               0
  171        3228.000       0.315           0.000       0.000             171               0
   71       -1037.938    -890.025           0.000       0.000              71               0
   17        -276.712   -2459.378           0.000       0.000              17               0
  134         447.203      14.121           0.000       0.000             134               0
  139         467.993    -451.409           0.000       0.000             139               0
  234       -1104.284    -646.413           0.000       0.000             234               0
  100       -1470.236    1990.642           0.000       0.000             100               0
  100        1046.869   -1285.667           0.000       0.000             100               0
  198         616.849    1475.831           0.000       0.000             198               0
   55        1743.630    1404.307           0.000       0.000              55               0
  102         462.466     809.912           0.000       0.000             102               0
  146         837.486    -285.108           0.000       0.000             146               0
  164         919.985    -512.916           0.000       0.000             164               0
  194         546.312     844.532           0.000       0.000             194               0
  251         -31.457   -3081.350           0.000       0.000             251               0
  103         -36.342   -1967.031           0.000       0.000             103               0
   95        -664.427     715.911           0.000       0.000              95               0
  201        1007.264     458.757           0.000       0.000             201               0
  216       -1098.290      91.354           0.000       0.000             216               0
  108         162.832     350.229           0.000       0.000             108               0
   46        -826.673   -1110.531           0.000       0.000              46               0
  122        1637.141   -2763.429           0.000       0.000             122               0
  218        2175.029    -754.179           0.000       0.000             218               0
  157          46.855    1076.428           0.000       0.000             157               0
  145        1631.059     452.899           0.000       0.000             145               0
   63       -1785.174   -1037.363           0.000       0.000              63               0
  180       -1019.834    -211.041           0.000       0.000             180               0
  241        1288.722    -980.923           0.000       0.000             241               0
   34         122.643     539.930           0.000       0.000              34               0
  121        1112.716     284.593           0.000       0.000             121               0
  218       -2215.303     111.677           0.000       0.000             218               0
  205        -224.754   -1467.519           0.000       0.000             205               0
  192        -185.205   -1585.364           0.000       0.000             192               0
  235        -875.518    -987.358           0.000       0.000             235               0
   83         506.569   -1766.830           0.000       0.000              83               0
   75        1498.900    -882.770           0.000       0.000              75               0
  214        -626.984    1019.972           0.000       0.000             214               0
  184       -1106.106      61.293           0.000       0.000             184               0
  175         141.125    1315.038           0.000       0.000             175               0
  157        1636.268     454.307           0.000       0.000             157               0
  239       -1539.230    1896.449           0.000       0.000             239               0
   21       -1175.451     586.173           0.000       0.000              21               0
   47         862.734   -1065.620           0.000       0.000              47               0
  148         301.703       6.897           0.000       0.000             148               0
  215        -565.637     427.478           0.000       0.000             215               0
   42        -603.384   -1343.654           0.000       0.000              42               0
  251         893.703     951.215           0.000       0.000             251               0
   55         863.628    1883.951           0.000       0.000              55               0
  244        -964.593    -679.782           0.000       0.000             244               0
  212         609.122     525.729           0.000       0.000             212               0
  163         557.634   -1449.976           0.000       0.000             163               0
   34          15.385      97.511           0.000       0.000              34               0
   78        -682.014    1292.872           0.000       0.000              78               0
  126        -937.054    1666.341           0.000       0.000             126               0
  191        1083.156     706.134           0.000       0.000             191               0
  224       -2101.262     160.804           0.000       0.000             224               0
  189         331.743    2656.368           0.000       0.000             189               0
  116        1180.250    1242.764           0.000       0.000             116               0
  209       -1527.893   -1905.859           0.000       0.000             209               0
  223         786.858    -921.770           0.000       0.000             223               0
  237         351.842    -152.178           0.000       0.000             237               0
  171       -1019.682      64.021           0.000       0.000             171               0
  173        1849.726     129.726           0.000       0.000             173               0
  173        -893.988   -1125.318           0.000       0.000             173               0
  151       -2376.024    2145.027           0.000       0.000             151               0
    0       -1176.779    2110.788           0.000       0.000              -0               0
  249        -893.165    -295.863           0.000       0.000             249               0
  109       -1171.058     286.082           0.000       0.000             109               0
  185         729.552   -1273.070           0.000       0.000             185               0
  168       -1255.778    -374.177           0.000       0.000             168               0
   11        -711.201   -1646.166           0.000       0.000              11               0
  169       -1598.742    2641.179           0.000       0.000             169               0
  190        1367.754    1181.009           0.000       0.000             190               0
   58         154.285    1764.968           0.000       0.000              58               0
   61         475.018     361.950           0.000       0.000              61               0
  149        -350.870     179.392           0.000       0.000             149               0
  101         624.749     491.896           0.000       0.000             101               0
   57        -608.986   -2122.760           0.000       0.000              57               0
  205          -9.517    1077.149           0.000       0.000             205               0
   90        -440.253    1867.474           0.000       0.000              90               0
   14        1389.571     809.199           0.000       0.000              14               0
  113         -77.326    -485.721           0.000       0.000             113               0
  124       -3511.802     640.620           0.000       0.000             124               0
   92         665.821    2452.511           0.000       0.000              92               0
  239        -397.930    1988.140           0.000       0.000             239               0
   60        -942.838     886.762           0.000       0.000              60               0
   61        2161.871     428.228           0.000       0.000              61               0
  173        1195.804    1533.078           0.000       0.000             173               0
  176       -1658.515   -1497.910           0.000       0.000             176               0
   14        -785.018    -386.724           0.000       0.000              14               0
  141         -27.743   -2616.672           0.000       0.000             141               0
  158         213.090   -1060.523           0.000       0.000             158               0
  186        1229.666    -355.576           0.000       0.000             186               0
   58        1339.612    1358.132           0.000       0.000              58               0
   76        -286.022   -1013.438           0.000       0.000              76               0
   82         918.348    1322.032           0.000       0.000              82               0
   59       -2058.433    1688.281           0.000       0.000              59               0
   69       -1577.838   -1009.266           0.000       0.000              69               0
  192        -174.817    3665.465           0.000       0.000             192               0
  244         533.199    -123.675           0.000       0.000             244               0
  237        1231.441   -1227.848           0.000       0.000             237               0
  203        -309.143     -57.034           0.000       0.000             203               0
  157         775.052     209.533           0.000       0.000             157               0
  171        -873.513     958.242           0.000       0.000             171               0
    6         873.467    1355.837           0.000       0.000               6               0
  219         191.395    1136.402           0.000       0.000             219               0
   65        1509.122     629.647           0.000       0.000              65               0
  108        -580.585    -138.379           0.000       0.000             108               0
   21       -1908.453    1099.906           0.000       0.000              21               0
   15          10.957   -1848.690           0.000       0.000              15               0
  198       -1882.094     360.956           0.000       0.000             198               0
   35           1.657    -133.510           0.000       0.000              35               0
  128        1203.957   -1246.337           0.000       0.000             128               0
   67        -415.566    -209.416           0.000       0.000              67               0
  128         188.748    2112.992           0.000       0.000             128               0
  112        -116.899    -488.139           0.000       0.000             112               0
  127        1473.605    -609.398           0.000       0.000             127               0
  189         -53.961     427.196           0.000       0.000             189               0
   29        1055.887     352.820           0.000       0.000              29               0
   48        1016.451     635.030           0.000       0.000              48               0
  204        1062.642     936.565           0.000       0.000             204               0
  170       -1225.144     721.593           0.000       0.000             170               0
  206       -1059.816    -713.293           0.000       0.000             206               0
  135         871.625     346.913           0.000       0.000             135               0
  229         227.326     863.976           0.000       0.000             229               0
   26         457.332     182.382           0.000       0.000              26               0
  217         135.077    1850.377           0.000       0.000             217               0
   32        -914.542    1236.565           0.000       0.000              32               0
   96       -1068.930    -231.314           0.000       0.000              96               0
  154         168.687    1574.314           0.000       0.000             154               0
   21        -117.413    1220.215           0.000       0.000              21               0
   78         -99.675     234.684           0.000       0.000              78               0
  102       -1783.946    1571.155           0.000       0.000             102               0
  178       -2055.114     -49.781           0.000       0.000             178               0
  250        -285.692    2256.589           0.000       0.000             250               0
  108         982.574    1117.197           0.000       0.000             108               0
  142       -1511.051     562.515           0.000       0.000             142               0
   59         232.841   -1326.482           0.000       0.000              59               0
  217        2127.352   -1688.737           0.000       0.000             217               0
  163        2113.292    -605.036           0.000       0.000             163               0
   75        2588.661     177.094           0.000       0.000              75               0
  159       -2416.109     362.723           0.000       0.000             159               0
  199       -1018.334   -1526.425           0.000       0.000             199               0
  203       -1454.412     253.202           0.000       0.000             203               0
  226        1914.471   -1895.673           0.000       0.000             226               0
   71         346.451    1171.641           0.000       0.000              71               0
   59        -162.368   -1536.028           0.000       0.000              59               0
   98         312.062    2540.583           0.000       0.000              98               0
    5         151.588     432.119           0.000       0.000               5               0
   89       -1945.825   -1393.599           0.000       0.000              89               0
  146        -945.100    -405.227           0.000       0.000             146               0
  209       -1810.829    -584.155           0.000       0.000             209               0
    4       -2993.783    -526.690           0.000       0.000               4               0
   97         147.770     106.895           0.000       0.000              97               0
   88       -1126.758   -2170.077           0.000       0.000              88               0
  233        -670.558     651.258           0.000       0.000             233               0
  123        -442.129    1220.294           0.000       0.000             123               0
   50       -1699.175     171.704           0.000       0.000              50               0
   10       -1364.479    2119.869           0.000       0.000              10               0
  220        1527.678     -40.127           0.000       0.000             220               0
  204        2432.563     509.225           0.000       0.000             204               0
   31        1774.185     477.824           0.000       0.000              31               0
   42        1159.857    1152.261           0.000       0.000              42               0
   50       -1358.886   -1264.415           0.000       0.000              50               0
  209        1361.738   -1992.080           0.000       0.000             209               0
   36         888.536     249.038           0.000       0.000              36               0
  159       -2115.512    1095.181           0.000       0.000             159               0
   96        2209.201     720.588           0.000       0.000              96               0
   96       -1486.451    -923.681           0.000       0.000              96               0
  120        -988.142    1880.165           0.000       0.000             120               0
    4        -176.853    1497.336           0.000       0.000               4               0
  171        -666.252    -207.996           0.000       0.000             171               0
   24         331.260    -411.518           0.000       0.000              24               0
  203        -859.944     871.873           0.000       0.000             203               0
  118         481.179    -345.799           0.000       0.000             118               0
  251          24.438    1934.303           0.000       0.000             251               0
   19        -511.268    1003.523           0.000       0.000              19               0
  178        -900.832    1865.686           0.000       0.000             178               0
   93         135.901     286.440           0.000       0.000              93               0
   24         872.399    -880.170           0.000       0.000              24               0
   11       -1355.472   -1685.107           0.000       0.000              11               0
  239         980.053    2551.409           0.000       0.000             239               0
  234         538.450     327.361           0.000       0.000             234               0
   16        1616.969    1830.624           0.000       0.000              16               0
   80         465.503   -1424.684           0.000       0.000              80               0
   67        -609.985    1285.386           0.000       0.000              67               0
  249        -899.149    -656.108           0.000       0.000             249               0
  204        1145.441     127.927           0.000       0.000             204               0
  117        3419.994     618.775           0.000       0.000             117               0
    3         106.438     512.969           0.000       0.000               3               0
  168        1106.994   -1216.153           0.000       0.000             168               0
   66       -1048.341     184.890           0.000       0.000              66               0
   34       -1590.089   -1471.327           0.000       0.000              34               0
  211         -64.925    1121.699           0.000       0.000             211               0
  117         544.751   -1245.283           0.000       0.000             117               0
  244       -1343.958     846.996           0.000       0.000             244               0
  247        -144.312   -2176.093           0.000       0.000             247               0
   21         468.231   -1284.211           0.000       0.000              21               0
   85         383.996    1039.044           0.000       0.000              85               0
   87        1815.048    -851.665           0.000       0.000              87               0
  141        -478.549    -881.062           0.000       0.000             141               0
   89        -126.098   -1323.035           0.000       0.000              89               0
    2       -1443.706   -1042.169           0.000       0.000               2               0
  166       -1169.261     615.041           0.000       0.000             166               0
   36        -859.344    -181.425           0.000       0.000              36               0
  121         785.389     255.428           0.000       0.000             121               0
  161        1732.617   -1350.741           0.000       0.000             161               0
   56        1564.393     503.519           0.000       0.000              56               0
   43       -3139.149    -882.367           0.000       0.000              43               0
  254       -1202.839    -394.837           0.000       0.000             254               0
   80        1174.075    -572.347           0.000       0.000              80               0
   55        -475.001      62.234           0.000       0.000              55               0
  238        1374.538   -1054.908           0.000       0.000             238               0
   58         597.203    -458.410           0.000       0.000              58               0
   71        1765.085    -489.320           0.000       0.000              71               0
   63       -1036.096      36.754           0.000       0.000              63               0
  125        -100.239    -604.589           0.000       0.000             125               0
   65        -380.663     586.678           0.000       0.000              65               0
   12        -693.095     620.532           0.000       0.000              12               0
  243        -309.459   -1067.589           0.000       0.000             243               0
   69        1272.222     478.303           0.000       0.000              69               0
  180        -250.351    -195.056           0.000       0.000             180               0
   54         281.584    -344.039           0.000       0.000              54               0
  104          40.856     993.511           0.000       0.000             104               0
  135         -16.864    -829.395           0.000       0.000             135               0
  171       -2447.727      12.430           0.000       0.000             171               0
   93        -646.817    2792.568           0.000       0.000              93               0
  127        -401.913    4087.017           0.000       0.000             127               0
  193         552.007     -82.215           0.000       0.000             193               0
  178         462.618   -2150.222           0.000       0.000             178               0
  214        -142.273    -177.233           0.000       0.000             214               0
   79       -1334.278    1799.428           0.000       0.000              79               0
   11        -165.148    -995.752           0.000       0.000              11               0
  217         683.337    -298.350           0.000       0.000             217               0
  245        -390.256       5.000           0.000       0.000             245               0
   48        -885.589     -18.115           0.000       0.000              48               0
   82        -221.257     271.186           0.000       0.000              82               0
  150        -465.341    -636.917           0.000       0.000             150               0
  104         763.839     844.117           0.000       0.000             104               0
  125       -1067.624    -954.002           0.000       0.000             125               0
  149         940.434    1141.969           0.000       0.000             149               0
  185         525.176     428.965           0.000       0.000             185               0
  181        -261.282    -438.968           0.000       0.000             181               0
  132        2122.004    -527.084           0.000       0.000             132               0
  243        -152.858    -346.882           0.000       0.000             243               0
  252       -1768.872   -3203.428           0.000       0.000             252               0
  195       -2815.006     -36.222           0.000       0.000             195               0
  113         609.877     157.881           0.000       0.000             113               0
   62         241.512   -1120.203           0.000       0.000              62               0
  207         859.983    1007.809           0.000       0.000             207               0
  101         -42.709    -847.856           0.000       0.000             101               0
  131         761.720   -1221.799           0.000       0.000             131               0
  132         627.766    1466.674           0.000       0.000             132               0
  155        1281.072    -919.549           0.000       0.000             155               0
  235        1648.475    1230.406           0.000       0.000             235               0
   12       -1515.603    1008.205           0.000       0.000              12               0
