SINAL     NFT                         FFT                         NFT INVERSA     FFT INVERSA
-----     -----------------------     -----------------------     -----------     -----------
   31       64677.000       0.000           0.000       0.000              31               0
  121       -1956.209     413.602           0.000       0.000             121               0
   97       -1407.951   -2052.021           0.000       0.000              97               0
  244        -661.359     206.036           0.000       0.000             244               0
    8         343.463    -193.188           0.000       0.000               8               0
   20        -880.997      43.875           0.000       0.000              20               0
  148         511.319    -406.593           0.000       0.000             148               0
  206          81.652    1200.152           0.000       0.000             206               0
  104        -157.627    -738.380           0.000       0.000             104               0
   12          -0.044     278.230           0.000       0.000              12               0
  111        1291.863     734.684           0.000       0.000             111               0
  221        -652.006     433.682           0.000       0.000             221               0
   22         364.777      92.103           0.000       0.000              22               0
   64        -989.143    1091.044           0.000       0.000              64               0
   11         565.676       1.790           0.000       0.000              11               0
   36       -1220.042    2504.224           0.000       0.000              36               0
   31        -821.637    -924.792           0.000       0.000              31               0
  215        -353.938   -1783.951           0.000       0.000             215               0
  125         555.808    -396.658           0.000       0.000             125               0
  199         165.183     347.401           0.000       0.000             199               0
   87        1732.818     875.372           0.000       0.000              87               0
  116        1522.927    -678.599           0.000       0.000             116               0
  164        1580.472     377.663           0.000       0.000             164               0
    6       -1093.034    -277.238           0.000       0.000               6               0
  195        3271.462    -271.470           0.000       0.000             195               0
  253       -2617.092    -907.573           0.000       0.000             253               0
  192        -287.032     767.864           0.000       0.000             192               0
   39        1343.013   -1793.139           0.000       0.000              39               0
  242          47.774    -223.034           0.000       0.000             242               0
   10        2520.603    -730.936           0.000       0.000              10               0
   88        2093.431      21.056           0.000       0.000              88               0
   18        -230.042    2026.625           0.000       0.000              18               0
  131         402.892    -516.318           0.000       0.000             131               0
  186       -1705.325    1507.121           0.000       0.000             186               0
    7        -716.303    -835.800           0.000       0.000               7               0
  140       -1955.635     955.861           0.000       0.000             140               0
  206       -1031.904    1084.374           0.000       0.000             206               0
  155         517.011     610.770           0.000       0.000             155               0
   90        -741.393    1034.885           0.000       0.000              90               0
   55          -0.897    -846.529           0.000       0.000              55               0
  167        -486.976    2086.159           0.000       0.000             167               0
  202         817.409   -1221.799           0.000       0.000             202               0
   21        -436.314    1675.779           0.000       0.000              21               0
  190        1401.667    -410.836           0.000       0.000             190               0
   11          17.389    -265.568           0.000       0.000              11               0
   32         426.011    -707.309           0.000       0.000              32               0
  226       -1451.548    1627.964           0.000       0.000             226               0
   43       -1847.947    2883.741           0.000       0.000              43               0
  248        -156.111   -1293.538           0.000       0.000             248               0
   96        -397.619     842.074           0.000       0.000              96               0
  242       -1307.872     449.372           0.000       0.000             242               0
   79         191.516     407.562           0.000       0.000              79               0
  212       -1094.389    -310.887           0.000       0.000             212               0
  151       -2177.512    -384.259           0.000       0.000             151               0
   85        1498.629   -1107.473           0.000       0.000              85               0
  151        1236.965    -643.229           0.000       0.000             151               0
  148        1182.512    1041.527           0.000       0.000             148               0
   22         218.631    1780.649           0.000       0.000              22               0
  191        1309.298      -3.572           0.000       0.000             191               0
  134       -1553.999   -1692.331           0.000       0.000             134               0
   32        -404.517    -572.961           0.000       0.000              32               0
   24         616.056      35.372           0.000       0.000              24               0
  152        -637.007    -753.397           0.000       0.000             152               0
  164        1432.494   -1354.209           0.000       0.000             164               0
  211       -1043.841   -1150.668           0.000       0.000             211               0
  160        2260.075    -950.630           0.000       0.000             160               0
   48        -162.183   -1689.346           0.000       0.000              48               0
  161       -1735.534   -2227.364           0.000       0.000             161               0
   59        -372.159   -1148.455           0.000       0.000              59               0
  139       -1854.145     758.745           0.000       0.000             139               0
  217        2891.422    -748.036           0.000       0.000             217               0
  227         160.598    -278.880           0.000       0.000             227               0
   86        2255.833    1022.439           0.000       0.000              86               0
  238        -151.659    1342.628           0.000       0.000             238               0
  161        1690.228    1188.114           0.000       0.000             161               0
   98       -1212.043    2386.060           0.000       0.000              98               0
   15       -1506.662     578.181           0.000       0.000              15               0
  131         -31.485    -631.242           0.000       0.000             131               0
  141        1165.067    2177.877           0.000       0.000             141               0
    7         379.972     823.741           0.000       0.000               7               0
  228       -1308.578     305.438           0.000       0.000             228               0
  128        -671.278     745.593           0.000       0.000             128               0
   87         434.449     867.210           0.000       0.000              87               0
  184         842.644    -163.052           0.000       0.000             184               0
   23       -1914.315   -1418.990           0.000       0.000              23               0
  172       -1430.608    1978.290           0.000       0.000             172               0
   80        1627.546    -224.165           0.000       0.000              80               0
  171        -110.998   -1301.189           0.000       0.000             171               0
  194        -433.244     996.717           0.000       0.000             194               0
   15        -570.452   -2426.197           0.000       0.000              15               0
   50        1598.944    -258.959           0.000       0.000              50               0
  227        -987.571    -567.148           0.000       0.000             227               0
   40       -1959.753   -2883.210           0.000       0.000              40               0
  203         495.055    1400.421           0.000       0.000             203               0
  136         322.271     306.156           0.000       0.000             136               0
  251        -343.465     951.936           0.000       0.000             251               0
  107       -1126.663       7.604           0.000       0.000             107               0
  185         191.616   -2807.866           0.000       0.000             185               0
  157         977.105     578.719           0.000       0.000             157               0
  166           1.511   -1076.985           0.000       0.000             166               0
   69         492.945    -549.985           0.000       0.000              69               0
  118         644.698    -314.315           0.000       0.000             118               0
  137       -1196.902     -99.925           0.000       0.000             137               0
  155       -1179.501     -91.638           0.000       0.000             155               0
  101         193.704    1068.923           0.000       0.000             101               0
   43        -657.807    -752.265           0.000       0.000              43               0
  254       -1376.593   -1504.243           0.000       0.000             254               0
  117         163.038    1816.081           0.000       0.000             117               0
  174       -1990.894   -1105.093           0.000       0.000             174               0
  139        -989.650    -501.932           0.000       0.000             139               0
  125        -186.985    1024.406           0.000       0.000             125               0
  146         238.059     370.265           0.000       0.000             146               0
   11        -333.882    -198.406           0.000       0.000              11               0
  212       -1057.654     338.136           0.000       0.000             212               0
   75          54.361    -917.952           0.000       0.000              75               0
   35         803.392    -464.912           0.000       0.000              35               0
  128       -2412.384     949.551           0.000       0.000             128               0
  155        -249.808    1043.603           0.000       0.000             155               0
  206       -1387.436    -128.480           0.000       0.000             206               0
   67       -2585.238     368.624           0.000       0.000              67               0
  171         699.566     474.393           0.000       0.000             171               0
    0       -1258.533     283.859           0.000       0.000              -0               0
   39       -1358.557    1732.977           0.000       0.000              39               0
  212         -47.852    -340.136           0.000       0.000             212               0
  203        -793.672     942.490           0.000       0.000             203               0
  175         422.849     -56.670           0.000       0.000             175               0
  207       -1136.316    -604.874           0.000       0.000             207               0
   54        -352.749   -1935.130           0.000       0.000              54               0
  105         -81.877    -248.940           0.000       0.000             105               0
  109        2039.611     413.501           0.000       0.000             109               0
  221        -652.831     148.723           0.000       0.000             221               0
  174        -153.478     802.024           0.000       0.000             174               0
  228       -1148.074   -2366.302           0.000       0.000             228               0
  103       -1102.498    -366.828           0.000       0.000             103               0
   74        1049.680    -157.626           0.000       0.000              74               0
   73        -892.386    1022.863           0.000       0.000              73               0
  146         641.165    1141.196           0.000       0.000             146               0
   72        -590.454    1213.576           0.000       0.000              72               0
  191        -680.554     928.831           0.000       0.000             191               0
   65         629.490    2352.011           0.000       0.000              65               0
  211        2951.018    -546.029           0.000       0.000             211               0
   60         654.279    -199.375           0.000       0.000              60               0
  212         894.122      45.508           0.000       0.000             212               0
  223         137.497    -682.384           0.000       0.000             223               0
   16         709.146    1660.906           0.000       0.000              16               0
   31        1857.480     322.700           0.000       0.000              31               0
    2        2136.364   -1510.108           0.000       0.000               2               0
  145        1004.669    -532.280           0.000       0.000             145               0
  187        1372.470      -3.371           0.000       0.000             187               0
  209         105.564    -948.777           0.000       0.000             209               0
  213       -1231.507     815.117           0.000       0.000             213               0
  103        2342.460     -49.084           0.000       0.000             103               0
  209        -458.810     903.483           0.000       0.000             209               0
  252        -191.166     751.560           0.000       0.000             252               0
   59        2087.933     531.187           0.000       0.000              59               0
  157        -141.158    -387.022           0.000       0.000             157               0
  172       -2761.283     602.132           0.000       0.000             172               0
   11        1367.729    -231.090           0.000       0.000              11               0
  212        1757.230   -1083.047           0.000       0.000             212               0
   22        2412.608     631.691           0.000       0.000              22               0
  121       -1318.955     216.270           0.000       0.000             121               0
  177        -446.158    -731.766           0.000       0.000             177               0
  196         766.579     847.064           0.000       0.000             196               0
   93         671.576     347.459           0.000       0.000              93               0
   24        -228.754    2059.363           0.000       0.000              24               0
   14         444.661     871.602           0.000       0.000              14               0
  167         555.817     963.716           0.000       0.000             167               0
  171        1597.088    -803.196           0.000       0.000             171               0
   86         178.813     551.624           0.000       0.000              86               0
  102         476.673    -489.295           0.000       0.000             102               0
  236       -2334.956   -1361.577           0.000       0.000             236               0
   42           2.938    1707.706           0.000       0.000              42               0
  162        -917.712   -1596.872           0.000       0.000             162               0
  192        -674.433    2359.496           0.000       0.000             192               0
    9         211.782     997.649           0.000       0.000               9               0
  179         219.632    1377.781           0.000       0.000             179               0
  224        -832.174   -1369.447           0.000       0.000             224               0
   12       -1811.194     908.167           0.000       0.000              12               0
   68        -851.878    -118.172           0.000       0.000              68               0
  155        1645.206   -1487.273           0.000       0.000             155               0
  221       -1067.121    1164.519           0.000       0.000             221               0
   26        2068.162     582.371           0.000       0.000              26               0
    3        -502.894    -185.811           0.000       0.000               3               0
  175        -716.833    2625.531           0.000       0.000             175               0
   23        1242.002    -318.766           0.000       0.000              23               0
   63        -692.198     -51.232           0.000       0.000              63               0
   76        2479.682     270.444           0.000       0.000              76               0
  195         -14.152     841.965           0.000       0.000             195               0
   74         976.178    -161.666           0.000       0.000              74               0
   33       -1634.132      81.850           0.000       0.000              33               0
  218        1334.329    -322.143           0.000       0.000             218               0
  195        2113.325     932.806           0.000       0.000             195               0
  211         -92.361    -106.752           0.000       0.000             211               0
  158       -1058.503    -276.729           0.000       0.000             158               0
   33        -684.219   -1348.855           0.000       0.000              33               0
  236       -2228.677    -572.830           0.000       0.000             236               0
  173       -2668.820    -364.513           0.000       0.000             173               0
  200        -110.093     207.774           0.000       0.000             200               0
  151        1051.927      -5.387           0.000       0.000             151               0
    3         247.867    1574.817           0.000       0.000               3               0
   46       -2118.777   -1427.850           0.000       0.000              46               0
  131         -87.328     484.661           0.000       0.000             131               0
   46        1339.601    -876.913           0.000       0.000              46               0
  209         521.072    1984.146           0.000       0.000             209               0
   68        1932.508     180.290           0.000       0.000              68               0
   56        1849.599   -1928.364           0.000       0.000              56               0
  132       -4449.392   -1480.121           0.000       0.000             132               0
   36        -327.077     -60.501           0.000       0.000              36               0
   68         481.647    -498.050           0.000       0.000              68               0
  201       -1487.754     836.409           0.000       0.000             201               0
  192       -1676.951     158.701           0.000       0.000             192               0
   34        -654.671     148.861           0.000       0.000              34               0
  227         302.505    -215.698           0.000       0.000             227               0
  195        1168.991    -545.864           0.000       0.000             195               0
  209        -554.292    -118.388           0.000       0.000             209               0
  250         376.423    -431.804           0.000       0.000             250               0
    2        1235.255     424.767           0.000       0.000               2               0
   30         482.526    -856.855           0.000       0.000              30               0
  190        -555.515    -531.730           0.000       0.000             190               0
   77       -1023.386   -1063.428           0.000       0.000              77               0
   63       -1451.175    1555.558           0.000       0.000              63               0
  152       -1878.079    -737.141           0.000       0.000             152               0
   17        2365.438    -874.701           0.000       0.000              17               0
   19         955.009     381.476           0.000       0.000              19               0
   55        -489.723     440.264           0.000       0.000              55               0
   50        -925.098    -387.833           0.000       0.000              50               0
  255        -243.198    1121.554           0.000       0.000             255               0
  228        -260.284    -901.118           0.000       0.000             228               0
  250       -2475.806      73.677           0.000       0.000             250               0
  150       -1963.383    1402.715           0.000       0.000             150               0
  231       -1090.819     830.075           0.000       0.000             231               0
   41       -1723.600    -286.386           0.000       0.000              41               0
   26         477.226   -1041.582           0.000       0.000              26               0
   22        -417.273    1258.556           0.000       0.000              22               0
  250          42.437     948.223           0.000       0.000             250               0
   94        -863.913     382.451           0.000       0.000              94               0
   78        2253.016     955.721           0.000       0.000              78               0
  126        1694.120    -414.575           0.000       0.000             126               0
  131         668.262    -309.178           0.000       0.000             131               0
  146       -2483.867   -1161.817           0.000       0.000             146               0
   71        -322.215   -1507.505           0.000       0.000              71               0
   67        -503.762    -709.302           0.000       0.000              67               0
  180       -1325.207   -1861.000           0.000       0.000             180               0
   43         652.715     -75.084           0.000       0.000              43               0
    6         -96.936    -336.156           0.000       0.000               6               0
  134         155.239    -220.743           0.000       0.000             134               0
   37       -1653.204     -74.836           0.000       0.000              37               0
    9        1638.711    -438.046           0.000       0.000               9               0
  164       -1418.336   -1404.111           0.000       0.000             164               0
  228         976.813   -1606.328           0.000       0.000             228               0
   86       -1355.195    -257.063           0.000       0.000              86               0
  228       -2150.747    2124.570           0.000       0.000             228               0
  124        -282.918     883.420           0.000       0.000             124               0
  104         707.780    -309.103           0.000       0.000             104               0
  247        -924.823     173.620           0.000       0.000             247               0
  179       -1080.633    -297.701           0.000       0.000             179               0
  154        1623.000       0.307           0.000       0.000             154               0
  247       -1080.929     297.355           0.000       0.000             247               0
  151        -924.690    -173.935           0.000       0.000             151               0
  149         707.659     309.269           0.000       0.000             149               0
  141        -282.892    -883.610           0.000       0.000             141               0
  127       -2150.104   -2124.988           0.000       0.000             127               0
  190       -1354.966     257.189           0.000       0.000             190               0
  168         976.442    1607.001           0.000       0.000             168               0
  149       -1418.655    1403.668           0.000       0.000             149               0
  184        1638.601     438.519           0.000       0.000             184               0
    7       -1653.277      74.279           0.000       0.000               7               0
  227         155.315     220.860           0.000       0.000             227               0
   55         -96.986     336.209           0.000       0.000              55               0
  138         652.582      75.498           0.000       0.000             138               0
  118       -1325.932    1860.648           0.000       0.000             118               0
  127        -503.930     709.066           0.000       0.000             127               0
  205        -322.734    1507.262           0.000       0.000             205               0
   43       -2483.951    1160.651           0.000       0.000              43               0
  170         668.728     309.016           0.000       0.000             170               0
  212        1694.238     414.716           0.000       0.000             212               0
  177        2253.086    -955.318           0.000       0.000             177               0
  208        -864.137    -382.961           0.000       0.000             208               0
  222          42.574    -948.366           0.000       0.000             222               0
   86        -417.032   -1258.589           0.000       0.000              86               0
  180         476.552    1041.808           0.000       0.000             180               0
   53       -1724.026     285.585           0.000       0.000              53               0
   58       -1090.708    -830.651           0.000       0.000              58               0
   49       -1962.985   -1403.320           0.000       0.000              49               0
  157       -2475.493     -74.302           0.000       0.000             157               0
   50        -260.174     901.007           0.000       0.000              50               0
  228        -242.592   -1121.652           0.000       0.000             228               0
   56        -924.966     387.597           0.000       0.000              56               0
   41        -489.156    -440.401           0.000       0.000              41               0
  124         955.499    -380.983           0.000       0.000             124               0
  205        2364.954     875.615           0.000       0.000             205               0
  183       -1878.646     736.379           0.000       0.000             183               0
  251       -1450.555   -1555.981           0.000       0.000             251               0
  139       -1023.456    1063.292           0.000       0.000             139               0
   95        -555.289     531.559           0.000       0.000              95               0
  145         482.626     856.910           0.000       0.000             145               0
   68        1235.544    -424.437           0.000       0.000              68               0
  102         376.226     431.922           0.000       0.000             102               0
  117        -554.266     118.167           0.000       0.000             117               0
  123        1168.819     546.185           0.000       0.000             123               0
  241         302.185     215.655           0.000       0.000             241               0
  235        -654.897    -149.205           0.000       0.000             235               0
  251       -1676.979    -159.351           0.000       0.000             251               0
  191       -1487.243    -836.840           0.000       0.000             191               0
   22         481.654     498.351           0.000       0.000              22               0
  166        -327.237      60.532           0.000       0.000             166               0
  148       -4449.399    1478.707           0.000       0.000             148               0
  199        1849.801    1928.663           0.000       0.000             199               0
  118        1932.796    -180.160           0.000       0.000             118               0
  114         521.758   -1984.084           0.000       0.000             114               0
   29        1339.175     877.392           0.000       0.000              29               0
   43         -87.498    -484.734           0.000       0.000              43               0
  168       -2119.256    1426.943           0.000       0.000             168               0
   88         248.636   -1574.929           0.000       0.000              88               0
   92        1051.853       5.788           0.000       0.000              92               0
   69        -110.398    -207.762           0.000       0.000              69               0
  138       -2669.103     363.689           0.000       0.000             138               0
   64       -2228.542     572.107           0.000       0.000              64               0
  125        -684.206    1348.462           0.000       0.000             125               0
  180       -1058.066     276.057           0.000       0.000             180               0
  189         -91.711     106.395           0.000       0.000             189               0
   75        2114.063    -932.286           0.000       0.000              75               0
  107        1334.171     322.477           0.000       0.000             107               0
  185       -1633.966     -82.587           0.000       0.000             185               0
  214         976.462     161.744           0.000       0.000             214               0
  203         -13.567    -842.175           0.000       0.000             203               0
   74        2479.828    -269.710           0.000       0.000              74               0
   27        -692.287      50.852           0.000       0.000              27               0
   49        1241.864     318.822           0.000       0.000              49               0
  192        -716.034   -2625.901           0.000       0.000             192               0
  151        -502.738     185.741           0.000       0.000             151               0
   35        2068.351    -581.719           0.000       0.000              35               0
  171       -1066.817   -1164.697           0.000       0.000             171               0
  146        1644.579    1487.903           0.000       0.000             146               0
  226        -852.264     117.663           0.000       0.000             226               0
  193       -1810.912    -908.839           0.000       0.000             193               0
   56        -832.383    1368.958           0.000       0.000              56               0
  118         220.302   -1378.050           0.000       0.000             118               0
  137         212.150    -997.720           0.000       0.000             137               0
  175        -673.635   -2359.501           0.000       0.000             175               0
  233        -918.093    1596.724           0.000       0.000             233               0
  167           3.622   -1707.617           0.000       0.000             167               0
  218       -2335.063    1360.958           0.000       0.000             218               0
  145         477.082     489.288           0.000       0.000             145               0
  255         179.467    -551.683           0.000       0.000             255               0
   54        1597.121     803.526           0.000       0.000              54               0
  215         556.237    -963.828           0.000       0.000             215               0
  138         445.030    -871.643           0.000       0.000             138               0
  119        -227.907   -2059.389           0.000       0.000             119               0
   85         671.888    -347.022           0.000       0.000              85               0
   63         766.897    -846.568           0.000       0.000              63               0
   53        -446.369     731.784           0.000       0.000              53               0
  160       -1318.439    -216.695           0.000       0.000             160               0
  170        2413.249    -630.720           0.000       0.000             170               0
  238        1756.826    1083.728           0.000       0.000             238               0
  119        1367.263     231.417           0.000       0.000             119               0
  117       -2761.156    -603.109           0.000       0.000             117               0
   57        -140.811     386.914           0.000       0.000              57               0
  146        2088.291    -530.618           0.000       0.000             146               0
  167        -190.942    -751.654           0.000       0.000             167               0
  249        -458.237    -903.520           0.000       0.000             249               0
   41        2342.507      50.002           0.000       0.000              41               0
  203       -1231.237    -815.325           0.000       0.000             203               0
  164         105.615     948.991           0.000       0.000             164               0
  188        1372.776       3.893           0.000       0.000             188               0
  173        1004.713     532.706           0.000       0.000             173               0
  102        2135.950    1510.651           0.000       0.000             102               0
  244        1857.395    -322.434           0.000       0.000             244               0
   36         709.425   -1660.700           0.000       0.000              36               0
  240         137.140     682.500           0.000       0.000             240               0
  164         894.085     -45.298           0.000       0.000             164               0
   14         654.208     199.468           0.000       0.000              14               0
  152        2950.541     546.651           0.000       0.000             152               0
  126         629.624   -2352.045           0.000       0.000             126               0
  160        -680.730    -929.010           0.000       0.000             160               0
  152        -590.276   -1213.681           0.000       0.000             152               0
  181         641.283   -1140.762           0.000       0.000             181               0
  119        -892.268   -1022.779           0.000       0.000             119               0
   34        1049.343     158.405           0.000       0.000              34               0
   45       -1102.994     366.845           0.000       0.000              45               0
  205       -1148.957    2365.935           0.000       0.000             205               0
   97        -153.212    -802.233           0.000       0.000              97               0
   98        -652.676    -148.884           0.000       0.000              98               0
  110        2039.648    -412.665           0.000       0.000             110               0
   12         -82.368     249.179           0.000       0.000              12               0
   81        -353.742    1935.038           0.000       0.000              81               0
  230       -1136.694     604.229           0.000       0.000             230               0
  130         422.650      56.513           0.000       0.000             130               0
  138        -793.609    -942.915           0.000       0.000             138               0
  120         -48.237     339.948           0.000       0.000             120               0
   41       -1358.235   -1733.520           0.000       0.000              41               0
  132       -1258.468    -284.181           0.000       0.000             132               0
  162         699.494    -474.094           0.000       0.000             162               0
  244       -2585.341    -369.393           0.000       0.000             244               0
   41       -1387.340     128.028           0.000       0.000              41               0
   94        -249.417   -1043.651           0.000       0.000              94               0
  162       -2411.841    -950.083           0.000       0.000             162               0
  143         803.541     465.486           0.000       0.000             143               0
   83          54.030     918.035           0.000       0.000              83               0
  199       -1057.511    -338.491           0.000       0.000             199               0
  128        -333.804     198.319           0.000       0.000             128               0
  247         238.213    -370.189           0.000       0.000             247               0
  213        -186.765   -1024.276           0.000       0.000             213               0
   24        -989.950     501.875           0.000       0.000              24               0
  118       -1991.126    1104.403           0.000       0.000             118               0
  117         163.821   -1815.879           0.000       0.000             117               0
  176       -1376.970    1504.047           0.000       0.000             176               0
   44        -657.773     751.944           0.000       0.000              44               0
  237         194.221   -1068.851           0.000       0.000             237               0
  211       -1179.392      91.435           0.000       0.000             211               0
   89       -1196.523      99.700           0.000       0.000              89               0
  187         645.011     314.714           0.000       0.000             187               0
   53         492.970     550.315           0.000       0.000              53               0
  188           1.339    1077.011           0.000       0.000             188               0
   41         977.380    -578.242           0.000       0.000              41               0
   65         190.563    2807.898           0.000       0.000              65               0
   14       -1126.648      -8.365           0.000       0.000              14               0
   15        -342.949    -952.189           0.000       0.000              15               0
  195         322.508    -306.012           0.000       0.000             195               0
  153         495.422   -1399.886           0.000       0.000             153               0
  136       -1960.693    2882.800           0.000       0.000             136               0
  237        -987.328     566.667           0.000       0.000             237               0
   29        1599.086     259.501           0.000       0.000              29               0
   43        -571.254    2425.757           0.000       0.000              43               0
  226        -432.740    -997.165           0.000       0.000             226               0
   70        -111.178    1300.947           0.000       0.000              70               0
  138        1627.429     224.251           0.000       0.000             138               0
  133       -1430.116   -1978.900           0.000       0.000             133               0
  214       -1914.483    1418.297           0.000       0.000             214               0
  221         842.962     162.954           0.000       0.000             221               0
   76         434.807    -867.382           0.000       0.000              76               0
   86        -670.986    -745.993           0.000       0.000              86               0
  213       -1308.171    -306.062           0.000       0.000             213               0
   33         380.671    -823.853           0.000       0.000              33               0
  111        1165.948   -2177.442           0.000       0.000             111               0
   76         -31.752     631.299           0.000       0.000              76               0
  151       -1506.328    -578.916           0.000       0.000             151               0
   31       -1210.692   -2386.479           0.000       0.000              31               0
  121        1691.091   -1187.299           0.000       0.000             121               0
  133        -150.861   -1342.337           0.000       0.000             133               0
  243        2256.394   -1021.163           0.000       0.000             243               0
  211         160.582     279.473           0.000       0.000             211               0
   64        2890.931     749.345           0.000       0.000              64               0
   40       -1854.235    -758.927           0.000       0.000              40               0
  143        -372.551    1148.913           0.000       0.000             143               0
  106       -1736.069    2227.088           0.000       0.000             106               0
  106        -162.243    1689.308           0.000       0.000             106               0
  158        2259.910     951.342           0.000       0.000             158               0
  122       -1044.173    1150.269           0.000       0.000             122               0
   46        1432.129    1354.519           0.000       0.000              46               0
   55        -637.258     752.907           0.000       0.000              55               0
    2         616.111     -35.355           0.000       0.000               2               0
   28        -404.748     572.740           0.000       0.000              28               0
   84       -1554.275    1691.487           0.000       0.000              84               0
   46        1309.642       3.455           0.000       0.000              46               0
  255         219.407   -1780.862           0.000       0.000             255               0
  154        1182.996   -1041.019           0.000       0.000             154               0
  184        1236.675     643.788           0.000       0.000             184               0
  132        1497.819    1107.876           0.000       0.000             132               0
  112       -2177.989     383.280           0.000       0.000             112               0
  150       -1094.402     310.213           0.000       0.000             150               0
  208         191.680    -407.803           0.000       0.000             208               0
  199       -1307.689    -450.045           0.000       0.000             199               0
  108        -397.182    -842.307           0.000       0.000             108               0
  242        -156.520    1293.137           0.000       0.000             242               0
   55       -1846.854   -2884.666           0.000       0.000              55               0
  184       -1450.517   -1628.189           0.000       0.000             184               0
  137         426.282     707.675           0.000       0.000             137               0
   87          17.712     265.551           0.000       0.000              87               0
   49        1401.750     411.108           0.000       0.000              49               0
   15        -435.623   -1675.963           0.000       0.000              15               0
   74         817.118    1221.983           0.000       0.000              74               0
    4        -486.221   -2086.393           0.000       0.000               4               0
   79          -1.077     846.542           0.000       0.000              79               0
  115        -740.882   -1035.265           0.000       0.000             115               0
  148         517.310    -610.621           0.000       0.000             148               0
  185       -1031.547   -1084.672           0.000       0.000             185               0
  221       -1955.033    -956.288           0.000       0.000             221               0
   50        -716.127     835.636           0.000       0.000              50               0
   51       -1704.170   -1507.628           0.000       0.000              51               0
   12         403.485     516.536           0.000       0.000              12               0
  105        -228.573   -2026.520           0.000       0.000             105               0
   54        2094.154     -19.904           0.000       0.000              54               0
   40        2520.581     732.080           0.000       0.000              40               0
  190          47.813     223.295           0.000       0.000             190               0
  100        1342.517    1793.610           0.000       0.000             100               0
   39        -286.792    -767.986           0.000       0.000              39               0
   88       -2616.815     906.768           0.000       0.000              88               0
   28        3271.907     272.507           0.000       0.000              28               0
  171       -1092.810     276.788           0.000       0.000             171               0
  201        1581.125    -377.156           0.000       0.000             201               0
  179        1522.985     679.037           0.000       0.000             179               0
  124        1733.157    -874.855           0.000       0.000             124               0
  145         165.280    -347.199           0.000       0.000             145               0
   31         555.690     397.035           0.000       0.000              31               0
  111        -354.523    1783.761           0.000       0.000             111               0
  200        -821.785     924.021           0.000       0.000             200               0
  216       -1218.771   -2504.888           0.000       0.000             216               0
  249         566.132      -1.576           0.000       0.000             249               0
   31        -988.294   -1091.353           0.000       0.000              31               0
   10         365.394     -91.897           0.000       0.000              10               0
    8        -651.181    -433.870           0.000       0.000               8               0
  105        1292.776    -734.135           0.000       0.000             105               0
   15           0.603    -278.019           0.000       0.000              15               0
   87        -157.158     738.381           0.000       0.000              87               0
  221          82.914   -1200.032           0.000       0.000             221               0
  163         512.076     406.970           0.000       0.000             163               0
   17        -879.838     -44.044           0.000       0.000              17               0
  186         344.886     193.433           0.000       0.000             186               0
  214        -659.356    -206.035           0.000       0.000             214               0
   68       -1405.457    2051.553           0.000       0.000              68               0
  199       -1949.171    -414.446           0.000       0.000             199               0
