SINAL     NFT                         FFT                         NFT INVERSA     FFT INVERSA
-----     -----------------------     -----------------------     -----------     -----------
   91       63482.000       0.000           0.000       0.000              91               0
  218         544.386    -131.225           0.000       0.000             218               0
  127        -753.519     491.806           0.000       0.000             127               0
   28         658.104    -189.381           0.000       0.000              28               0
  175         726.311   -1536.923           0.000       0.000             175               0
  134        1783.009    -977.428           0.000       0.000             134               0
   94       -1028.945   -2033.899           0.000       0.000              94               0
   44       -1888.592    -150.198           0.000       0.000              44               0
  220          -3.454    -431.932           0.000       0.000             220               0
  239        2662.045     166.308           0.000       0.000             239               0
   60       -1212.845    -858.807           0.000       0.000              60               0
  229        1549.279     510.800           0.000       0.000             229               0
  166       -1811.841    -990.129           0.000       0.000             166               0
   65       -1871.234     842.695           0.000       0.000              65               0
  111         192.036    -972.153           0.000       0.000             111               0
  163       -1049.782    -684.802           0.000       0.000             163               0
  180        -863.185    1188.681           0.000       0.000             180               0
  209        -846.961    -574.611           0.000       0.000             209               0
  146       -2447.514    -826.412           0.000       0.000             146               0
  207        4251.869      49.561           0.000       0.000             207               0
   99        -377.307      97.421           0.000       0.000              99               0
  207          95.222    1143.747           0.000       0.000             207               0
  253         -60.713   -1675.937           0.000       0.000             253               0
  190        -690.352    1030.856           0.000       0.000             190               0
   68        1132.048   -2047.787           0.000       0.000              68               0
  214       -1644.792     275.812           0.000       0.000             214               0
   29        -506.707    1700.003           0.000       0.000              29               0
   10        1738.030    -668.687           0.000       0.000              10               0
   80        -611.910    -835.470           0.000       0.000              80               0
  220         964.712      81.844           0.000       0.000             220               0
   92        -124.408    2992.949           0.000       0.000              92               0
  172        2141.025   -2049.068           0.000       0.000             172               0
  183         712.245     506.619           0.000       0.000             183               0
  220        1032.466   -2304.024           0.000       0.000             220               0
  201        -180.611    -977.935           0.000       0.000             201               0
  102        -764.714    -160.137           0.000       0.000             102               0
   99        1185.039    -549.693           0.000       0.000              99               0
   39       -1013.723    -621.525           0.000       0.000              39               0
  147       -1124.356    2612.719           0.000       0.000             147               0
   63        1627.666     724.661           0.000       0.000              63               0
   23        -746.797    -871.217           0.000       0.000              23               0
  208       -1264.308     679.566           0.000       0.000             208               0
   37        -775.804     795.049           0.000       0.000              37               0
  189         -72.602     788.203           0.000       0.000             189               0
   18        2335.878     980.247           0.000       0.000              18               0
  149        1149.271     315.728           0.000       0.000             149               0
   96         135.456    1457.714           0.000       0.000              96               0
  198         721.425     484.313           0.000       0.000             198               0
  102       -1285.008     111.139           0.000       0.000             102               0
  243        -412.678    1362.923           0.000       0.000             243               0
  149        1168.984    -662.635           0.000       0.000             149               0
  201        1441.930    -864.140           0.000       0.000             201               0
  194         245.359     -50.542           0.000       0.000             194               0
  146        -914.817   -1431.205           0.000       0.000             146               0
  135         584.951   -1240.201           0.000       0.000             135               0
    7        1734.911   -1144.413           0.000       0.000               7               0
  105       -1848.992     619.791           0.000       0.000             105               0
  165        -547.694    -127.616           0.000       0.000             165               0
   17        -459.154    2332.297           0.000       0.000              17               0
  186        1255.703     921.029           0.000       0.000             186               0
  129         190.120     -16.932           0.000       0.000             129               0
  110        1113.203    -855.662           0.000       0.000             110               0
  102        -318.910     762.080           0.000       0.000             102               0
   56        1139.243    -605.244           0.000       0.000              56               0
   75          81.764      22.043           0.000       0.000              75               0
   47       -1009.716    1244.233           0.000       0.000              47               0
  159       -1004.910    -226.298           0.000       0.000             159               0
  174         922.162   -3396.771           0.000       0.000             174               0
   87        1982.639     620.804           0.000       0.000              87               0
   51          12.610     -33.962           0.000       0.000              51               0
  238        1136.706   -1202.802           0.000       0.000             238               0
  110       -1489.330     679.994           0.000       0.000             110               0
    3         451.891     911.339           0.000       0.000               3               0
   19        -650.906     586.761           0.000       0.000              19               0
   44       -1309.475   -3248.798           0.000       0.000              44               0
   21         530.832    -104.070           0.000       0.000              21               0
  168        -289.554     251.075           0.000       0.000             168               0
  140        1127.938     942.956           0.000       0.000             140               0
  220       -1734.208    -484.654           0.000       0.000             220               0
   14        -424.334    -304.717           0.000       0.000              14               0
  128         154.694    1613.094           0.000       0.000             128               0
  113       -1073.559   -1195.171           0.000       0.000             113               0
  216        -973.855   -1178.187           0.000       0.000             216               0
   67         269.115    1521.893           0.000       0.000              67               0
    4         130.751      24.253           0.000       0.000               4               0
   96       -1355.025     640.093           0.000       0.000              96               0
   74        -427.548     653.182           0.000       0.000              74               0
  109         600.946    -712.515           0.000       0.000             109               0
    5          20.140    -190.966           0.000       0.000               5               0
   92        2490.389    -506.287           0.000       0.000              92               0
   39       -1203.504     318.063           0.000       0.000              39               0
  134         -16.728   -1394.886           0.000       0.000             134               0
  202        -610.558     737.355           0.000       0.000             202               0
  142        1715.030     602.671           0.000       0.000             142               0
  191         608.033   -2016.884           0.000       0.000             191               0
   21        3024.724     796.668           0.000       0.000              21               0
  189       -1091.536   -1512.531           0.000       0.000             189               0
   95        -620.802    2667.073           0.000       0.000              95               0
  196         166.544   -1017.479           0.000       0.000             196               0
   21         -32.844    -116.826           0.000       0.000              21               0
  147        -863.237    1725.051           0.000       0.000             147               0
  178        1640.528   -1842.540           0.000       0.000             178               0
  131         641.958     513.428           0.000       0.000             131               0
  150       -1299.680    -734.521           0.000       0.000             150               0
  198       -2314.565    -208.237           0.000       0.000             198               0
  175         984.683     389.449           0.000       0.000             175               0
  172         465.957    1278.443           0.000       0.000             172               0
  111         152.250   -1667.440           0.000       0.000             111               0
   60        1178.377    -654.669           0.000       0.000              60               0
  136        -625.455    -532.259           0.000       0.000             136               0
  125        1596.177   -2365.356           0.000       0.000             125               0
  188        1597.086     554.551           0.000       0.000             188               0
  250        1685.085     450.845           0.000       0.000             250               0
   86        -459.401     559.732           0.000       0.000              86               0
  255        -573.766     852.381           0.000       0.000             255               0
  254        -539.514    -437.049           0.000       0.000             254               0
  182         813.275    1529.708           0.000       0.000             182               0
   73         503.965    -369.577           0.000       0.000              73               0
  107         870.237     639.128           0.000       0.000             107               0
  187         351.512     930.540           0.000       0.000             187               0
  166        -806.195    1501.746           0.000       0.000             166               0
  147        -353.402    -480.444           0.000       0.000             147               0
   66        1702.174   -1523.912           0.000       0.000              66               0
  112        -153.628    -959.172           0.000       0.000             112               0
   33        1693.250    1279.881           0.000       0.000              33               0
    2        2751.031    -132.790           0.000       0.000               2               0
  134         792.804   -1548.954           0.000       0.000             134               0
  223        -227.636     347.488           0.000       0.000             223               0
   97         332.914    -130.949           0.000       0.000              97               0
   75        -114.791     941.467           0.000       0.000              75               0
  244        -517.568    -349.022           0.000       0.000             244               0
  244        -294.721     114.116           0.000       0.000             244               0
  254        -419.935    1455.289           0.000       0.000             254               0
  120         445.296   -2163.262           0.000       0.000             120               0
  139         940.610    -946.211           0.000       0.000             139               0
  196         316.571     170.923           0.000       0.000             196               0
   39         668.370    3208.891           0.000       0.000              39               0
   56        1029.757    2683.652           0.000       0.000              56               0
   51        -613.412    -747.262           0.000       0.000              51               0
  100       -1490.565    -297.695           0.000       0.000             100               0
  193        -161.241   -1167.656           0.000       0.000             193               0
  177       -1512.346   -1097.147           0.000       0.000             177               0
   33        -671.953     -22.890           0.000       0.000              33               0
  187         888.697   -1432.837           0.000       0.000             187               0
    7        -185.850     362.448           0.000       0.000               7               0
   32        -779.526     142.602           0.000       0.000              32               0
  186        1059.459   -1475.968           0.000       0.000             186               0
  190        -830.511   -1620.090           0.000       0.000             190               0
  106        -690.130   -1425.000           0.000       0.000             106               0
   37        -621.086   -1808.878           0.000       0.000              37               0
  121        -254.076     455.640           0.000       0.000             121               0
   17       -1311.605     672.425           0.000       0.000              17               0
  185       -1702.147      19.452           0.000       0.000             185               0
  187         572.344    -291.769           0.000       0.000             187               0
  129        -965.490     879.167           0.000       0.000             129               0
  218        -601.115    -364.583           0.000       0.000             218               0
  190       -1281.931     -31.148           0.000       0.000             190               0
    8         760.115    1329.370           0.000       0.000               8               0
  185       -2004.052    1317.606           0.000       0.000             185               0
   32        -981.959     906.796           0.000       0.000              32               0
   84       -2268.545     755.542           0.000       0.000              84               0
  174        1447.542     145.457           0.000       0.000             174               0
   20        -112.974    -463.517           0.000       0.000              20               0
   82         -53.906    -262.190           0.000       0.000              82               0
   38        -205.770     919.833           0.000       0.000              38               0
  160        -463.630   -1251.422           0.000       0.000             160               0
   23         -80.353    -484.200           0.000       0.000              23               0
   78       -1055.604     710.935           0.000       0.000              78               0
  217          83.091    -289.936           0.000       0.000             217               0
   74         499.242    -225.940           0.000       0.000              74               0
  178       -2719.823     126.051           0.000       0.000             178               0
  155         589.592     109.761           0.000       0.000             155               0
  252       -1167.049     519.957           0.000       0.000             252               0
  212        -632.944     494.601           0.000       0.000             212               0
   87        -953.917    1469.923           0.000       0.000              87               0
    4         840.280    -679.141           0.000       0.000               4               0
  245       -2356.299   -1916.412           0.000       0.000             245               0
   17        -446.930     720.819           0.000       0.000              17               0
  194        2648.906    -806.101           0.000       0.000             194               0
   95        -342.854     119.369           0.000       0.000              95               0
   55         233.666     299.255           0.000       0.000              55               0
   60        -129.634     346.402           0.000       0.000              60               0
  112         943.358     908.225           0.000       0.000             112               0
  240        -921.042     305.462           0.000       0.000             240               0
  248       -1444.426   -2092.904           0.000       0.000             248               0
  242        -843.754   -1213.630           0.000       0.000             242               0
  202        1223.627   -1765.777           0.000       0.000             202               0
  182         640.228     184.860           0.000       0.000             182               0
  251        1102.818     125.242           0.000       0.000             251               0
  132         380.767     -16.417           0.000       0.000             132               0
  214         363.878   -1409.879           0.000       0.000             214               0
   80         -68.400   -1551.337           0.000       0.000              80               0
   50        1452.306   -1465.653           0.000       0.000              50               0
  235        -157.871      65.662           0.000       0.000             235               0
  162        -556.926    -216.722           0.000       0.000             162               0
   89       -1901.597      61.288           0.000       0.000              89               0
  140        -521.008    -740.697           0.000       0.000             140               0
  185         666.790    1400.372           0.000       0.000             185               0
  167        1434.948    -259.336           0.000       0.000             167               0
  101        -476.865   -1157.309           0.000       0.000             101               0
    4         336.129    -113.303           0.000       0.000               4               0
   90         979.987     896.853           0.000       0.000              90               0
    1        1131.826   -2201.261           0.000       0.000               1               0
    1        -678.495     927.048           0.000       0.000               1               0
   46        1735.674    2110.167           0.000       0.000              46               0
   88       -1765.086     789.766           0.000       0.000              88               0
    6       -2901.737    1272.151           0.000       0.000               6               0
   35         974.193    -191.081           0.000       0.000              35               0
  105        -676.411      21.288           0.000       0.000             105               0
  200        -155.183     140.993           0.000       0.000             200               0
  131         420.653     998.004           0.000       0.000             131               0
  160         131.623    1548.006           0.000       0.000             160               0
    5        -556.818    -135.957           0.000       0.000               5               0
  244         568.617    1452.499           0.000       0.000             244               0
  144        -747.169    1307.943           0.000       0.000             144               0
  253       -1514.885     878.920           0.000       0.000             253               0
  231         166.462     483.754           0.000       0.000             231               0
   91       -1397.330     263.912           0.000       0.000              91               0
  180         798.018   -1141.747           0.000       0.000             180               0
  227        -851.066    -629.128           0.000       0.000             227               0
  223        -263.090   -1156.539           0.000       0.000             223               0
  138        -511.572     825.119           0.000       0.000             138               0
   51       -2398.836     220.450           0.000       0.000              51               0
   18         303.033    2170.613           0.000       0.000              18               0
  117        1199.889     139.074           0.000       0.000             117               0
  213        1075.140    1072.067           0.000       0.000             213               0
  107        -696.576     144.434           0.000       0.000             107               0
    2         -43.785   -1357.157           0.000       0.000               2               0
  143        1068.057    2358.621           0.000       0.000             143               0
   19        1022.417     667.124           0.000       0.000              19               0
  104         931.020   -1204.271           0.000       0.000             104               0
  148       -1727.143    -301.872           0.000       0.000             148               0
  109       -1291.469     847.506           0.000       0.000             109               0
  105       -1231.337     147.090           0.000       0.000             105               0
  149       -2079.337    -106.789           0.000       0.000             149               0
  156         190.835    1042.601           0.000       0.000             156               0
  193        1119.701    -204.865           0.000       0.000             193               0
  155       -1940.762     690.346           0.000       0.000             155               0
  192        -985.088   -1318.851           0.000       0.000             192               0
   43        1962.161     249.194           0.000       0.000              43               0
  100         998.590    1275.987           0.000       0.000             100               0
   67          57.523     716.602           0.000       0.000              67               0
  203         379.138     136.523           0.000       0.000             203               0
  105        -589.159   -1190.677           0.000       0.000             105               0
   56         180.051     -65.044           0.000       0.000              56               0
   92       -1161.314     568.348           0.000       0.000              92               0
  103        -284.243   -1982.983           0.000       0.000             103               0
   31        1593.713    2518.005           0.000       0.000              31               0
  184        -988.343   -1288.851           0.000       0.000             184               0
   27         394.294     764.194           0.000       0.000              27               0
    3        4236.050    -988.908           0.000       0.000               3               0
  151         649.544    2216.331           0.000       0.000             151               0
  166       -2378.951   -1028.222           0.000       0.000             166               0
   54        -442.519    -868.068           0.000       0.000              54               0
  170       -2009.009     445.975           0.000       0.000             170               0
   28       -1794.033    1094.911           0.000       0.000              28               0
   12       -1344.000      -0.386           0.000       0.000              12               0
   21       -1793.586   -1095.668           0.000       0.000              21               0
   30       -2008.535    -446.572           0.000       0.000              30               0
  156        -442.448     867.923           0.000       0.000             156               0
   40       -2378.690    1027.085           0.000       0.000              40               0
  134         651.209   -2216.254           0.000       0.000             134               0
   48        4235.957     990.348           0.000       0.000              48               0
  150         394.224    -764.122           0.000       0.000             150               0
  239        -988.774    1288.325           0.000       0.000             239               0
  197        1594.529   -2517.474           0.000       0.000             197               0
   50        -285.159    1982.972           0.000       0.000              50               0
  177       -1161.137    -568.906           0.000       0.000             177               0
   97         180.110      65.104           0.000       0.000              97               0
  242        -589.458    1190.300           0.000       0.000             242               0
  220         379.320    -136.750           0.000       0.000             220               0
  198          57.882    -716.850           0.000       0.000             198               0
   54         999.097   -1275.696           0.000       0.000              54               0
  168        1961.921    -248.397           0.000       0.000             168               0
   48        -986.006    1318.425           0.000       0.000              48               0
  111       -1940.542    -691.210           0.000       0.000             111               0
    4        1119.652     205.069           0.000       0.000               4               0
  151         190.817   -1042.648           0.000       0.000             151               0
  143       -2079.603     106.062           0.000       0.000             143               0
  188       -1231.234    -147.626           0.000       0.000             188               0
  179       -1291.031    -847.952           0.000       0.000             179               0
  146       -1726.794     301.354           0.000       0.000             146               0
   84         931.114    1204.353           0.000       0.000              84               0
   89        1022.846    -667.188           0.000       0.000              89               0
  201        1068.815   -2358.238           0.000       0.000             201               0
  254         -44.359    1357.214           0.000       0.000             254               0
  117        -696.444    -144.936           0.000       0.000             117               0
  213        1075.597   -1071.867           0.000       0.000             213               0
   20        1199.723    -138.831           0.000       0.000              20               0
  147         303.286   -2170.502           0.000       0.000             147               0
  113       -2398.979    -221.039           0.000       0.000             113               0
   60        -511.194    -825.025           0.000       0.000              60               0
   26        -263.452    1156.657           0.000       0.000              26               0
  161        -851.183     628.821           0.000       0.000             161               0
  211         797.608    1141.784           0.000       0.000             211               0
    9       -1397.293    -264.736           0.000       0.000               9               0
  103         166.627    -483.998           0.000       0.000             103               0
    5       -1514.555    -879.682           0.000       0.000               5               0
  187        -746.453   -1308.333           0.000       0.000             187               0
  201         569.278   -1452.240           0.000       0.000             201               0
  248        -556.759     135.785           0.000       0.000             248               0
  151         132.297   -1547.970           0.000       0.000             151               0
  143         421.018    -997.654           0.000       0.000             143               0
   47        -155.189    -140.836           0.000       0.000              47               0
   63        -676.359     -21.410           0.000       0.000              63               0
  191         973.967     191.348           0.000       0.000             191               0
  158       -2901.367   -1273.169           0.000       0.000             158               0
   68       -1764.248    -790.301           0.000       0.000              68               0
   87        1736.805   -2109.309           0.000       0.000              87               0
   45        -677.934    -926.637           0.000       0.000              45               0
    1        1131.388    2201.965           0.000       0.000               1               0
   10         980.344    -896.415           0.000       0.000              10               0
  192         336.048     113.742           0.000       0.000             192               0
   86        -477.145    1157.307           0.000       0.000              86               0
   99        1434.913     259.761           0.000       0.000              99               0
  137         667.015   -1399.975           0.000       0.000             137               0
   85        -521.543     740.813           0.000       0.000              85               0
  217       -1901.562     -61.733           0.000       0.000             217               0
   94        -556.703     216.776           0.000       0.000              94               0
  105        -157.491     -65.368           0.000       0.000             105               0
  109        1451.988    1466.460           0.000       0.000             109               0
  208         -68.890    1551.397           0.000       0.000             208               0
  166         363.508    1409.858           0.000       0.000             166               0
  135         380.866      16.373           0.000       0.000             135               0
  114        1102.868    -124.879           0.000       0.000             114               0
  121         640.175    -184.444           0.000       0.000             121               0
  145        1222.717    1766.331           0.000       0.000             145               0
  217        -844.547    1213.274           0.000       0.000             217               0
  127       -1445.214    2092.060           0.000       0.000             127               0
   76        -920.737    -306.275           0.000       0.000              76               0
  163         943.786    -908.152           0.000       0.000             163               0
  120        -129.537    -346.521           0.000       0.000             120               0
  228         233.768    -299.195           0.000       0.000             228               0
   50        -342.698    -119.429           0.000       0.000              50               0
  167        2648.444     806.943           0.000       0.000             167               0
   35        -447.263    -720.935           0.000       0.000              35               0
  241       -2357.071    1915.573           0.000       0.000             241               0
   70         840.023     678.980           0.000       0.000              70               0
  104        -953.621   -1470.539           0.000       0.000             104               0
   73        -632.873    -494.860           0.000       0.000              73               0
  116       -1166.848    -520.341           0.000       0.000             116               0
  105         589.518    -109.527           0.000       0.000             105               0
   83       -2719.734    -126.924           0.000       0.000              83               0
   52         499.426     226.125           0.000       0.000              52               0
  191          82.971     289.886           0.000       0.000             191               0
  183       -1055.335    -711.277           0.000       0.000             183               0
  189         -80.416     484.273           0.000       0.000             189               0
   20        -463.982    1251.100           0.000       0.000              20               0
  144        -205.373    -920.078           0.000       0.000             144               0
   28         -53.937     262.140           0.000       0.000              28               0
  126        -113.074     463.307           0.000       0.000             126               0
  254        1447.321    -145.242           0.000       0.000             254               0
  236       -2268.588    -756.527           0.000       0.000             236               0
   36        -981.655    -907.261           0.000       0.000              36               0
  133       -2003.394   -1318.279           0.000       0.000             133               0
   94         760.727   -1328.889           0.000       0.000              94               0
  158       -1281.920      31.006           0.000       0.000             158               0
   23        -601.098     364.486           0.000       0.000              23               0
   56        -964.992    -879.348           0.000       0.000              56               0
   29         572.301     292.168           0.000       0.000              29               0
  100       -1702.134     -19.908           0.000       0.000             100               0
  219       -1311.093    -672.647           0.000       0.000             219               0
  149        -253.624    -455.251           0.000       0.000             149               0
   72        -621.456    1809.077           0.000       0.000              72               0
   14        -690.327    1424.907           0.000       0.000              14               0
   61        -830.636    1619.786           0.000       0.000              61               0
  107        1059.243    1476.065           0.000       0.000             107               0
    0        -779.316    -143.130           0.000       0.000              -0               0
  131        -185.423    -362.512           0.000       0.000             131               0
  212         888.337    1433.085           0.000       0.000             212               0
   73        -671.985      22.537           0.000       0.000              73               0
  247       -1512.502    1096.531           0.000       0.000             247               0
   61        -161.345    1167.278           0.000       0.000              61               0
  156       -1490.296     296.763           0.000       0.000             156               0
   44        -613.035     746.414           0.000       0.000              44               0
  253        1031.189   -2683.848           0.000       0.000             253               0
   84         669.762   -3208.492           0.000       0.000              84               0
  233         316.919    -170.319           0.000       0.000             233               0
   18         940.501     946.831           0.000       0.000              18               0
  228         444.633    2163.230           0.000       0.000             228               0
    5        -419.347   -1455.677           0.000       0.000               5               0
  144        -294.476    -114.176           0.000       0.000             144               0
  227        -517.378     348.775           0.000       0.000             227               0
  241        -114.072    -941.518           0.000       0.000             241               0
  181         333.259     131.153           0.000       0.000             181               0
  105        -227.047    -347.415           0.000       0.000             105               0
   80         792.893    1549.228           0.000       0.000              80               0
   83        2751.309     133.471           0.000       0.000              83               0
  128        1693.587   -1279.290           0.000       0.000             128               0
  137        -153.960     959.276           0.000       0.000             137               0
  112        1701.611    1524.303           0.000       0.000             112               0
  228        -353.732     479.865           0.000       0.000             228               0
  100        -805.573   -1502.342           0.000       0.000             100               0
    6         352.085    -930.472           0.000       0.000               6               0
   45         870.603    -638.781           0.000       0.000              45               0
  115         503.906     369.687           0.000       0.000             115               0
   68         813.745   -1529.416           0.000       0.000              68               0
  152        -539.691     436.952           0.000       0.000             152               0
  115        -573.298    -852.555           0.000       0.000             115               0
  200        -458.787    -559.730           0.000       0.000             200               0
  109        1685.623    -450.047           0.000       0.000             109               0
  189        1597.367    -553.581           0.000       0.000             189               0
  192        1595.213    2366.135           0.000       0.000             192               0
  170        -625.729     531.990           0.000       0.000             170               0
   90        1178.145     655.048           0.000       0.000              90               0
  236         151.576    1667.216           0.000       0.000             236               0
  168         466.294   -1278.558           0.000       0.000             168               0
  174         984.478    -389.077           0.000       0.000             174               0
  213       -2314.825     207.535           0.000       0.000             213               0
  186       -1299.596     734.029           0.000       0.000             186               0
  147         642.515    -513.218           0.000       0.000             147               0
  219        1639.923    1842.897           0.000       0.000             219               0
   75        -862.722   -1725.547           0.000       0.000              75               0
  118         -32.755     116.899           0.000       0.000             118               0
  205         166.283    1017.326           0.000       0.000             205               0
    0        -619.776   -2667.238           0.000       0.000              -0               0
  223       -1091.533    1512.373           0.000       0.000             223               0
   29        3025.323    -795.552           0.000       0.000              29               0
   83         607.319    2017.070           0.000       0.000              83               0
   95        1715.052    -602.312           0.000       0.000              95               0
  166        -610.536    -737.462           0.000       0.000             166               0
  196         -17.253    1394.900           0.000       0.000             196               0
   68       -1203.181    -318.566           0.000       0.000              68               0
   11        2490.313     507.077           0.000       0.000              11               0
  203          19.859     190.879           0.000       0.000             203               0
  113         600.494     712.508           0.000       0.000             113               0
  127        -427.597    -653.556           0.000       0.000             127               0
   15       -1354.840    -640.606           0.000       0.000              15               0
   10         130.847     -24.269           0.000       0.000              10               0
  242         269.531   -1521.660           0.000       0.000             242               0
  215        -974.342    1178.070           0.000       0.000             215               0
  119       -1073.832    1194.606           0.000       0.000             119               0
  176         155.366   -1613.147           0.000       0.000             176               0
  151        -424.422     304.697           0.000       0.000             151               0
   34       -1734.089     484.009           0.000       0.000              34               0
   10        1128.550    -942.582           0.000       0.000              10               0
  131        -289.365    -250.969           0.000       0.000             131               0
  202         530.822     104.581           0.000       0.000             202               0
  184       -1310.495    3248.265           0.000       0.000             184               0
   89        -650.396    -587.407           0.000       0.000              89               0
  133         452.420    -911.296           0.000       0.000             133               0
   75       -1488.743    -680.333           0.000       0.000              75               0
   52        1136.742    1203.271           0.000       0.000              52               0
  208          12.946      33.903           0.000       0.000             208               0
  193        1983.043    -619.917           0.000       0.000             193               0
    1         920.856    3397.014           0.000       0.000               1               0
  208       -1005.077     225.420           0.000       0.000             208               0
  161       -1009.060   -1244.827           0.000       0.000             161               0
   31          82.159     -22.048           0.000       0.000              31               0
   36        1139.255     605.462           0.000       0.000              36               0
    0        -318.468    -762.307           0.000       0.000               0               0
  197        1113.102     855.907           0.000       0.000             197               0
  232         190.216      16.663           0.000       0.000             232               0
   69        1255.986    -920.919           0.000       0.000              69               0
  209        -458.491   -2332.383           0.000       0.000             209               0
  180        -547.724     127.698           0.000       0.000             180               0
  183       -1848.403    -620.133           0.000       0.000             183               0
   80        1734.932    1145.266           0.000       0.000              80               0
  195         584.568    1240.440           0.000       0.000             195               0
  193        -915.119    1430.705           0.000       0.000             193               0
   67         245.734      50.381           0.000       0.000              67               0
  154        1441.878     864.379           0.000       0.000             154               0
   57        1168.700     662.566           0.000       0.000              57               0
  243        -412.326   -1363.417           0.000       0.000             243               0
   50       -1284.743    -111.772           0.000       0.000              50               0
   91         721.933    -484.355           0.000       0.000              91               0
  254         136.239   -1457.807           0.000       0.000             254               0
  182        1149.672    -315.398           0.000       0.000             182               0
   38        2336.120    -979.530           0.000       0.000              38               0
  182         -72.657    -788.204           0.000       0.000             182               0
   15        -775.685    -795.222           0.000       0.000              15               0
  171       -1263.975    -679.795           0.000       0.000             171               0
    2        -746.710     870.999           0.000       0.000               2               0
   68        1628.069    -724.281           0.000       0.000              68               0
  123       -1123.458   -2612.831           0.000       0.000             123               0
  196       -1013.545     621.674           0.000       0.000             196               0
   69        1185.166     550.341           0.000       0.000              69               0
   76        -764.533     160.124           0.000       0.000              76               0
  101        -180.467     978.125           0.000       0.000             101               0
  100        1032.130    2304.261           0.000       0.000             100               0
  112         712.771    -506.571           0.000       0.000             112               0
  102        2140.456    2049.413           0.000       0.000             102               0
   42        -123.397   -2993.229           0.000       0.000              42               0
   89         964.787     -81.263           0.000       0.000              89               0
  171        -612.057     835.342           0.000       0.000             171               0
  252        1737.853     669.075           0.000       0.000             252               0
   13        -506.287   -1700.206           0.000       0.000              13               0
   98       -1644.460    -276.040           0.000       0.000              98               0
   77        1131.644    2048.192           0.000       0.000              77               0
  209        -689.833   -1031.133           0.000       0.000             209               0
   36         -60.952    1675.840           0.000       0.000              36               0
  145          95.935   -1143.870           0.000       0.000             145               0
  107        -376.742     -97.469           0.000       0.000             107               0
   93        4251.863     -48.026           0.000       0.000              93               0
  133       -2448.080     825.634           0.000       0.000             133               0
  158        -846.922     574.172           0.000       0.000             158               0
  185        -862.478   -1188.963           0.000       0.000             185               0
  131       -1049.552     684.605           0.000       0.000             131               0
   84         192.117     972.126           0.000       0.000              84               0
  223       -1870.474    -843.343           0.000       0.000             223               0
   58       -1811.197     989.540           0.000       0.000              58               0
   99        1550.370    -510.281           0.000       0.000              99               0
  138       -1212.195     858.429           0.000       0.000             138               0
   60        2662.960    -165.422           0.000       0.000              60               0
  167          -3.093     432.001           0.000       0.000             167               0
    5       -1887.712     149.717           0.000       0.000               5               0
    1       -1028.078    2033.576           0.000       0.000               1               0
  237        1784.335     977.823           0.000       0.000             237               0
   82         727.468    1536.811           0.000       0.000              82               0
  102         660.164     189.125           0.000       0.000             102               0
   82        -750.007    -492.383           0.000       0.000              82               0
  194         551.155     131.170           0.000       0.000             194               0
