SINAL     NFT                         FFT                         NFT INVERSA     FFT INVERSA
-----     -----------------------     -----------------------     -----------     -----------
   81       65776.000       0.000           0.000       0.000              81               0
  221         619.191    1789.027           0.000       0.000             221               0
  216        -641.751     673.348           0.000       0.000             216               0
  176       -1985.673     608.181           0.000       0.000             176               0
  238        1067.820    -842.743           0.000       0.000             238               0
  110        -296.338   -1624.108           0.000       0.000             110               0
  224        1591.581    -624.862           0.000       0.000             224               0
   77       -1253.739    -695.809           0.000       0.000              77               0
  184       -1784.731    1505.675           0.000       0.000             184               0
  105       -1730.771     453.258           0.000       0.000             105               0
   55         -36.168    1294.492           0.000       0.000              55               0
   54         328.143    -727.964           0.000       0.000              54               0
   34         515.548    1152.022           0.000       0.000              34               0
  104         813.445   -1900.483           0.000       0.000             104               0
  193        2266.950   -1192.032           0.000       0.000             193               0
   27        -267.603    -881.336           0.000       0.000              27               0
   22         -19.859     525.292           0.000       0.000              22               0
  232         432.650     697.066           0.000       0.000             232               0
    0         347.402   -1118.862           0.000       0.000               0               0
   45        1912.525    1024.470           0.000       0.000              45               0
  124        1526.902      55.520           0.000       0.000             124               0
  197         121.818   -2280.810           0.000       0.000             197               0
  203         239.467   -1702.292           0.000       0.000             203               0
  245        1093.364   -1390.841           0.000       0.000             245               0
   55        -103.808    1205.442           0.000       0.000              55               0
  163        -177.472   -1491.419           0.000       0.000             163               0
    2         723.514   -1813.635           0.000       0.000               2               0
  208        -533.914    -563.921           0.000       0.000             208               0
  219         735.786    -770.787           0.000       0.000             219               0
    0        1146.113    -723.565           0.000       0.000               0               0
  253        -157.019    2574.072           0.000       0.000             253               0
   44        1576.838    -519.783           0.000       0.000              44               0
  221         509.987    -406.022           0.000       0.000             221               0
  214        -506.728   -2840.566           0.000       0.000             214               0
  221         436.244    -138.292           0.000       0.000             221               0
  204         111.085    -915.827           0.000       0.000             204               0
   68       -2445.914   -1542.441           0.000       0.000              68               0
  190         718.481     795.492           0.000       0.000             190               0
   25       -1942.500    -888.213           0.000       0.000              25               0
  253        -103.806    -200.433           0.000       0.000             253               0
   39        -100.753     -83.532           0.000       0.000              39               0
   81        -552.835     -67.683           0.000       0.000              81               0
   51         360.955    -464.062           0.000       0.000              51               0
   74        1030.145     273.769           0.000       0.000              74               0
  185          66.209    -814.075           0.000       0.000             185               0
  245        2761.441   -1134.220           0.000       0.000             245               0
  102        1181.565    -124.498           0.000       0.000             102               0
  207        -107.552     857.346           0.000       0.000             207               0
  221          70.962     226.798           0.000       0.000             221               0
  102        1001.401   -1332.027           0.000       0.000             102               0
  252        -594.348    -747.589           0.000       0.000             252               0
   90        -243.960    -214.063           0.000       0.000              90               0
   44       -1209.753     -19.072           0.000       0.000              44               0
  200         443.493    2282.081           0.000       0.000             200               0
   79         141.038     200.058           0.000       0.000              79               0
  100        -945.277    -681.671           0.000       0.000             100               0
  107       -1192.248      -0.743           0.000       0.000             107               0
   81        -323.905   -2359.354           0.000       0.000              81               0
   52         533.322     202.590           0.000       0.000              52               0
   70        -283.088     870.030           0.000       0.000              70               0
   82           7.707     520.889           0.000       0.000              82               0
   50        -886.445     -21.067           0.000       0.000              50               0
  115        1136.897    2046.857           0.000       0.000             115               0
   47        -755.404    -310.542           0.000       0.000              47               0
    8           3.956   -1712.595           0.000       0.000               8               0
   80        -348.463    1470.335           0.000       0.000              80               0
  251          -1.530    2292.108           0.000       0.000             251               0
   77        2824.295     279.673           0.000       0.000              77               0
   15         243.102    -977.582           0.000       0.000              15               0
   21       -2146.689   -1041.489           0.000       0.000              21               0
   74        -672.415    4552.407           0.000       0.000              74               0
   54         420.682   -2265.683           0.000       0.000              54               0
  103        1904.532    -154.318           0.000       0.000             103               0
  126        -106.599   -1245.311           0.000       0.000             126               0
  129       -1968.176    1274.133           0.000       0.000             129               0
   32        -321.009    -599.132           0.000       0.000              32               0
  115         435.448    -421.523           0.000       0.000             115               0
  231         329.012      49.644           0.000       0.000             231               0
  240        -566.128   -1473.709           0.000       0.000             240               0
   81        2705.213   -1056.945           0.000       0.000              81               0
   78       -3043.946    -311.055           0.000       0.000              78               0
  237        1372.533   -1074.908           0.000       0.000             237               0
  171       -2673.769     748.882           0.000       0.000             171               0
  122        -127.621   -1325.640           0.000       0.000             122               0
  181        -757.832     223.282           0.000       0.000             181               0
  251        -620.772    1812.617           0.000       0.000             251               0
  222        1061.914   -1734.110           0.000       0.000             222               0
   32       -3441.790    -590.303           0.000       0.000              32               0
   76         820.223     945.583           0.000       0.000              76               0
   19         -66.050    -136.249           0.000       0.000              19               0
  103       -1243.034    1288.295           0.000       0.000             103               0
  159          92.508    -672.339           0.000       0.000             159               0
   69        2215.366    1235.877           0.000       0.000              69               0
  219         255.654    -939.677           0.000       0.000             219               0
  206          55.348    -851.337           0.000       0.000             206               0
   77        -791.620   -1650.377           0.000       0.000              77               0
   44         316.925   -2031.580           0.000       0.000              44               0
  202        -248.260     -79.663           0.000       0.000             202               0
  155       -1622.643   -1829.615           0.000       0.000             155               0
   59         610.982     362.344           0.000       0.000              59               0
  224         805.667    1132.108           0.000       0.000             224               0
  229        -953.876    -546.141           0.000       0.000             229               0
  114        -434.478    -631.881           0.000       0.000             114               0
   71         336.292     255.856           0.000       0.000              71               0
   99       -1070.014    -243.461           0.000       0.000              99               0
  243         922.841     161.331           0.000       0.000             243               0
  103        -237.891    1557.023           0.000       0.000             103               0
  215        1508.880    -146.455           0.000       0.000             215               0
  218        -316.836     -95.430           0.000       0.000             218               0
   87         748.998    1554.761           0.000       0.000              87               0
   40       -1935.859    -522.782           0.000       0.000              40               0
   41       -1058.191     589.518           0.000       0.000              41               0
   69         431.627     -29.101           0.000       0.000              69               0
  212         919.336    -342.803           0.000       0.000             212               0
  163         216.872    1214.250           0.000       0.000             163               0
  250        1270.719     193.186           0.000       0.000             250               0
  207         608.269     241.279           0.000       0.000             207               0
  130       -1054.313    -973.168           0.000       0.000             130               0
   27         850.224     984.848           0.000       0.000              27               0
   28        -129.976   -1246.445           0.000       0.000              28               0
  149         639.382   -1644.986           0.000       0.000             149               0
  130         494.714    -666.944           0.000       0.000             130               0
  187         -89.993    -650.550           0.000       0.000             187               0
  219        1730.105     545.627           0.000       0.000             219               0
   94         372.711    2145.377           0.000       0.000              94               0
  138       -2129.334    1245.690           0.000       0.000             138               0
   41         247.992    -688.663           0.000       0.000              41               0
  138          92.225   -1340.781           0.000       0.000             138               0
   84       -1162.771   -3227.062           0.000       0.000              84               0
  196        -814.667     -15.680           0.000       0.000             196               0
  197       -1470.577    1033.227           0.000       0.000             197               0
   52        1361.370    -993.652           0.000       0.000              52               0
  170        1591.402     465.797           0.000       0.000             170               0
   55        1257.751   -2986.818           0.000       0.000              55               0
  123        1317.671     674.456           0.000       0.000             123               0
   14        -217.277     266.047           0.000       0.000              14               0
   43       -2485.102    3480.994           0.000       0.000              43               0
  227         498.320    1187.597           0.000       0.000             227               0
  229        -594.101     524.276           0.000       0.000             229               0
    6       -2620.933    -468.712           0.000       0.000               6               0
   59         752.372    -897.596           0.000       0.000              59               0
   14         -45.675    1241.660           0.000       0.000              14               0
   47       -1712.200    1317.295           0.000       0.000              47               0
  128       -1127.595   -1289.507           0.000       0.000             128               0
  226        -654.740   -1496.836           0.000       0.000             226               0
  211         475.506    1609.910           0.000       0.000             211               0
  122        1004.533    2117.211           0.000       0.000             122               0
  177        -441.207   -1010.633           0.000       0.000             177               0
   85        -194.981   -1761.735           0.000       0.000              85               0
  150         728.402     297.304           0.000       0.000             150               0
  205         906.524     295.684           0.000       0.000             205               0
  235        -804.267     163.710           0.000       0.000             235               0
   25       -1163.206     284.883           0.000       0.000              25               0
  137        3613.078   -1576.753           0.000       0.000             137               0
  199         -14.644   -1633.662           0.000       0.000             199               0
  119        -209.265      31.388           0.000       0.000             119               0
   19        -981.087     328.200           0.000       0.000              19               0
  240        1405.455   -3002.081           0.000       0.000             240               0
    1          64.511    -124.848           0.000       0.000               1               0
  103         347.843    -316.260           0.000       0.000             103               0
  181        -637.293    -784.600           0.000       0.000             181               0
  199        -551.345    1160.235           0.000       0.000             199               0
  156        -705.099     445.285           0.000       0.000             156               0
   95        2055.789     279.688           0.000       0.000              95               0
  254        -441.900     195.552           0.000       0.000             254               0
   23        -515.148   -1638.233           0.000       0.000              23               0
  109        -822.351     817.107           0.000       0.000             109               0
   42        -301.332    1269.200           0.000       0.000              42               0
  251       -2030.562   -1728.505           0.000       0.000             251               0
   83         720.590    1551.465           0.000       0.000              83               0
   48          69.322     876.407           0.000       0.000              48               0
   54         311.842     220.347           0.000       0.000              54               0
   97        -529.427    -201.643           0.000       0.000              97               0
   95        1966.670    -619.251           0.000       0.000              95               0
  183        -982.727     764.056           0.000       0.000             183               0
   67        1700.016   -1778.482           0.000       0.000              67               0
   50        -385.989    2109.118           0.000       0.000              50               0
   50       -1890.271   -1496.575           0.000       0.000              50               0
  245        -943.339     480.956           0.000       0.000             245               0
  136         542.382     722.785           0.000       0.000             136               0
  200         100.193    -969.385           0.000       0.000             200               0
  194        3024.167     983.557           0.000       0.000             194               0
  115         311.468    1921.252           0.000       0.000             115               0
  225        1888.658     390.709           0.000       0.000             225               0
   75         143.267     415.232           0.000       0.000              75               0
   58        1709.222     513.509           0.000       0.000              58               0
   88         580.737   -1433.012           0.000       0.000              88               0
   94         910.261   -1650.109           0.000       0.000              94               0
   43         245.899   -1335.618           0.000       0.000              43               0
   89         813.222    1207.307           0.000       0.000              89               0
  198         -93.471     991.323           0.000       0.000             198               0
  224        -127.108    -301.753           0.000       0.000             224               0
   33        -552.200     933.349           0.000       0.000              33               0
   98       -1380.544    1590.032           0.000       0.000              98               0
   64        -669.900   -1537.160           0.000       0.000              64               0
   31       -1410.169     303.552           0.000       0.000              31               0
  122         814.602   -1293.591           0.000       0.000             122               0
  173       -2142.187     295.743           0.000       0.000             173               0
   74       -1008.934      30.751           0.000       0.000              74               0
  117       -1658.902    -343.663           0.000       0.000             117               0
    1       -2222.656    1081.140           0.000       0.000               1               0
  122         147.517    -637.987           0.000       0.000             122               0
  172         545.827    1146.826           0.000       0.000             172               0
   98       -1139.698    2703.414           0.000       0.000              98               0
  217       -1022.661   -1236.429           0.000       0.000             217               0
   99        2078.214    -605.128           0.000       0.000              99               0
  165         797.369    -780.971           0.000       0.000             165               0
   12         310.734     260.311           0.000       0.000              12               0
  149       -1133.905     899.006           0.000       0.000             149               0
  155        1948.227    -155.782           0.000       0.000             155               0
  148        -490.780    -548.826           0.000       0.000             148               0
   93       -3179.765   -2963.666           0.000       0.000              93               0
   93         998.630     313.794           0.000       0.000              93               0
    8        -435.013     -52.622           0.000       0.000               8               0
   63         313.510     488.295           0.000       0.000              63               0
  169       -1637.327     135.088           0.000       0.000             169               0
   66         926.606     190.268           0.000       0.000              66               0
  151       -2210.186    1033.826           0.000       0.000             151               0
    8        -935.712     770.057           0.000       0.000               8               0
  110         494.016     399.312           0.000       0.000             110               0
  241        -659.709     719.370           0.000       0.000             241               0
  206        2253.560    1781.607           0.000       0.000             206               0
   78        1100.970     361.751           0.000       0.000              78               0
   18        -204.088     455.645           0.000       0.000              18               0
   49         422.350     572.954           0.000       0.000              49               0
  143         685.588    -325.943           0.000       0.000             143               0
   50         327.475    -741.405           0.000       0.000              50               0
  171        -199.267   -1312.596           0.000       0.000             171               0
   61       -1641.698    1117.948           0.000       0.000              61               0
  124        -872.661   -1854.200           0.000       0.000             124               0
   33        -261.338    1622.385           0.000       0.000              33               0
   62       -1056.042    1135.033           0.000       0.000              62               0
  246        -374.230    1368.128           0.000       0.000             246               0
  205       -1446.569    2366.411           0.000       0.000             205               0
  160         663.693     739.114           0.000       0.000             160               0
  208         479.794     939.679           0.000       0.000             208               0
   49        -382.880    2291.165           0.000       0.000              49               0
   70          37.246    1804.652           0.000       0.000              70               0
  221         558.811    1417.029           0.000       0.000             221               0
  198        -584.099     391.629           0.000       0.000             198               0
  225        -928.765    1749.620           0.000       0.000             225               0
  113         996.441    1944.123           0.000       0.000             113               0
   36       -3658.105   -2635.446           0.000       0.000              36               0
   63         247.777     326.570           0.000       0.000              63               0
  121         524.435     584.716           0.000       0.000             121               0
   99        -514.561   -1263.022           0.000       0.000              99               0
  233         207.583    1436.710           0.000       0.000             233               0
  188        -363.722    1738.570           0.000       0.000             188               0
  251        -531.300     806.607           0.000       0.000             251               0
  241        -650.918    -518.309           0.000       0.000             241               0
   42         421.573    -540.745           0.000       0.000              42               0
  236       -1002.502   -1239.366           0.000       0.000             236               0
  192       -1699.788    -289.356           0.000       0.000             192               0
  121        -320.455   -2040.236           0.000       0.000             121               0
  255         659.337   -1012.384           0.000       0.000             255               0
  242         161.403    -819.832           0.000       0.000             242               0
    8         966.000       0.295           0.000       0.000               8               0
   49         161.015     820.079           0.000       0.000              49               0
  157         658.783    1012.687           0.000       0.000             157               0
   69        -321.483    2039.942           0.000       0.000              69               0
  174       -1700.033     288.472           0.000       0.000             174               0
  191       -1002.779    1238.691           0.000       0.000             191               0
  131         421.448     540.403           0.000       0.000             131               0
  165        -651.135     517.499           0.000       0.000             165               0
  141        -530.985    -807.398           0.000       0.000             141               0
   36        -363.051   -1739.044           0.000       0.000              36               0
  118         208.085   -1436.624           0.000       0.000             118               0
  190        -514.971    1262.751           0.000       0.000             190               0
  107         524.583    -584.827           0.000       0.000             107               0
   83         247.531    -326.578           0.000       0.000              83               0
  133       -3658.935    2633.692           0.000       0.000             133               0
   77         997.380   -1944.561           0.000       0.000              77               0
  196        -928.117   -1750.267           0.000       0.000             196               0
  170        -583.733    -392.141           0.000       0.000             170               0
  140         559.449   -1417.238           0.000       0.000             140               0
   62          37.869   -1804.916           0.000       0.000              62               0
   14        -382.041   -2291.332           0.000       0.000              14               0
  118         480.161    -939.450           0.000       0.000             118               0
  250         663.744    -738.984           0.000       0.000             250               0
    9       -1445.927   -2366.877           0.000       0.000               9               0
  103        -373.769   -1368.008           0.000       0.000             103               0
   36       -1055.615   -1135.107           0.000       0.000              36               0
  246        -260.722   -1621.954           0.000       0.000             246               0
   40        -873.244    1854.239           0.000       0.000              40               0
  157       -1641.057   -1118.316           0.000       0.000             157               0
  245        -199.274    1312.750           0.000       0.000             245               0
   26         327.578     741.440           0.000       0.000              26               0
  166         685.698     325.965           0.000       0.000             166               0
   39         422.649    -573.007           0.000       0.000              39               0
  184        -203.745    -455.836           0.000       0.000             184               0
  235        1101.307    -361.560           0.000       0.000             235               0
  214        2253.959   -1780.892           0.000       0.000             214               0
  119        -659.794    -719.441           0.000       0.000             119               0
  111         493.886    -399.048           0.000       0.000             111               0
  123        -935.778    -770.283           0.000       0.000             123               0
    4       -2209.775   -1034.354           0.000       0.000               4               0
  148         926.747    -189.692           0.000       0.000             148               0
  241       -1637.252    -135.434           0.000       0.000             241               0
  195         313.820    -487.946           0.000       0.000             195               0
  255        -434.963      52.771           0.000       0.000             255               0
   68         998.560    -313.020           0.000       0.000              68               0
   72       -3180.734    2962.764           0.000       0.000              72               0
   77        -490.424     548.411           0.000       0.000              77               0
    9        1948.349     156.203           0.000       0.000               9               0
  242       -1133.564    -899.468           0.000       0.000             242               0
  217         311.072    -260.086           0.000       0.000             217               0
   71         797.265     781.297           0.000       0.000              71               0
    0        2077.775     605.722           0.000       0.000              -0               0
   80       -1023.460    1235.661           0.000       0.000              80               0
   66       -1138.835   -2704.080           0.000       0.000              66               0
   10         546.158   -1146.418           0.000       0.000              10               0
  184         146.947     638.151           0.000       0.000             184               0
  102       -2222.546   -1081.795           0.000       0.000             102               0
    0       -1658.941     343.276           0.000       0.000              -0               0
  224       -1008.798     -31.013           0.000       0.000             224               0
    4       -2141.745    -296.292           0.000       0.000               4               0
  246         814.455    1293.907           0.000       0.000             246               0
  251       -1409.934    -304.063           0.000       0.000             251               0
  170        -670.153    1536.720           0.000       0.000             170               0
   30       -1379.648   -1590.754           0.000       0.000              30               0
  179        -551.382    -933.442           0.000       0.000             179               0
  150        -126.713     301.758           0.000       0.000             150               0
  245         -92.626    -991.323           0.000       0.000             245               0
   43         814.070   -1206.672           0.000       0.000              43               0
    6         245.839    1336.089           0.000       0.000               6               0
  112         910.075    1650.450           0.000       0.000             112               0
   48         580.599    1432.902           0.000       0.000              48               0
  155        1709.597    -513.296           0.000       0.000             155               0
   98         143.587    -415.400           0.000       0.000              98               0
  243        1888.926    -390.311           0.000       0.000             243               0
  155         312.216   -1921.189           0.000       0.000             155               0
  167        3024.366    -982.259           0.000       0.000             167               0
   59          99.467     969.557           0.000       0.000              59               0
  232         542.265    -722.590           0.000       0.000             232               0
  177        -943.511    -481.059           0.000       0.000             177               0
   46       -1890.726    1495.920           0.000       0.000              46               0
  194        -384.924   -2109.163           0.000       0.000             194               0
  249        1699.521    1779.198           0.000       0.000             249               0
   47        -982.400    -764.414           0.000       0.000              47               0
   18        1966.474     619.953           0.000       0.000              18               0
   59        -529.656     201.362           0.000       0.000              59               0
   58         311.869    -220.382           0.000       0.000              58               0
  202          69.527    -876.451           0.000       0.000             202               0
  161         720.839   -1550.966           0.000       0.000             161               0
   59       -2031.287    1727.948           0.000       0.000              59               0
  171        -300.809   -1269.342           0.000       0.000             171               0
  166        -821.971    -817.062           0.000       0.000             166               0
   49        -515.484    1638.221           0.000       0.000              49               0
  166        -441.488    -195.775           0.000       0.000             166               0
   81        2055.960    -278.988           0.000       0.000              81               0
   80        -705.095    -445.458           0.000       0.000              80               0
   90        -550.898   -1160.130           0.000       0.000              90               0
  232        -637.352     784.738           0.000       0.000             232               0
   69         347.965     316.604           0.000       0.000              69               0
  134          64.673     125.231           0.000       0.000             134               0
  238        1404.458    3002.599           0.000       0.000             238               0
  182        -981.001    -328.716           0.000       0.000             182               0
  182        -209.027     -31.333           0.000       0.000             182               0
  138         -14.799    1633.725           0.000       0.000             138               0
   25        3612.474    1577.688           0.000       0.000              25               0
  169       -1163.480    -285.596           0.000       0.000             169               0
   37        -804.127    -164.143           0.000       0.000              37               0
  192         906.728    -295.453           0.000       0.000             192               0
  229         728.383    -296.968           0.000       0.000             229               0
   13        -195.719    1761.611           0.000       0.000              13               0
  114        -441.532    1009.990           0.000       0.000             114               0
   20        1005.196   -2117.218           0.000       0.000              20               0
  207         475.751   -1609.527           0.000       0.000             207               0
  107        -655.561    1496.810           0.000       0.000             107               0
   68       -1128.214    1288.833           0.000       0.000              68               0
  226       -1711.677   -1318.174           0.000       0.000             226               0
  166         -45.063   -1241.591           0.000       0.000             166               0
  126         751.930     897.917           0.000       0.000             126               0
  172       -2621.109     467.610           0.000       0.000             172               0
   71        -593.587    -524.789           0.000       0.000              71               0
  185         498.814   -1187.710           0.000       0.000             185               0
   87       -2483.678   -3481.621           0.000       0.000              87               0
  238        -216.545    -265.562           0.000       0.000             238               0
  235        1318.373    -673.402           0.000       0.000             235               0
  254        1256.978    2987.515           0.000       0.000             254               0
   63        1591.551    -465.280           0.000       0.000              63               0
   59        1360.684     994.136           0.000       0.000              59               0
   89       -1470.532   -1033.614           0.000       0.000              89               0
   39        -814.683      15.867           0.000       0.000              39               0
  129       -1163.686    3226.815           0.000       0.000             129               0
  223          92.000    1340.459           0.000       0.000             223               0
   22         247.785     688.246           0.000       0.000              22               0
   55       -2128.659   -1246.825           0.000       0.000              55               0
  150         373.976   -2145.227           0.000       0.000             150               0
  160        1730.507    -544.698           0.000       0.000             160               0
   80         -90.145     650.817           0.000       0.000              80               0
   64         494.630     667.306           0.000       0.000              64               0
  198         638.873    1645.212           0.000       0.000             198               0
   17        -130.332    1246.097           0.000       0.000              17               0
   38         850.551    -984.758           0.000       0.000              38               0
  211       -1054.550     972.695           0.000       0.000             211               0
  131         608.613    -241.318           0.000       0.000             131               0
   58        1270.831    -192.964           0.000       0.000              58               0
  163         217.233   -1214.211           0.000       0.000             163               0
  238         919.123     343.155           0.000       0.000             238               0
  127         431.332      29.153           0.000       0.000             127               0
  133       -1058.232    -589.906           0.000       0.000             133               0
  148       -1935.857     522.023           0.000       0.000             148               0
  253         749.796   -1554.545           0.000       0.000             253               0
   50        -316.667      95.447           0.000       0.000              50               0
  220        1508.903     146.900           0.000       0.000             220               0
  182        -237.426   -1557.030           0.000       0.000             182               0
  138         922.780    -160.750           0.000       0.000             138               0
  202       -1070.181     243.286           0.000       0.000             202               0
  162         336.389    -255.553           0.000       0.000             162               0
  137        -434.744     631.905           0.000       0.000             137               0
   10        -953.918     545.809           0.000       0.000              10               0
  221         806.185   -1131.732           0.000       0.000             221               0
  226         610.944    -361.711           0.000       0.000             226               0
   49       -1623.294    1829.355           0.000       0.000              49               0
   94        -248.081      79.771           0.000       0.000              94               0
  194         316.336    2031.841           0.000       0.000             194               0
   72        -792.048    1649.955           0.000       0.000              72               0
  150          55.309     851.081           0.000       0.000             150               0
   88         255.609     939.366           0.000       0.000              88               0
  233        2215.746   -1235.390           0.000       0.000             233               0
  230          91.929     672.203           0.000       0.000             230               0
  153       -1242.737   -1288.833           0.000       0.000             153               0
  175         -66.066     136.238           0.000       0.000             175               0
  247         820.263    -945.209           0.000       0.000             247               0
  191       -3441.968     589.355           0.000       0.000             191               0
  131        1061.586    1734.286           0.000       0.000             131               0
  123        -620.194   -1812.961           0.000       0.000             123               0
  250        -757.687    -223.283           0.000       0.000             250               0
   38        -128.073    1325.661           0.000       0.000              38               0
  105       -2673.244    -749.720           0.000       0.000             105               0
  121        1372.438    1075.499           0.000       0.000             121               0
  172       -3043.629     310.084           0.000       0.000             172               0
  253        2705.307    1057.888           0.000       0.000             253               0
  118        -566.552    1473.327           0.000       0.000             118               0
  223         329.211     -49.779           0.000       0.000             223               0
  217         435.350     421.508           0.000       0.000             217               0
   45        -321.259     598.747           0.000       0.000              45               0
  106       -1967.504   -1274.885           0.000       0.000             106               0
  164        -106.461    1245.250           0.000       0.000             164               0
  207        1904.737     154.784           0.000       0.000             207               0
  243         419.833    2265.227           0.000       0.000             243               0
  174        -670.962   -4552.899           0.000       0.000             174               0
  173       -2146.704    1041.036           0.000       0.000             173               0
  214         243.438     977.458           0.000       0.000             214               0
  224        2824.598    -279.143           0.000       0.000             224               0
   12          -0.904   -2292.257           0.000       0.000              12               0
  152        -347.948   -1470.121           0.000       0.000             152               0
   40           3.453    1712.762           0.000       0.000              40               0
  162        -755.315     310.011           0.000       0.000             162               0
  241        1137.688   -2046.530           0.000       0.000             241               0
   18        -886.415      20.926           0.000       0.000              18               0
  137           8.047    -520.809           0.000       0.000             137               0
  138        -282.624    -869.899           0.000       0.000             138               0
  193         533.485    -201.988           0.000       0.000             193               0
  129        -324.717    2359.377           0.000       0.000             129               0
   74       -1192.133       0.206           0.000       0.000              74               0
   68        -945.162     681.210           0.000       0.000              68               0
  252         141.475    -200.285           0.000       0.000             252               0
   68         444.431   -2281.872           0.000       0.000              68               0
  107       -1209.528      19.016           0.000       0.000             107               0
  101        -243.634     214.255           0.000       0.000             101               0
  189        -594.102     747.595           0.000       0.000             189               0
   24        1001.403    1332.327           0.000       0.000              24               0
   99          71.367    -226.918           0.000       0.000              99               0
   52        -106.780    -857.291           0.000       0.000              52               0
  248        1182.061     125.160           0.000       0.000             248               0
   61        2761.197    1135.290           0.000       0.000              61               0
   97          65.887     814.036           0.000       0.000              97               0
   98        1030.241    -273.446           0.000       0.000              98               0
  225         360.679     464.223           0.000       0.000             225               0
   49        -552.892      67.518           0.000       0.000              49               0
   86        -100.727      83.573           0.000       0.000              86               0
  144        -103.900     200.524           0.000       0.000             144               0
  222       -1942.595     887.594           0.000       0.000             222               0
   44         718.967    -795.093           0.000       0.000              44               0
  112       -2446.099    1541.839           0.000       0.000             112               0
  234         111.404     915.863           0.000       0.000             234               0
  197         436.643     138.566           0.000       0.000             197               0
  153        -507.192    2840.308           0.000       0.000             153               0
  141         510.445     405.803           0.000       0.000             141               0
  183        1577.034     519.893           0.000       0.000             183               0
  171        -155.839   -2574.162           0.000       0.000             171               0
   22        1146.220     724.258           0.000       0.000              22               0
   66         735.697     771.164           0.000       0.000              66               0
  108        -533.827     563.877           0.000       0.000             108               0
  152         723.248    1813.892           0.000       0.000             152               0
  140        -177.650    1491.058           0.000       0.000             140               0
  177        -102.916   -1205.569           0.000       0.000             177               0
  148        1093.345    1391.349           0.000       0.000             148               0
  208         239.275    1702.289           0.000       0.000             208               0
   29         121.594    2280.413           0.000       0.000              29               0
  250        1527.453     -55.596           0.000       0.000             250               0
  142        1913.107   -1024.077           0.000       0.000             142               0
   53         347.173    1118.757           0.000       0.000              53               0
   94         433.123    -697.201           0.000       0.000              94               0
  194         -19.360    -525.303           0.000       0.000             194               0
   46        -267.324     881.280           0.000       0.000              46               0
  155        2267.018    1192.660           0.000       0.000             155               0
   36         813.008    1900.276           0.000       0.000              36               0
  144         516.155   -1152.317           0.000       0.000             144               0
  125         328.124     727.703           0.000       0.000             125               0
   85         -35.538   -1294.861           0.000       0.000              85               0
  230       -1730.211    -454.016           0.000       0.000             230               0
   13       -1783.365   -1506.228           0.000       0.000              13               0
   52       -1252.659     695.549           0.000       0.000              52               0
   19        1592.687     625.412           0.000       0.000              19               0
  125        -295.556    1623.816           0.000       0.000             125               0
   31        1069.064     842.621           0.000       0.000              31               0
  216       -1983.294    -609.312           0.000       0.000             216               0
   22        -637.818    -673.894           0.000       0.000              22               0
  172         626.913   -1788.855           0.000       0.000             172               0
