SINAL     NFT                         FFT                         NFT INVERSA     FFT INVERSA
-----     -----------------------     -----------------------     -----------     -----------
  240       65786.000       0.000           0.000       0.000             240               0
  201       -1366.838    -634.474           0.000       0.000             201               0
  159        -313.982    1061.510           0.000       0.000             159               0
  193        1259.685    -868.375           0.000       0.000             193               0
   60       -3745.436    -378.391           0.000       0.000              60               0
  188       -1031.544    1373.126           0.000       0.000             188               0
  165        1605.061    -579.750           0.000       0.000             165               0
  206         113.959    1120.755           0.000       0.000             206               0
   36        1506.771    1318.909           0.000       0.000              36               0
   17        -209.343    1031.444           0.000       0.000              17               0
    1         143.418     416.831           0.000       0.000               1               0
  127        1439.343      83.543           0.000       0.000             127               0
  186        2312.901    -520.557           0.000       0.000             186               0
  106         428.423     622.902           0.000       0.000             106               0
  132       -1405.902   -1514.143           0.000       0.000             132               0
   14        1974.135     849.757           0.000       0.000              14               0
   59         487.423      98.243           0.000       0.000              59               0
   75          69.806   -1382.149           0.000       0.000              75               0
  128       -2753.656     513.236           0.000       0.000             128               0
  138        1545.860    -524.431           0.000       0.000             138               0
   39         238.593    -752.497           0.000       0.000              39               0
   25        2097.066    -363.181           0.000       0.000              25               0
  117        1306.901   -2172.063           0.000       0.000             117               0
  102         221.738   -2094.332           0.000       0.000             102               0
   57         476.094     262.332           0.000       0.000              57               0
   10        1324.019    -269.155           0.000       0.000              10               0
  160          96.568    1190.697           0.000       0.000             160               0
   43         973.554     851.210           0.000       0.000              43               0
  153         -47.271      45.123           0.000       0.000             153               0
  129          86.937   -1878.281           0.000       0.000             129               0
  232         805.008    1972.612           0.000       0.000             232               0
  138        1630.360    -111.159           0.000       0.000             138               0
   74         176.837    1311.004           0.000       0.000              74               0
  135        1916.507    2733.049           0.000       0.000             135               0
   75          13.380    -656.831           0.000       0.000              75               0
  135         -15.609    1209.151           0.000       0.000             135               0
   68         698.258    -576.217           0.000       0.000              68               0
  240       -2059.317    -614.744           0.000       0.000             240               0
   85         144.899     540.815           0.000       0.000              85               0
  104       -2619.223   -1494.008           0.000       0.000             104               0
    2         136.384   -1654.810           0.000       0.000               2               0
   87        -385.727   -1328.751           0.000       0.000              87               0
  231         -26.262     600.764           0.000       0.000             231               0
  188         109.360     -68.895           0.000       0.000             188               0
  193         939.943     764.469           0.000       0.000             193               0
  108        -480.892   -1247.833           0.000       0.000             108               0
  202       -1056.084    -825.426           0.000       0.000             202               0
  253        2834.196   -1972.038           0.000       0.000             253               0
  183       -1018.366    1033.641           0.000       0.000             183               0
   75         -55.461     284.789           0.000       0.000              75               0
  135         258.644    2871.915           0.000       0.000             135               0
  223       -1063.753    -589.740           0.000       0.000             223               0
  101         109.468   -1778.689           0.000       0.000             101               0
  252        -341.743    -534.839           0.000       0.000             252               0
   69        -659.957    -896.849           0.000       0.000              69               0
  158         953.122    -540.093           0.000       0.000             158               0
    7        -540.790    1868.777           0.000       0.000               7               0
  229        -227.186   -1631.954           0.000       0.000             229               0
  202        -156.935     -49.008           0.000       0.000             202               0
  160        1182.607   -1861.960           0.000       0.000             160               0
  103        -418.622     120.710           0.000       0.000             103               0
  178         577.464    -168.171           0.000       0.000             178               0
   43        -752.763     593.836           0.000       0.000              43               0
  177        -658.084    -940.986           0.000       0.000             177               0
   58         122.453    1872.410           0.000       0.000              58               0
  118       -1677.556    1193.919           0.000       0.000             118               0
   56        -535.320     537.319           0.000       0.000              56               0
  126          12.545      22.098           0.000       0.000             126               0
  103          76.452    -535.767           0.000       0.000             103               0
  142         119.137    1015.494           0.000       0.000             142               0
  230        2065.285     182.032           0.000       0.000             230               0
  105        -613.699     599.435           0.000       0.000             105               0
  229         724.942    -497.628           0.000       0.000             229               0
  206        1041.602    -130.156           0.000       0.000             206               0
   38        1060.587     371.637           0.000       0.000              38               0
  166       -1814.219     974.753           0.000       0.000             166               0
   58       -1849.175     128.988           0.000       0.000              58               0
  241         993.169    -115.185           0.000       0.000             241               0
  164        -227.218    1204.570           0.000       0.000             164               0
  242         126.155    -783.044           0.000       0.000             242               0
   61          -6.230       0.829           0.000       0.000              61               0
   43        1359.424   -1186.625           0.000       0.000              43               0
  209        2109.630    -312.569           0.000       0.000             209               0
  162         678.790       6.688           0.000       0.000             162               0
   40        1774.778    1303.212           0.000       0.000              40               0
   23        1182.458     722.690           0.000       0.000              23               0
   64         925.752    1392.466           0.000       0.000              64               0
   48         804.619    1487.885           0.000       0.000              48               0
  253         321.420   -2038.611           0.000       0.000             253               0
   10        -977.137    -491.518           0.000       0.000              10               0
  209       -1685.634   -2578.020           0.000       0.000             209               0
  100        -129.701    -662.942           0.000       0.000             100               0
  189         991.762     872.014           0.000       0.000             189               0
  252       -1373.128   -3114.618           0.000       0.000             252               0
   22         910.266     -40.890           0.000       0.000              22               0
  247        -462.935    -149.331           0.000       0.000             247               0
  114         484.704   -1159.702           0.000       0.000             114               0
   79        -645.266     836.637           0.000       0.000              79               0
  117        2276.647     -97.303           0.000       0.000             117               0
  217         241.841    -752.955           0.000       0.000             217               0
  221       -2373.071   -1673.357           0.000       0.000             221               0
   92        -776.557   -1046.199           0.000       0.000              92               0
   67       -2212.955   -1865.235           0.000       0.000              67               0
  195        -964.283   -1581.607           0.000       0.000             195               0
   42        -565.286     470.090           0.000       0.000              42               0
  105        2000.494     539.073           0.000       0.000             105               0
  105        -843.719    -229.335           0.000       0.000             105               0
  101        1889.541    -667.416           0.000       0.000             101               0
   91        -227.786     347.040           0.000       0.000              91               0
   13        -892.022     -64.898           0.000       0.000              13               0
   87         842.933    -805.582           0.000       0.000              87               0
  152        1777.427      53.885           0.000       0.000             152               0
   57         937.242     444.657           0.000       0.000              57               0
   41       -2228.668    1492.982           0.000       0.000              41               0
   58        -409.007   -2192.043           0.000       0.000              58               0
   98       -1767.128     105.779           0.000       0.000              98               0
   64        1529.161    -814.509           0.000       0.000              64               0
  123           9.043     969.190           0.000       0.000             123               0
  146         288.421    2585.033           0.000       0.000             146               0
   62        -187.500   -1236.892           0.000       0.000              62               0
  134        -876.254   -1630.325           0.000       0.000             134               0
  100         355.803      -7.622           0.000       0.000             100               0
  162       -1404.667     113.226           0.000       0.000             162               0
   67        2029.907   -1416.453           0.000       0.000              67               0
   96         379.379    -635.776           0.000       0.000              96               0
  185       -1264.666   -1225.346           0.000       0.000             185               0
   58        1227.464    -612.439           0.000       0.000              58               0
  210          94.638    -995.161           0.000       0.000             210               0
    8       -1063.211    2520.998           0.000       0.000               8               0
  176        -242.822     481.892           0.000       0.000             176               0
  172        1974.502     183.621           0.000       0.000             172               0
  230         563.532    1163.150           0.000       0.000             230               0
   12       -2280.916    1560.748           0.000       0.000              12               0
  239         743.522    1591.312           0.000       0.000             239               0
  169        1048.134   -1112.989           0.000       0.000             169               0
   55         873.179     -58.655           0.000       0.000              55               0
   89           9.251    -484.580           0.000       0.000              89               0
   19        -908.564    1679.097           0.000       0.000              19               0
  156          20.004   -1778.121           0.000       0.000             156               0
  180        1819.607    -226.149           0.000       0.000             180               0
   33        1769.393     203.199           0.000       0.000              33               0
  244        -293.556    1445.889           0.000       0.000             244               0
   77         785.703    -482.344           0.000       0.000              77               0
   90         -38.985    1940.637           0.000       0.000              90               0
   29        -571.759   -1008.672           0.000       0.000              29               0
  135        -240.688    -936.201           0.000       0.000             135               0
  189        -417.926    -932.647           0.000       0.000             189               0
   94       -1873.964     900.884           0.000       0.000              94               0
    3        1226.362    1216.492           0.000       0.000               3               0
   80       -1848.384    1038.999           0.000       0.000              80               0
  156         718.661   -1182.309           0.000       0.000             156               0
  137         254.718     514.088           0.000       0.000             137               0
  180        -532.220     639.902           0.000       0.000             180               0
   63          77.731     252.446           0.000       0.000              63               0
  205        -714.973     284.257           0.000       0.000             205               0
   20        1574.454   -1175.953           0.000       0.000              20               0
  248        -505.664     630.608           0.000       0.000             248               0
    8         -46.891    -386.774           0.000       0.000               8               0
  231         475.432   -1432.982           0.000       0.000             231               0
    1        -476.727    2377.334           0.000       0.000               1               0
  184         841.675    1655.397           0.000       0.000             184               0
  147        -439.613     727.269           0.000       0.000             147               0
  231        -252.462    1228.173           0.000       0.000             231               0
  196       -1590.845   -1527.354           0.000       0.000             196               0
  131       -1705.034      50.339           0.000       0.000             131               0
  145       -1169.341    -226.373           0.000       0.000             145               0
  252       -1458.543   -2985.713           0.000       0.000             252               0
  221        -344.155     461.607           0.000       0.000             221               0
  164        -282.187   -2318.221           0.000       0.000             164               0
  152        2219.538     519.499           0.000       0.000             152               0
  146        1048.181     156.032           0.000       0.000             146               0
  198        -681.897   -1446.130           0.000       0.000             198               0
  140          15.357     938.863           0.000       0.000             140               0
  223        -561.355    -571.632           0.000       0.000             223               0
   33       -1445.462     254.017           0.000       0.000              33               0
  170        1057.993   -1932.734           0.000       0.000             170               0
  103        1176.882     194.994           0.000       0.000             103               0
  222         467.050     665.911           0.000       0.000             222               0
    8        -525.158    -967.451           0.000       0.000               8               0
  107        -855.840    -717.822           0.000       0.000             107               0
   47         475.737     463.457           0.000       0.000              47               0
  165        -158.242   -1463.932           0.000       0.000             165               0
  244        2133.350    -537.048           0.000       0.000             244               0
  227        -493.792   -1321.900           0.000       0.000             227               0
  228        3480.265    1287.815           0.000       0.000             228               0
  193        -809.713     213.169           0.000       0.000             193               0
  248         850.271   -1521.144           0.000       0.000             248               0
  221          60.084    -641.385           0.000       0.000             221               0
  202        1633.813     544.297           0.000       0.000             202               0
  223         629.491    -154.405           0.000       0.000             223               0
  222       -1086.331    -127.145           0.000       0.000             222               0
  130       -1366.648    1338.493           0.000       0.000             130               0
  115         231.500     332.285           0.000       0.000             115               0
  198         984.871    -956.375           0.000       0.000             198               0
   71         202.853    -250.556           0.000       0.000              71               0
  247         407.690   -1784.789           0.000       0.000             247               0
   87        -281.742    1107.035           0.000       0.000              87               0
   67         284.802    -995.927           0.000       0.000              67               0
  213         817.460     620.590           0.000       0.000             213               0
  252         370.169    1007.987           0.000       0.000             252               0
  220        -809.763   -1311.656           0.000       0.000             220               0
  103       -1304.490   -2185.005           0.000       0.000             103               0
  194       -1317.320     225.954           0.000       0.000             194               0
  105        1185.475     632.276           0.000       0.000             105               0
   71        1485.551     413.941           0.000       0.000              71               0
  227        1539.305   -1028.192           0.000       0.000             227               0
   19        -388.242   -1205.037           0.000       0.000              19               0
  175         307.578    -288.989           0.000       0.000             175               0
  194        -657.787    -635.474           0.000       0.000             194               0
   28        -359.208    1120.355           0.000       0.000              28               0
   26        1327.060     532.515           0.000       0.000              26               0
  241        1966.986   -1646.925           0.000       0.000             241               0
  193        -836.566    2526.078           0.000       0.000             193               0
   14       -1028.761    -916.363           0.000       0.000              14               0
  213        1670.716   -1028.108           0.000       0.000             213               0
  166        2029.735    -836.296           0.000       0.000             166               0
  208       -1381.962      20.798           0.000       0.000             208               0
  206        1789.103     798.727           0.000       0.000             206               0
  131         625.910     812.859           0.000       0.000             131               0
  154        1651.631    1777.109           0.000       0.000             154               0
  174        -630.463    1162.229           0.000       0.000             174               0
   97        1683.432   -2751.618           0.000       0.000              97               0
   29        1247.667     876.460           0.000       0.000              29               0
   34        1550.599   -3087.097           0.000       0.000              34               0
   40        -711.664      74.196           0.000       0.000              40               0
  100        -557.209    2667.790           0.000       0.000             100               0
   25         162.308   -1382.939           0.000       0.000              25               0
  127          89.388   -1499.872           0.000       0.000             127               0
  168        -386.112   -1603.162           0.000       0.000             168               0
  238       -1627.664    1978.964           0.000       0.000             238               0
  124       -1653.595     528.371           0.000       0.000             124               0
  132       -1483.267      92.050           0.000       0.000             132               0
   86          93.689   -1117.966           0.000       0.000              86               0
   63        3096.054     208.279           0.000       0.000              63               0
  238        2221.389   -1325.978           0.000       0.000             238               0
  157        -354.755   -1004.941           0.000       0.000             157               0
   35        -628.241     176.343           0.000       0.000              35               0
    1         235.704    -773.271           0.000       0.000               1               0
   76        -834.154   -2214.669           0.000       0.000              76               0
  229        2364.416     479.969           0.000       0.000             229               0
   30         468.499   -1137.745           0.000       0.000              30               0
  102       -1531.401    -512.079           0.000       0.000             102               0
  215         387.263    2145.256           0.000       0.000             215               0
  224        1267.704     393.114           0.000       0.000             224               0
  117        -989.112   -1356.328           0.000       0.000             117               0
  172       -2081.790     531.279           0.000       0.000             172               0
  134         618.940    -826.843           0.000       0.000             134               0
   70        -140.872   -2268.116           0.000       0.000              70               0
  123        -975.777    1977.939           0.000       0.000             123               0
   10        -382.395    2525.086           0.000       0.000              10               0
  225         629.326    -470.944           0.000       0.000             225               0
   41          11.717     448.936           0.000       0.000              41               0
  108         350.757     319.472           0.000       0.000             108               0
  254         469.550    -785.015           0.000       0.000             254               0
   75        -265.936   -1578.188           0.000       0.000              75               0
  148         550.207   -1793.760           0.000       0.000             148               0
   99       -1056.000       0.098           0.000       0.000              99               0
  100         549.688    1794.267           0.000       0.000             100               0
   19        -266.427    1578.044           0.000       0.000              19               0
   11         469.338     784.904           0.000       0.000              11               0
   83         350.819    -319.609           0.000       0.000              83               0
  144          11.823    -449.049           0.000       0.000             144               0
  144         629.041     470.905           0.000       0.000             144               0
  169        -381.751   -2525.314           0.000       0.000             169               0
  207        -975.145   -1977.724           0.000       0.000             207               0
  126        -141.550    2268.499           0.000       0.000             126               0
   71         618.529     826.997           0.000       0.000              71               0
  242       -2081.639    -531.934           0.000       0.000             242               0
  128        -989.169    1355.966           0.000       0.000             128               0
  148        1268.110    -392.919           0.000       0.000             148               0
  216         387.940   -2144.952           0.000       0.000             216               0
  158       -1531.394     511.998           0.000       0.000             158               0
  251         468.552    1138.075           0.000       0.000             251               0
  175        2364.599    -478.939           0.000       0.000             175               0
  127        -835.020    2214.552           0.000       0.000             127               0
  112         235.497     773.206           0.000       0.000             112               0
   92        -628.055    -176.564           0.000       0.000              92               0
    6        -354.684    1004.878           0.000       0.000               6               0
  183        2221.270    1326.558           0.000       0.000             183               0
  215        3095.815    -207.403           0.000       0.000             215               0
   16          92.658    1117.822           0.000       0.000              16               0
  152       -1483.658     -92.841           0.000       0.000             152               0
    0       -1653.514    -529.136           0.000       0.000              -0               0
  124       -1626.797   -1979.307           0.000       0.000             124               0
  150        -386.304    1603.353           0.000       0.000             150               0
   75          89.165    1499.831           0.000       0.000              75               0
   16         162.029    1382.552           0.000       0.000              16               0
  249        -556.094   -2668.137           0.000       0.000             249               0
  176        -711.156     -74.035           0.000       0.000             176               0
   36        1550.035    3087.575           0.000       0.000              36               0
    4        1248.187    -876.240           0.000       0.000               4               0
    4        1682.503    2751.839           0.000       0.000               4               0
  181        -629.992   -1163.057           0.000       0.000             181               0
  149        1652.389   -1776.752           0.000       0.000             149               0
  174         626.211    -812.603           0.000       0.000             174               0
  133        1789.219    -797.971           0.000       0.000             133               0
   19       -1381.942     -21.018           0.000       0.000              19               0
  245        2029.606     837.124           0.000       0.000             245               0
  120        1670.062    1028.609           0.000       0.000             120               0
  147       -1029.331     915.678           0.000       0.000             147               0
  138        -835.526   -2526.386           0.000       0.000             138               0
   80        1966.574    1647.686           0.000       0.000              80               0
   50        1326.973    -532.229           0.000       0.000              50               0
  133        -359.118   -1120.343           0.000       0.000             133               0
  255        -658.038     635.473           0.000       0.000             255               0
  178         307.526     289.233           0.000       0.000             178               0
  246        -388.499    1204.954           0.000       0.000             246               0
   91        1539.088    1028.514           0.000       0.000              91               0
  184        1485.514    -413.646           0.000       0.000             184               0
  173        1185.217    -631.856           0.000       0.000             173               0
   51       -1317.662    -226.138           0.000       0.000              51               0
  201       -1305.279    2184.646           0.000       0.000             201               0
   69        -810.018    1311.021           0.000       0.000              69               0
   51         370.724   -1008.160           0.000       0.000              51               0
   69         817.719    -620.280           0.000       0.000              69               0
  219         284.403     995.987           0.000       0.000             219               0
  127        -281.361   -1107.076           0.000       0.000             127               0
   86         407.147    1784.979           0.000       0.000              86               0
  213         202.806     250.458           0.000       0.000             213               0
   48         984.479     956.460           0.000       0.000              48               0
  123         231.360    -332.538           0.000       0.000             123               0
  218       -1366.290   -1339.016           0.000       0.000             218               0
   52       -1086.091     126.871           0.000       0.000              52               0
   49         629.822     154.613           0.000       0.000              49               0
  111        1634.099    -543.657           0.000       0.000             111               0
  227          59.869     641.574           0.000       0.000             227               0
  182         849.777    1521.328           0.000       0.000             182               0
  130        -809.404    -213.682           0.000       0.000             130               0
  216        3480.720   -1286.545           0.000       0.000             216               0
   46        -494.436    1321.915           0.000       0.000              46               0
   22        2132.972     537.772           0.000       0.000              22               0
   99        -159.091    1463.730           0.000       0.000              99               0
  126         475.591    -463.448           0.000       0.000             126               0
   72        -856.305     717.506           0.000       0.000              72               0
  232        -525.460     967.060           0.000       0.000             232               0
  126         467.348    -665.924           0.000       0.000             126               0
  250        1176.848    -194.499           0.000       0.000             250               0
  222        1056.943    1932.999           0.000       0.000             222               0
  218       -1445.696    -254.740           0.000       0.000             218               0
  179        -561.567     571.259           0.000       0.000             179               0
  139          15.656    -938.893           0.000       0.000             139               0
   13        -682.284    1445.868           0.000       0.000              13               0
  124        1048.374    -155.857           0.000       0.000             124               0
  209        2219.416    -518.647           0.000       0.000             209               0
   65        -283.490    2318.090           0.000       0.000              65               0
  194        -344.451    -461.813           0.000       0.000             194               0
  173       -1459.876    2984.997           0.000       0.000             173               0
  193       -1169.590     225.431           0.000       0.000             193               0
   25       -1705.044     -51.266           0.000       0.000              25               0
  130       -1591.128    1526.282           0.000       0.000             130               0
  241        -251.755   -1228.874           0.000       0.000             241               0
  149        -439.087    -727.837           0.000       0.000             149               0
   92         842.388   -1655.404           0.000       0.000              92               0
   38        -475.842   -2377.308           0.000       0.000              38               0
  198         475.058    1433.348           0.000       0.000             198               0
  204         -46.995     386.595           0.000       0.000             204               0
    9        -505.287    -630.844           0.000       0.000               9               0
  125        1574.070    1176.345           0.000       0.000             125               0
   79        -714.994    -284.786           0.000       0.000              79               0
  226          77.813    -252.643           0.000       0.000             226               0
  171        -531.965    -640.229           0.000       0.000             171               0
  101         254.969    -514.007           0.000       0.000             101               0
   69         718.120    1182.359           0.000       0.000              69               0
   42       -1848.027   -1039.933           0.000       0.000              42               0
  174        1226.777   -1216.134           0.000       0.000             174               0
   45       -1873.694    -901.317           0.000       0.000              45               0
  169        -417.999     932.669           0.000       0.000             169               0
  169        -240.796     936.024           0.000       0.000             169               0
   12        -571.830    1008.090           0.000       0.000              12               0
  131         -37.977   -1940.890           0.000       0.000             131               0
   92         785.806     482.515           0.000       0.000              92               0
  151        -292.756   -1446.057           0.000       0.000             151               0
  145        1769.744    -202.469           0.000       0.000             145               0
  217        1819.415     226.880           0.000       0.000             217               0
  105          19.153    1777.912           0.000       0.000             105               0
  210        -908.011   -1679.611           0.000       0.000             210               0
  155           9.287     484.585           0.000       0.000             155               0
   22         873.297      58.838           0.000       0.000              22               0
  147        1047.707    1112.990           0.000       0.000             147               0
  181         743.761   -1591.466           0.000       0.000             181               0
  152       -2280.391   -1561.590           0.000       0.000             152               0
  133         564.271   -1162.840           0.000       0.000             133               0
   74        1974.524    -182.845           0.000       0.000              74               0
  245        -242.925    -481.982           0.000       0.000             245               0
  171       -1062.366   -2521.006           0.000       0.000             171               0
   17          94.485     995.724           0.000       0.000              17               0
  194        1227.206     613.144           0.000       0.000             194               0
  181       -1265.087    1225.079           0.000       0.000             181               0
  142         379.397     635.960           0.000       0.000             142               0
   17        2029.286    1417.043           0.000       0.000              17               0
  151       -1404.829    -113.845           0.000       0.000             151               0
   58         355.776       7.785           0.000       0.000              58               0
  119        -876.809    1629.949           0.000       0.000             119               0
  220        -187.778    1236.316           0.000       0.000             220               0
  101         289.379   -2585.239           0.000       0.000             101               0
   37           9.451    -968.954           0.000       0.000              37               0
   10        1528.708     815.195           0.000       0.000              10               0
   15       -1767.287    -106.253           0.000       0.000              15               0
  207        -409.704    2191.741           0.000       0.000             207               0
   22       -2227.830   -1493.981           0.000       0.000              22               0
  146         937.932    -444.257           0.000       0.000             146               0
   44        1777.599     -53.140           0.000       0.000              44               0
  174         842.502     805.914           0.000       0.000             174               0
   36        -892.097      64.549           0.000       0.000              36               0
    5        -227.443    -347.049           0.000       0.000               5               0
   23        1889.317     668.120           0.000       0.000              23               0
  246        -843.849     229.015           0.000       0.000             246               0
  161        2000.521    -538.338           0.000       0.000             161               0
   45        -565.549    -469.941           0.000       0.000              45               0
  138        -965.105    1581.626           0.000       0.000             138               0
   86       -2213.594    1864.538           0.000       0.000              86               0
  198        -776.747    1045.858           0.000       0.000             198               0
   15       -2373.210    1672.363           0.000       0.000              15               0
  161         242.268     752.690           0.000       0.000             161               0
  188        2276.839      97.750           0.000       0.000             188               0
  187        -644.959    -836.910           0.000       0.000             187               0
  179         484.439    1159.861           0.000       0.000             179               0
  126        -462.844     149.079           0.000       0.000             126               0
  112         910.309      41.314           0.000       0.000             112               0
   66       -1374.040    3113.966           0.000       0.000              66               0
  143         992.238    -872.007           0.000       0.000             143               0
    7        -129.975     662.922           0.000       0.000               7               0
  125       -1686.340    2577.190           0.000       0.000             125               0
    6        -976.799     490.716           0.000       0.000               6               0
  228         321.312    2038.023           0.000       0.000             228               0
  226         805.592   -1488.376           0.000       0.000             226               0
   44         926.610   -1392.514           0.000       0.000              44               0
  238        1183.032    -722.505           0.000       0.000             238               0
  242        1775.372   -1302.662           0.000       0.000             242               0
  251         678.906      -6.381           0.000       0.000             251               0
    5        2109.538     313.300           0.000       0.000               5               0
  132        1358.753    1186.916           0.000       0.000             132               0
   39          -6.496      -1.101           0.000       0.000              39               0
  179         125.733     782.725           0.000       0.000             179               0
  168        -226.890   -1204.950           0.000       0.000             168               0
   45         992.903     115.353           0.000       0.000              45               0
  202       -1849.318    -129.872           0.000       0.000             202               0
  159       -1813.538    -975.531           0.000       0.000             159               0
  206        1061.149    -371.312           0.000       0.000             206               0
  248        1041.705     130.455           0.000       0.000             248               0
   42         724.756     497.672           0.000       0.000              42               0
   37        -613.364    -599.864           0.000       0.000              37               0
  191        2065.383    -181.513           0.000       0.000             191               0
   57         119.262   -1015.510           0.000       0.000              57               0
  199          76.125     535.744           0.000       0.000             199               0
  123          12.381     -22.317           0.000       0.000             123               0
  245        -535.320    -537.740           0.000       0.000             245               0
  123       -1677.091   -1194.621           0.000       0.000             123               0
  250         123.253   -1872.164           0.000       0.000             250               0
  101        -658.286     940.980           0.000       0.000             101               0
  189        -752.288    -594.009           0.000       0.000             189               0
  138         577.654     168.526           0.000       0.000             138               0
  109        -418.351    -120.623           0.000       0.000             109               0
   58        1182.129    1862.413           0.000       0.000              58               0
  145        -156.956      48.863           0.000       0.000             145               0
   81        -227.660    1631.622           0.000       0.000              81               0
   29        -539.966   -1869.102           0.000       0.000              29               0
  189         953.047     540.578           0.000       0.000             189               0
   64        -660.233     896.630           0.000       0.000              64               0
   15        -341.757     534.671           0.000       0.000              15               0
  185         108.993    1778.462           0.000       0.000             185               0
   69       -1063.735     588.765           0.000       0.000              69               0
  148         259.905   -2872.097           0.000       0.000             148               0
  225         -55.156    -284.672           0.000       0.000             225               0
  248       -1017.568   -1033.695           0.000       0.000             248               0
   61        2833.731    1973.191           0.000       0.000              61               0
   14       -1056.421     824.967           0.000       0.000              14               0
  195        -481.028    1247.393           0.000       0.000             195               0
  221         940.414    -764.404           0.000       0.000             221               0
  221         109.400      68.858           0.000       0.000             221               0
  188         -26.000    -600.688           0.000       0.000             188               0
    7        -386.082    1328.747           0.000       0.000               7               0
    3         135.817    1654.705           0.000       0.000               3               0
  123       -2619.493    1492.685           0.000       0.000             123               0
   65         145.499    -541.182           0.000       0.000              65               0
  202       -2058.975     613.748           0.000       0.000             202               0
  247         698.757     575.953           0.000       0.000             247               0
   54         -14.656   -1209.563           0.000       0.000              54               0
   69          13.835     656.371           0.000       0.000              69               0
  241        1917.937   -2732.765           0.000       0.000             241               0
  156         177.678   -1310.855           0.000       0.000             156               0
    3        1630.693     111.715           0.000       0.000               3               0
  123         805.850   -1972.151           0.000       0.000             123               0
    9          86.539    1878.460           0.000       0.000               9               0
   61         -46.863     -45.359           0.000       0.000              61               0
   13         974.226    -850.994           0.000       0.000              13               0
   91          97.366   -1190.508           0.000       0.000              91               0
   91        1324.308     269.856           0.000       0.000              91               0
  202         476.470    -261.836           0.000       0.000             202               0
  155         221.464    2094.664           0.000       0.000             155               0
  107        1306.634    2172.315           0.000       0.000             107               0
  132        2097.122     363.577           0.000       0.000             132               0
  224         238.424     752.325           0.000       0.000             224               0
  255        1545.617     524.624           0.000       0.000             255               0
  101       -2753.298    -514.342           0.000       0.000             101               0
  217          70.022    1381.942           0.000       0.000             217               0
   60         488.107     -98.474           0.000       0.000              60               0
  116        1974.785    -849.242           0.000       0.000             116               0
  157       -1405.967    1513.447           0.000       0.000             157               0
   26         429.482    -623.099           0.000       0.000              26               0
   81        2313.380     521.047           0.000       0.000              81               0
   90        1439.714     -83.456           0.000       0.000              90               0
   33         143.941    -417.180           0.000       0.000              33               0
   84        -208.326   -1031.836           0.000       0.000              84               0
  214        1507.909   -1318.549           0.000       0.000             214               0
   98         115.039   -1120.645           0.000       0.000              98               0
   31        1605.535     580.268           0.000       0.000              31               0
  206       -1030.388   -1373.467           0.000       0.000             206               0
  153       -3743.850     377.277           0.000       0.000             153               0
  101        1261.898     868.677           0.000       0.000             101               0
  191        -310.332   -1061.690           0.000       0.000             191               0
   53       -1360.091     634.022           0.000       0.000              53               0
