SINAL     NFT                         FFT                         NFT INVERSA     FFT INVERSA
-----     -----------------------     -----------------------     -----------     -----------
  143       65543.000       0.000           0.000       0.000             143               0
  148       -1425.234   -2222.689           0.000       0.000             148               0
  108        -477.840    -508.537           0.000       0.000             108               0
   60        2100.679    -256.001           0.000       0.000              60               0
  241        1463.881     274.672           0.000       0.000             241               0
   91         818.909    -566.237           0.000       0.000              91               0
   30         837.417     603.593           0.000       0.000              30               0
  114         717.913    -740.134           0.000       0.000             114               0
  255        2180.129    1199.043           0.000       0.000             255               0
  180       -1861.579   -1365.540           0.000       0.000             180               0
  136        -413.331     425.172           0.000       0.000             136               0
  234       -4859.656     -68.184           0.000       0.000             234               0
   70        -795.869     -99.094           0.000       0.000              70               0
   27         119.389    1242.402           0.000       0.000              27               0
  199        1647.750    -806.026           0.000       0.000             199               0
  115        -609.553    -268.541           0.000       0.000             115               0
  217       -1908.650     210.668           0.000       0.000             217               0
   24       -1266.301     935.757           0.000       0.000              24               0
  218         486.686    -632.536           0.000       0.000             218               0
  246         672.683    -447.409           0.000       0.000             246               0
  152       -1353.068   -1691.896           0.000       0.000             152               0
  112        1563.341     871.975           0.000       0.000             112               0
  241        1125.219    -343.073           0.000       0.000             241               0
  234        -291.838    1169.365           0.000       0.000             234               0
    9         682.118    1017.549           0.000       0.000               9               0
   16        -751.375   -2890.009           0.000       0.000              16               0
  239        -253.606     927.322           0.000       0.000             239               0
  167         733.258     974.985           0.000       0.000             167               0
  195        -378.132     331.337           0.000       0.000             195               0
  212        1353.597    1080.647           0.000       0.000             212               0
  149        -245.751       9.960           0.000       0.000             149               0
   82       -1535.455     704.761           0.000       0.000              82               0
  104       -1341.801   -2111.159           0.000       0.000             104               0
    1       -1176.629    1722.259           0.000       0.000               1               0
  143         471.609     735.656           0.000       0.000             143               0
   89       -1602.974   -1253.284           0.000       0.000              89               0
   93        -632.381     -96.707           0.000       0.000              93               0
  174       -1702.228    -529.161           0.000       0.000             174               0
  204        1035.708    -363.014           0.000       0.000             204               0
   93        -769.124     458.942           0.000       0.000              93               0
   98        1859.158     610.277           0.000       0.000              98               0
   84        1564.537    -883.072           0.000       0.000              84               0
   72         165.113    -979.732           0.000       0.000              72               0
  169       -1268.858    -311.211           0.000       0.000             169               0
  111        -365.627     367.315           0.000       0.000             111               0
   15        -857.174     472.325           0.000       0.000              15               0
   28        -799.081    2248.938           0.000       0.000              28               0
   72         890.672    1650.765           0.000       0.000              72               0
   39        -941.559    -182.840           0.000       0.000              39               0
  246       -1423.981     163.042           0.000       0.000             246               0
   63         501.125    2191.613           0.000       0.000              63               0
  192         288.577     367.879           0.000       0.000             192               0
  102         513.524   -1637.193           0.000       0.000             102               0
   49        2061.862    -658.061           0.000       0.000              49               0
  170        -947.065    -387.890           0.000       0.000             170               0
  112         769.626    1239.602           0.000       0.000             112               0
   66        1469.637    1590.057           0.000       0.000              66               0
  154        -719.151    -479.371           0.000       0.000             154               0
   23         367.940    -690.968           0.000       0.000              23               0
    5       -1052.853   -2017.941           0.000       0.000               5               0
  110       -1819.437     -13.296           0.000       0.000             110               0
  173         130.558   -2318.641           0.000       0.000             173               0
   88         349.368    -894.149           0.000       0.000              88               0
  215       -1355.137    1177.715           0.000       0.000             215               0
  175       -1104.341     656.474           0.000       0.000             175               0
  232         551.191   -1461.993           0.000       0.000             232               0
   49        -104.156   -1281.418           0.000       0.000              49               0
   12        -876.783     465.570           0.000       0.000              12               0
  150        -631.459     309.379           0.000       0.000             150               0
  253         116.619   -1025.865           0.000       0.000             253               0
  106         971.238    -711.952           0.000       0.000             106               0
  248         111.435    1429.959           0.000       0.000             248               0
   81         734.772     218.174           0.000       0.000              81               0
  178         385.848   -2470.551           0.000       0.000             178               0
  162         284.829     571.149           0.000       0.000             162               0
  192         162.937   -2422.673           0.000       0.000             192               0
  193       -1406.371      32.198           0.000       0.000             193               0
  191          84.231   -2488.993           0.000       0.000             191               0
    9       -1319.289   -1030.028           0.000       0.000               9               0
  233       -2555.818     509.774           0.000       0.000             233               0
  181        1465.770     318.623           0.000       0.000             181               0
   72         661.172     249.851           0.000       0.000              72               0
  169        -910.022     763.834           0.000       0.000             169               0
   28        -940.632   -2687.219           0.000       0.000              28               0
  122        1189.191    -713.554           0.000       0.000             122               0
   84       -1433.812     936.186           0.000       0.000              84               0
  141       -1012.924    -257.415           0.000       0.000             141               0
  188         -52.665    -779.834           0.000       0.000             188               0
  238        -356.171    1065.421           0.000       0.000             238               0
  165       -1008.564     290.290           0.000       0.000             165               0
  193          -5.312     154.506           0.000       0.000             193               0
   92       -1573.787    -303.600           0.000       0.000              92               0
   82         -24.826   -2503.841           0.000       0.000              82               0
   26        1409.541     -20.560           0.000       0.000              26               0
   52         968.472    1243.774           0.000       0.000              52               0
    1        1736.121     436.325           0.000       0.000               1               0
    2         139.541   -1263.187           0.000       0.000               2               0
  101         592.360   -1804.963           0.000       0.000             101               0
   14        -518.107    -468.929           0.000       0.000              14               0
  152        1152.070    -190.768           0.000       0.000             152               0
   98         790.811    -652.929           0.000       0.000              98               0
  120        -127.174    1741.836           0.000       0.000             120               0
  145        1975.135    1137.852           0.000       0.000             145               0
  179       -1037.877    1545.643           0.000       0.000             179               0
   43         324.028     499.320           0.000       0.000              43               0
   52         937.189    -593.516           0.000       0.000              52               0
  116         549.315      64.700           0.000       0.000             116               0
  237        1017.135    2925.343           0.000       0.000             237               0
  243       -2231.339    1083.299           0.000       0.000             243               0
  125          42.441     341.467           0.000       0.000             125               0
  214         156.087    -876.049           0.000       0.000             214               0
  169        1801.890    -506.200           0.000       0.000             169               0
  198       -1341.377     214.387           0.000       0.000             198               0
  128         579.378   -2361.289           0.000       0.000             128               0
  197         222.630      49.023           0.000       0.000             197               0
   64        2325.191    1941.466           0.000       0.000              64               0
  212        -493.777   -1088.373           0.000       0.000             212               0
   83       -1137.424    1585.978           0.000       0.000              83               0
  252        -190.078   -2126.921           0.000       0.000             252               0
  194         761.141    -535.020           0.000       0.000             194               0
  248        1149.515      53.926           0.000       0.000             248               0
  190        -564.875   -2680.770           0.000       0.000             190               0
   31         890.415    -810.441           0.000       0.000              31               0
   74       -1168.492    1373.872           0.000       0.000              74               0
  216         313.347    -377.632           0.000       0.000             216               0
   83       -1095.530    -849.701           0.000       0.000              83               0
   75         519.278    -138.146           0.000       0.000              75               0
  219        -151.893     -11.847           0.000       0.000             219               0
  185        2335.934    1045.227           0.000       0.000             185               0
   89        -279.430     400.652           0.000       0.000              89               0
  116         954.987     750.134           0.000       0.000             116               0
   27        -916.355     636.485           0.000       0.000              27               0
  210        -213.168    1428.476           0.000       0.000             210               0
    6         554.128     356.477           0.000       0.000               6               0
  207        2533.156     103.474           0.000       0.000             207               0
  253        1122.500    -596.256           0.000       0.000             253               0
   58        1797.173    -890.143           0.000       0.000              58               0
   67        1374.226    -199.798           0.000       0.000              67               0
  234        2778.078   -1929.536           0.000       0.000             234               0
   45       -2070.596     330.473           0.000       0.000              45               0
  193        2547.120     986.283           0.000       0.000             193               0
  193        2080.092   -1942.080           0.000       0.000             193               0
  214        -495.394    -409.426           0.000       0.000             214               0
  136        2096.550   -1058.030           0.000       0.000             136               0
   65        1066.413    1981.722           0.000       0.000              65               0
  156       -1112.929   -1833.479           0.000       0.000             156               0
  200       -2471.472    -839.221           0.000       0.000             200               0
   22       -1043.191     363.551           0.000       0.000              22               0
  239         398.110      52.416           0.000       0.000             239               0
  197        -440.140     201.022           0.000       0.000             197               0
  216       -1242.474   -1691.486           0.000       0.000             216               0
  232        -458.999     869.646           0.000       0.000             232               0
  132        -720.858   -1216.766           0.000       0.000             132               0
  248        1743.467    -479.652           0.000       0.000             248               0
   50        -305.620       6.538           0.000       0.000              50               0
   93       -1067.970    -325.770           0.000       0.000              93               0
   76         464.917     717.260           0.000       0.000              76               0
  126        -116.008   -1384.487           0.000       0.000             126               0
   56         911.671    1091.085           0.000       0.000              56               0
    5        -697.663    2411.731           0.000       0.000               5               0
  216        -644.672   -1570.227           0.000       0.000             216               0
  173        -189.717     448.223           0.000       0.000             173               0
   33        -673.669   -1528.048           0.000       0.000              33               0
  171         254.175    -286.601           0.000       0.000             171               0
  179         784.034   -1632.077           0.000       0.000             179               0
  240        -892.877    1370.454           0.000       0.000             240               0
  168        -415.688   -1069.097           0.000       0.000             168               0
  237         -85.497     780.723           0.000       0.000             237               0
   51       -2285.092     -92.015           0.000       0.000              51               0
  147       -1006.246    -841.845           0.000       0.000             147               0
   27         196.081   -1403.265           0.000       0.000              27               0
  245        -848.458    -668.367           0.000       0.000             245               0
   85         402.391    1816.031           0.000       0.000              85               0
  242       -2428.767    1115.417           0.000       0.000             242               0
  125       -1103.402     261.831           0.000       0.000             125               0
  150        -395.214      22.052           0.000       0.000             150               0
  142         296.913   -1140.810           0.000       0.000             142               0
   70         -40.435    1655.704           0.000       0.000              70               0
  172         -37.056    1493.409           0.000       0.000             172               0
  126        -583.305    -659.948           0.000       0.000             126               0
   12         779.831   -2410.384           0.000       0.000              12               0
  133        2357.361    -920.822           0.000       0.000             133               0
  102         859.536   -1000.058           0.000       0.000             102               0
  144        -314.297    -732.859           0.000       0.000             144               0
  126       -1880.318     513.345           0.000       0.000             126               0
  153       -1240.187    2408.371           0.000       0.000             153               0
  237           8.788    1092.753           0.000       0.000             237               0
  202        1313.827   -1548.319           0.000       0.000             202               0
   24        -436.344     474.867           0.000       0.000              24               0
   38         715.981     -44.683           0.000       0.000              38               0
  208        2079.336   -1361.785           0.000       0.000             208               0
  241       -1199.274     135.834           0.000       0.000             241               0
  211         294.471   -1161.306           0.000       0.000             211               0
  241        -841.943    2548.675           0.000       0.000             241               0
  156        2249.919    -208.850           0.000       0.000             156               0
  134        -185.491    -233.648           0.000       0.000             134               0
  225        -546.241    -376.277           0.000       0.000             225               0
   69         -73.515     925.448           0.000       0.000              69               0
  116        -475.591    -854.693           0.000       0.000             116               0
   21        -201.855    -706.639           0.000       0.000              21               0
  217        -161.168     262.067           0.000       0.000             217               0
  144        1473.259      43.905           0.000       0.000             144               0
   10       -1921.134   -2036.152           0.000       0.000              10               0
   46       -1482.316    -547.937           0.000       0.000              46               0
  130        -830.064     511.283           0.000       0.000             130               0
  136       -1064.986   -2045.255           0.000       0.000             136               0
  197        -554.610    1130.696           0.000       0.000             197               0
   16         252.639     151.870           0.000       0.000              16               0
  206        -999.306    -754.120           0.000       0.000             206               0
  114         374.999    -471.164           0.000       0.000             114               0
  143         105.118     493.832           0.000       0.000             143               0
  218       -1374.849     791.883           0.000       0.000             218               0
  248        -220.783    -908.580           0.000       0.000             248               0
  246       -1080.726   -1906.072           0.000       0.000             246               0
  106         454.824      52.007           0.000       0.000             106               0
  118        -199.927   -1037.848           0.000       0.000             118               0
  143         -57.492     259.959           0.000       0.000             143               0
   88        2642.239    -313.202           0.000       0.000              88               0
   65        1926.946    2130.308           0.000       0.000              65               0
  168         438.929     184.573           0.000       0.000             168               0
  126         -21.307    1685.403           0.000       0.000             126               0
   17        1041.963     104.513           0.000       0.000              17               0
  153        -176.766   -1118.497           0.000       0.000             153               0
   81        -470.266     380.296           0.000       0.000              81               0
    2        1139.238     286.126           0.000       0.000               2               0
   54        1483.955    -717.233           0.000       0.000              54               0
  216         677.318    -301.318           0.000       0.000             216               0
  228        2024.436    1267.745           0.000       0.000             228               0
  123         977.439    1073.382           0.000       0.000             123               0
   76       -1019.344     442.262           0.000       0.000              76               0
  249         928.913   -1554.181           0.000       0.000             249               0
   85        1650.240     172.173           0.000       0.000              85               0
  220        -508.781    1183.336           0.000       0.000             220               0
    4         888.939    -333.057           0.000       0.000               4               0
  131        1184.178     364.716           0.000       0.000             131               0
   94       -3325.997    -202.175           0.000       0.000              94               0
  140         783.995    1111.866           0.000       0.000             140               0
   73        -446.653    1648.834           0.000       0.000              73               0
  111        1332.897    1803.793           0.000       0.000             111               0
   90        -991.956   -1889.417           0.000       0.000              90               0
  187         929.746    -301.814           0.000       0.000             187               0
  254       -1082.066     517.024           0.000       0.000             254               0
   53          14.628    1149.022           0.000       0.000              53               0
  180        -390.946     872.977           0.000       0.000             180               0
  244       -1394.148   -1626.896           0.000       0.000             244               0
  160        2236.668    -650.511           0.000       0.000             160               0
   42          72.892     374.299           0.000       0.000              42               0
  132       -2517.550    1313.723           0.000       0.000             132               0
  248         141.189      90.870           0.000       0.000             248               0
  107         912.629     405.012           0.000       0.000             107               0
   45       -2806.132    1465.074           0.000       0.000              45               0
  118        1523.177    2044.715           0.000       0.000             118               0
  124        2002.159   -1259.568           0.000       0.000             124               0
  199         191.193    -545.366           0.000       0.000             199               0
  199           8.624    -177.162           0.000       0.000             199               0
  127        -608.816   -1356.583           0.000       0.000             127               0
  253        3237.000       0.628           0.000       0.000             253               0
  160        -609.551    1356.344           0.000       0.000             160               0
  100           8.562     176.964           0.000       0.000             100               0
  121         191.120     545.227           0.000       0.000             121               0
  236        2001.667    1259.726           0.000       0.000             236               0
   94        1523.296   -2044.686           0.000       0.000              94               0
  206       -2805.917   -1466.071           0.000       0.000             206               0
  201         912.785    -404.671           0.000       0.000             201               0
   98         140.909     -90.901           0.000       0.000              98               0
   82       -2517.110   -1314.554           0.000       0.000              82               0
   40          73.386    -374.065           0.000       0.000              40               0
  239        2236.367     651.412           0.000       0.000             239               0
  156       -1394.923    1626.214           0.000       0.000             156               0
  152        -390.601    -873.463           0.000       0.000             152               0
   74          15.020   -1149.098           0.000       0.000              74               0
   88       -1081.759    -517.291           0.000       0.000              88               0
  151         929.755     302.225           0.000       0.000             151               0
  127        -992.469    1888.765           0.000       0.000             127               0
   12        1333.588   -1803.790           0.000       0.000              12               0
  139        -446.149   -1649.026           0.000       0.000             139               0
   31         784.202   -1111.418           0.000       0.000              31               0
   55       -3325.874     201.214           0.000       0.000              55               0
   16        1184.824    -364.249           0.000       0.000              16               0
   23         888.987     333.339           0.000       0.000              23               0
  162        -508.139   -1183.463           0.000       0.000             162               0
   62        1650.526    -171.374           0.000       0.000              62               0
  142         928.326    1554.471           0.000       0.000             142               0
   31       -1019.062    -442.854           0.000       0.000              31               0
    5         978.155   -1073.137           0.000       0.000               5               0
   86        2024.948   -1266.884           0.000       0.000              86               0
  159         677.170     301.802           0.000       0.000             159               0
    3        1483.626     717.771           0.000       0.000               3               0
  246        1139.038    -285.780           0.000       0.000             246               0
    3        -470.370    -380.353           0.000       0.000               3               0
  124        -177.118    1118.405           0.000       0.000             124               0
  227        1041.983    -104.435           0.000       0.000             227               0
   98         -20.780   -1685.479           0.000       0.000              98               0
   75         439.119    -184.386           0.000       0.000              75               0
  173        1927.693   -2129.432           0.000       0.000             173               0
  196        2641.707     314.489           0.000       0.000             196               0
  158         -58.007    -259.636           0.000       0.000             158               0
  214        -200.669    1038.046           0.000       0.000             214               0
  179         454.413     -51.615           0.000       0.000             179               0
   59       -1081.738    1905.826           0.000       0.000              59               0
  110        -221.355     908.286           0.000       0.000             110               0
  254       -1374.718    -792.483           0.000       0.000             254               0
  147         105.262    -493.677           0.000       0.000             147               0
    5         374.627     471.442           0.000       0.000               5               0
  125        -999.739     753.779           0.000       0.000             125               0
  160         252.535    -151.855           0.000       0.000             160               0
  145        -554.494   -1130.651           0.000       0.000             145               0
  157       -1065.843    2045.042           0.000       0.000             157               0
  215        -829.997    -511.568           0.000       0.000             215               0
  162       -1482.504     547.632           0.000       0.000             162               0
  181       -1921.453    2035.428           0.000       0.000             181               0
  122        1473.563     -43.668           0.000       0.000             122               0
  224        -161.093    -262.177           0.000       0.000             224               0
   67        -202.068     706.541           0.000       0.000              67               0
  153        -475.799     854.302           0.000       0.000             153               0
  230         -73.103    -925.631           0.000       0.000             230               0
  153        -546.210     376.062           0.000       0.000             153               0
   57        -185.244     233.447           0.000       0.000              57               0
  233        2249.876     209.326           0.000       0.000             233               0
  144        -841.224   -2548.892           0.000       0.000             144               0
   61         294.091    1161.655           0.000       0.000              61               0
  102       -1199.016    -136.148           0.000       0.000             102               0
  116        2079.049    1362.458           0.000       0.000             116               0
  159         715.768      44.730           0.000       0.000             159               0
  178        -436.268    -475.041           0.000       0.000             178               0
   33        1313.165    1548.550           0.000       0.000              33               0
   99           8.780   -1093.138           0.000       0.000              99               0
   81       -1239.636   -2408.714           0.000       0.000              81               0
  247       -1880.023    -513.546           0.000       0.000             247               0
   23        -314.151     733.112           0.000       0.000              23               0
  140         859.550    1000.536           0.000       0.000             140               0
  101        2357.027     921.727           0.000       0.000             101               0
   22         778.645    2410.454           0.000       0.000              22               0
   32        -583.814     659.197           0.000       0.000              32               0
  107         -36.715   -1493.811           0.000       0.000             107               0
  147         -40.048   -1655.630           0.000       0.000             147               0
  193         296.275    1140.995           0.000       0.000             193               0
  252        -395.558     -22.347           0.000       0.000             252               0
   48       -1103.625    -262.373           0.000       0.000              48               0
  153       -2428.348   -1116.314           0.000       0.000             153               0
  158         403.134   -1815.608           0.000       0.000             158               0
  230        -848.677     668.524           0.000       0.000             230               0
   19         195.556    1403.482           0.000       0.000              19               0
  127       -1006.691     841.416           0.000       0.000             127               0
   41       -2284.970      91.103           0.000       0.000              41               0
  173         -84.929    -780.710           0.000       0.000             173               0
  101        -415.871    1068.962           0.000       0.000             101               0
  195        -892.127   -1370.641           0.000       0.000             195               0
  230         783.734    1632.513           0.000       0.000             230               0
   78         254.094     286.676           0.000       0.000              78               0
   84        -674.136    1527.674           0.000       0.000              84               0
   35        -189.462    -448.472           0.000       0.000              35               0
  180        -645.065    1569.670           0.000       0.000             180               0
  200        -696.560   -2412.236           0.000       0.000             200               0
  194         912.256   -1090.512           0.000       0.000             194               0
  103        -116.386    1384.569           0.000       0.000             103               0
  233         465.174    -717.105           0.000       0.000             233               0
   38       -1067.999     325.523           0.000       0.000              38               0
  184        -305.302      -6.539           0.000       0.000             184               0
  225        1743.358     480.362           0.000       0.000             225               0
   62        -721.407    1216.459           0.000       0.000              62               0
   69        -458.721    -869.783           0.000       0.000              69               0
   71       -1242.916    1691.069           0.000       0.000              71               0
   84        -439.804    -201.341           0.000       0.000              84               0
  101         398.240     -52.329           0.000       0.000             101               0
  178       -1043.055    -363.809           0.000       0.000             178               0
  232       -2471.368     838.524           0.000       0.000             232               0
   39       -1112.720    1832.868           0.000       0.000              39               0
  174        1067.893   -1981.464           0.000       0.000             174               0
   25        2096.605    1058.898           0.000       0.000              25               0
  192        -495.117     409.302           0.000       0.000             192               0
   77        2079.935    1942.571           0.000       0.000              77               0
  255        2547.424    -985.678           0.000       0.000             255               0
  211       -2070.244    -331.042           0.000       0.000             211               0
  204        2777.902    1930.435           0.000       0.000             204               0
   40        1374.282     200.037           0.000       0.000              40               0
  128        1796.915     890.526           0.000       0.000             128               0
   49        1122.299     596.271           0.000       0.000              49               0
  236        2532.973    -103.023           0.000       0.000             236               0
  103         553.810    -356.673           0.000       0.000             103               0
  128        -212.996   -1428.767           0.000       0.000             128               0
   64        -916.155    -636.845           0.000       0.000              64               0
  138         955.291    -749.823           0.000       0.000             138               0
   53        -279.211    -400.730           0.000       0.000              53               0
    9        2336.199   -1044.318           0.000       0.000               9               0
   77        -152.192      12.019           0.000       0.000              77               0
  156         518.979     138.510           0.000       0.000             156               0
  242       -1095.955     849.411           0.000       0.000             242               0
  115         313.175     377.645           0.000       0.000             115               0
   84       -1167.965   -1374.114           0.000       0.000              84               0
  212         890.253     811.131           0.000       0.000             212               0
  178        -565.677    2680.556           0.000       0.000             178               0
  153        1149.636     -53.767           0.000       0.000             153               0
   27         760.824     535.233           0.000       0.000              27               0
    6        -190.976    2126.502           0.000       0.000               6               0
  255       -1136.855   -1586.686           0.000       0.000             255               0
  205        -493.782    1087.984           0.000       0.000             205               0
  238        2325.977   -1940.817           0.000       0.000             238               0
   38         222.497     -48.687           0.000       0.000              38               0
  124         578.427    2361.410           0.000       0.000             124               0
    7       -1341.241    -215.138           0.000       0.000               7               0
  231        1801.791     506.601           0.000       0.000             231               0
  201         155.590     875.713           0.000       0.000             201               0
    6          42.331    -341.968           0.000       0.000               6               0
  186       -2230.850   -1084.504           0.000       0.000             186               0
  150        1018.444   -2925.033           0.000       0.000             150               0
   47         549.456     -64.272           0.000       0.000              47               0
   59         936.998     593.786           0.000       0.000              59               0
  200         324.091    -499.430           0.000       0.000             200               0
   28       -1037.206   -1546.062           0.000       0.000              28               0
  162        1975.630   -1137.076           0.000       0.000             162               0
   72        -126.643   -1741.494           0.000       0.000              72               0
   93         790.633     653.639           0.000       0.000              93               0
   44        1151.862     191.445           0.000       0.000              44               0
  125        -518.365     469.075           0.000       0.000             125               0
  102         591.779    1805.291           0.000       0.000             102               0
  121         139.183    1263.022           0.000       0.000             121               0
   25        1736.236    -435.990           0.000       0.000              25               0
   89         968.648   -1243.370           0.000       0.000              89               0
  237        1409.108      21.392           0.000       0.000             237               0
  110         -26.245    2503.881           0.000       0.000             110               0
   45       -1574.214     302.795           0.000       0.000              45               0
  159          -5.441    -154.695           0.000       0.000             159               0
    8       -1008.633    -290.744           0.000       0.000               8               0
   72        -355.877   -1065.442           0.000       0.000              72               0
  166         -53.076     779.961           0.000       0.000             166               0
    7       -1013.151     257.044           0.000       0.000               7               0
   22       -1433.355    -936.515           0.000       0.000              22               0
  149        1188.996     714.284           0.000       0.000             149               0
   46        -941.653    2686.797           0.000       0.000              46               0
  146        -909.633    -764.426           0.000       0.000             146               0
  156         661.387    -249.654           0.000       0.000             156               0
   21        1465.553    -318.060           0.000       0.000              21               0
   92       -2555.921    -510.353           0.000       0.000              92               0
  163       -1319.433    1029.955           0.000       0.000             163               0
  208          83.553    2489.036           0.000       0.000             208               0
  243       -1406.147     -32.729           0.000       0.000             243               0
  211         162.465    2422.572           0.000       0.000             211               0
   11         285.252    -571.232           0.000       0.000              11               0
  187         385.198    2470.433           0.000       0.000             187               0
  240         734.914    -218.437           0.000       0.000             240               0
  173         111.947   -1430.041           0.000       0.000             173               0
    3         970.940     712.341           0.000       0.000               3               0
   77         116.063    1025.732           0.000       0.000              77               0
  218        -631.510    -309.795           0.000       0.000             218               0
  129        -876.609    -465.824           0.000       0.000             129               0
  180        -104.486    1281.420           0.000       0.000             180               0
   84         550.617    1461.877           0.000       0.000              84               0
  155       -1104.243    -657.182           0.000       0.000             155               0
   13       -1354.580   -1178.109           0.000       0.000              13               0
   66         349.256     894.501           0.000       0.000              66               0
    9         129.721    2318.562           0.000       0.000               9               0
   59       -1819.381      12.464           0.000       0.000              59               0
  225       -1053.140    2017.311           0.000       0.000             225               0
   17         368.066     690.564           0.000       0.000              17               0
  131        -718.914     478.510           0.000       0.000             131               0
  136        1470.512   -1590.033           0.000       0.000             136               0
   25         770.079   -1239.410           0.000       0.000              25               0
  154        -946.965     387.591           0.000       0.000             154               0
   29        2061.832     658.638           0.000       0.000              29               0
   72         512.864    1636.938           0.000       0.000              72               0
   45         288.597    -368.445           0.000       0.000              45               0
  186         501.638   -2191.766           0.000       0.000             186               0
   93       -1424.055    -163.612           0.000       0.000              93               0
  137        -941.428     182.196           0.000       0.000             137               0
   93         891.305   -1650.802           0.000       0.000              93               0
   46        -798.376   -2249.151           0.000       0.000              46               0
  125        -856.891    -472.362           0.000       0.000             125               0
   49        -365.332    -367.211           0.000       0.000              49               0
   57       -1268.628     311.001           0.000       0.000              57               0
   56         165.302     979.843           0.000       0.000              56               0
   33        1564.567     883.407           0.000       0.000              33               0
  231        1859.252    -609.845           0.000       0.000             231               0
   60        -769.118    -459.190           0.000       0.000              60               0
  111        1035.409     363.399           0.000       0.000             111               0
  193       -1702.580     528.522           0.000       0.000             193               0
  190        -632.371      96.414           0.000       0.000             190               0
   35       -1603.190    1252.492           0.000       0.000              35               0
   22         472.037    -735.860           0.000       0.000              22               0
   89       -1175.988   -1722.589           0.000       0.000              89               0
   48       -1342.255    2110.668           0.000       0.000              48               0
   88       -1534.717    -705.584           0.000       0.000              88               0
   99        -245.080     -10.262           0.000       0.000              99               0
  107        1354.384   -1080.345           0.000       0.000             107               0
   58        -377.722    -331.516           0.000       0.000              58               0
  117         733.876    -974.722           0.000       0.000             117               0
  239        -253.087    -927.093           0.000       0.000             239               0
  194        -751.944    2889.725           0.000       0.000             194               0
  142         682.876   -1017.681           0.000       0.000             142               0
  138        -291.029   -1169.446           0.000       0.000             138               0
  223        1125.523     343.522           0.000       0.000             223               0
  215        1563.696    -871.290           0.000       0.000             215               0
  183       -1353.503    1691.540           0.000       0.000             183               0
  153         672.837     447.470           0.000       0.000             153               0
   53         486.531     632.439           0.000       0.000              53               0
   65       -1265.907    -936.369           0.000       0.000              65               0
  247       -1908.119    -211.304           0.000       0.000             247               0
   99        -608.880     268.326           0.000       0.000              99               0
  190        1648.001     806.371           0.000       0.000             190               0
   40         119.975   -1242.506           0.000       0.000              40               0
  156        -795.821      98.856           0.000       0.000             156               0
  247       -4858.946      66.512           0.000       0.000             247               0
   74        -411.911    -425.269           0.000       0.000              74               0
  131       -1860.561    1364.805           0.000       0.000             131               0
   51        2182.025   -1198.432           0.000       0.000              51               0
  186         718.900     740.349           0.000       0.000             186               0
   69         838.985    -603.364           0.000       0.000              69               0
  241         820.284     566.492           0.000       0.000             241               0
  221        1465.784    -274.225           0.000       0.000             221               0
   91        2102.613     256.740           0.000       0.000              91               0
   75        -474.982     508.419           0.000       0.000              75               0
   14       -1419.122    2221.930           0.000       0.000              14               0
