SINAL     NFT                         FFT                         NFT INVERSA     FFT INVERSA
-----     -----------------------     -----------------------     -----------     -----------
   98       66330.000       0.000           0.000       0.000              98               0
  254          44.992    -847.752           0.000       0.000             254               0
  189        -497.771   -1299.505           0.000       0.000             189               0
  244         288.014   -1383.263           0.000       0.000             244               0
   73        -829.023    1432.311           0.000       0.000              73               0
   41         823.871      59.555           0.000       0.000              41               0
  190        2291.374   -1330.367           0.000       0.000             190               0
  176         440.326      96.170           0.000       0.000             176               0
  112          33.235     452.179           0.000       0.000             112               0
   43        -459.375    -873.392           0.000       0.000              43               0
  158        -106.254    1012.513           0.000       0.000             158               0
  191        1939.047     974.507           0.000       0.000             191               0
   16         289.986   -1863.827           0.000       0.000              16               0
  185         178.942   -1012.122           0.000       0.000             185               0
  210       -1258.405    1424.636           0.000       0.000             210               0
  247        1790.798    1035.834           0.000       0.000             247               0
   63        -383.878   -1270.464           0.000       0.000              63               0
  213        -505.086    1042.948           0.000       0.000             213               0
  153         238.458     782.518           0.000       0.000             153               0
   31       -1437.966   -1173.349           0.000       0.000              31               0
   37         213.564     986.803           0.000       0.000              37               0
   77         197.615    -174.207           0.000       0.000              77               0
  105         255.415     191.821           0.000       0.000             105               0
  112        1489.255    -753.106           0.000       0.000             112               0
  147         -20.043     905.991           0.000       0.000             147               0
  228         -15.964   -2552.773           0.000       0.000             228               0
  249       -1395.800     724.591           0.000       0.000             249               0
  213         555.273    3155.450           0.000       0.000             213               0
   53       -2270.393    -689.183           0.000       0.000              53               0
   56        2127.581    -145.666           0.000       0.000              56               0
  139       -1763.149    -523.180           0.000       0.000             139               0
  152       -2641.277    -441.235           0.000       0.000             152               0
   54         222.359   -1976.218           0.000       0.000              54               0
   72       -2032.918   -1411.829           0.000       0.000              72               0
  141        1384.921      21.989           0.000       0.000             141               0
  127         994.100     125.180           0.000       0.000             127               0
  114        1495.348    1275.304           0.000       0.000             114               0
   76        2108.522    -774.073           0.000       0.000              76               0
   48        2982.588   -1317.225           0.000       0.000              48               0
  226        3542.741   -1292.361           0.000       0.000             226               0
  119       -1217.020    -876.456           0.000       0.000             119               0
  206       -1041.852     911.048           0.000       0.000             206               0
  162         141.759    -262.812           0.000       0.000             162               0
  136         470.083    -768.932           0.000       0.000             136               0
  135        1669.636   -1905.909           0.000       0.000             135               0
  116        -908.302     160.957           0.000       0.000             116               0
  127         430.302   -2600.445           0.000       0.000             127               0
  198        1461.003   -1094.901           0.000       0.000             198               0
   73        -170.147   -1966.682           0.000       0.000              73               0
   24         769.248    1325.267           0.000       0.000              24               0
  230         115.163     748.510           0.000       0.000             230               0
  111         610.720    -400.175           0.000       0.000             111               0
  102        -966.188    1023.567           0.000       0.000             102               0
   79       -1266.649   -1313.329           0.000       0.000              79               0
  224        -301.282    2326.469           0.000       0.000             224               0
  249         560.948     373.913           0.000       0.000             249               0
   52        1546.242     644.148           0.000       0.000              52               0
  217        1007.391     391.008           0.000       0.000             217               0
  206         135.815    -165.822           0.000       0.000             206               0
  105        -929.195    2252.094           0.000       0.000             105               0
   17        -547.388    1931.909           0.000       0.000              17               0
   90        2221.108    -418.050           0.000       0.000              90               0
    2        -879.674     699.443           0.000       0.000               2               0
   72        3022.524     916.439           0.000       0.000              72               0
  163       -1856.398    1395.310           0.000       0.000             163               0
  143        -622.400   -1042.002           0.000       0.000             143               0
  200       -1295.322   -2790.139           0.000       0.000             200               0
   21       -1122.295   -2312.649           0.000       0.000              21               0
  219        1246.255     941.440           0.000       0.000             219               0
  248         927.295     301.330           0.000       0.000             248               0
  248       -3187.848   -2986.995           0.000       0.000             248               0
   83        1232.221      90.256           0.000       0.000              83               0
  198        2683.283     538.182           0.000       0.000             198               0
  154       -1316.138    -885.830           0.000       0.000             154               0
  219         262.415     229.954           0.000       0.000             219               0
   78        -979.816    1015.687           0.000       0.000              78               0
   15        1457.118     190.593           0.000       0.000              15               0
   91        -676.367    -751.346           0.000       0.000              91               0
   20         -23.011    -974.635           0.000       0.000              20               0
   89        -765.899     168.178           0.000       0.000              89               0
  115         452.249     115.026           0.000       0.000             115               0
  251         871.348   -2320.984           0.000       0.000             251               0
  200        -760.171    2083.945           0.000       0.000             200               0
  217         670.622   -2593.219           0.000       0.000             217               0
   74       -1129.620   -1069.015           0.000       0.000              74               0
  168         206.638    -413.620           0.000       0.000             168               0
  211        -939.689    -426.378           0.000       0.000             211               0
  126        1119.275   -2004.476           0.000       0.000             126               0
  130        2708.886    -224.592           0.000       0.000             130               0
  162         842.150    1173.145           0.000       0.000             162               0
  232        1094.409   -1624.884           0.000       0.000             232               0
  148        -390.580    1023.885           0.000       0.000             148               0
  252         167.668     189.150           0.000       0.000             252               0
  234       -1798.606    -794.146           0.000       0.000             234               0
  220         747.623    1764.362           0.000       0.000             220               0
  159       -1186.263    1342.240           0.000       0.000             159               0
  122        1644.046   -2577.599           0.000       0.000             122               0
  165         691.283    1396.584           0.000       0.000             165               0
  180        -208.268    -388.347           0.000       0.000             180               0
   85        1184.288    2159.518           0.000       0.000              85               0
  157        -724.996    1569.903           0.000       0.000             157               0
  173        -843.448     298.802           0.000       0.000             173               0
  169          85.307   -1184.404           0.000       0.000             169               0
   99       -1232.456    2333.791           0.000       0.000              99               0
   71         858.419   -1098.887           0.000       0.000              71               0
  132       -1195.418   -1572.156           0.000       0.000             132               0
  177       -2067.896    -701.468           0.000       0.000             177               0
   86       -1209.080    -382.073           0.000       0.000              86               0
  224        -530.078   -1977.858           0.000       0.000             224               0
  198       -1136.311     525.271           0.000       0.000             198               0
  175        -458.560     919.130           0.000       0.000             175               0
   83       -2370.980     565.364           0.000       0.000              83               0
  193        1978.782   -2175.698           0.000       0.000             193               0
  120         926.679    -810.060           0.000       0.000             120               0
   45        1120.255     223.018           0.000       0.000              45               0
   12         166.757     966.429           0.000       0.000              12               0
   33        -761.944    1077.676           0.000       0.000              33               0
    1         243.973     128.920           0.000       0.000               1               0
  139         469.486     634.407           0.000       0.000             139               0
  163        -675.860    1553.408           0.000       0.000             163               0
  163       -1491.400     552.257           0.000       0.000             163               0
  116         808.576   -3472.653           0.000       0.000             116               0
   56       -2211.834     600.632           0.000       0.000              56               0
  159        -731.010   -1115.518           0.000       0.000             159               0
   95        -414.319    -515.143           0.000       0.000              95               0
   21        -972.475    -232.852           0.000       0.000              21               0
   63         533.590     351.988           0.000       0.000              63               0
  217       -1373.845   -1555.937           0.000       0.000             217               0
  186       -1693.167    1900.961           0.000       0.000             186               0
  244       -1064.571    -197.711           0.000       0.000             244               0
   47       -2150.876    1865.945           0.000       0.000              47               0
   87         837.046    3320.754           0.000       0.000              87               0
  161        1251.226     131.476           0.000       0.000             161               0
  216          78.504     950.283           0.000       0.000             216               0
  187       -1280.481    -100.825           0.000       0.000             187               0
  233       -1251.139     639.223           0.000       0.000             233               0
   93       -1140.165   -2015.155           0.000       0.000              93               0
  109         818.125     859.660           0.000       0.000             109               0
   64         813.664      -0.198           0.000       0.000              64               0
   61         -14.497    2930.361           0.000       0.000              61               0
   52       -1667.000    1767.341           0.000       0.000              52               0
  240         244.252    2419.890           0.000       0.000             240               0
  145         171.594   -3048.771           0.000       0.000             145               0
  246         773.015   -1031.325           0.000       0.000             246               0
  104        1545.714    -788.458           0.000       0.000             104               0
  191        1390.773    1201.551           0.000       0.000             191               0
    2       -1061.599     330.975           0.000       0.000               2               0
  137        -129.733     441.119           0.000       0.000             137               0
  192        -106.535    -148.440           0.000       0.000             192               0
  142        1192.397     708.277           0.000       0.000             142               0
   45        1194.889     475.725           0.000       0.000              45               0
   99         837.769    1060.628           0.000       0.000              99               0
    2        -847.083    -880.472           0.000       0.000               2               0
  101         388.042    -704.747           0.000       0.000             101               0
    3         498.170    -710.523           0.000       0.000               3               0
   97        -677.879     859.296           0.000       0.000              97               0
  123        -607.470   -2062.358           0.000       0.000             123               0
   66         118.266    -769.574           0.000       0.000              66               0
   59       -1027.158     604.985           0.000       0.000              59               0
   53         465.286     189.120           0.000       0.000              53               0
   55         437.008       5.792           0.000       0.000              55               0
  106       -1078.967     517.012           0.000       0.000             106               0
  141        -531.980      75.412           0.000       0.000             141               0
  216       -2302.187   -1125.319           0.000       0.000             216               0
   66         -36.368   -1634.268           0.000       0.000              66               0
   72         945.480    -766.654           0.000       0.000              72               0
  194         301.441    1841.772           0.000       0.000             194               0
  160        -454.989     333.681           0.000       0.000             160               0
  181        -145.830     341.897           0.000       0.000             181               0
    2       -1065.513     776.330           0.000       0.000               2               0
  221         581.838     438.406           0.000       0.000             221               0
  234        -738.467     -80.606           0.000       0.000             234               0
  242        -477.212    -716.457           0.000       0.000             242               0
  111          53.911     764.139           0.000       0.000             111               0
  224          59.656    -919.832           0.000       0.000             224               0
   90        -850.404    -706.625           0.000       0.000              90               0
   46        -457.949    -102.342           0.000       0.000              46               0
  227        -556.691     748.452           0.000       0.000             227               0
  228         304.372    -289.651           0.000       0.000             228               0
  238        -787.281   -1037.727           0.000       0.000             238               0
  113        1135.429   -1077.467           0.000       0.000             113               0
   17       -1204.205     566.344           0.000       0.000              17               0
   82       -1117.168    1762.274           0.000       0.000              82               0
  116        -976.452    -738.413           0.000       0.000             116               0
  119       -1122.174    -737.204           0.000       0.000             119               0
   85        1262.141    -780.855           0.000       0.000              85               0
  213         915.577    -559.630           0.000       0.000             213               0
  243        -140.490    -942.822           0.000       0.000             243               0
  152        -503.544   -1764.499           0.000       0.000             152               0
   16         573.402   -1439.376           0.000       0.000              16               0
   40       -1286.083    2516.189           0.000       0.000              40               0
  208       -2304.692   -1931.281           0.000       0.000             208               0
  123        -949.477    -924.641           0.000       0.000             123               0
  181        -390.093     303.741           0.000       0.000             181               0
  169        1007.533    -529.463           0.000       0.000             169               0
  190        -121.165   -1725.041           0.000       0.000             190               0
  254        1500.929   -1282.785           0.000       0.000             254               0
  107         433.032    -190.912           0.000       0.000             107               0
   94        1267.855     562.763           0.000       0.000              94               0
  180       -1309.424    -744.177           0.000       0.000             180               0
  109        -244.299    -993.023           0.000       0.000             109               0
   60         266.806   -1304.995           0.000       0.000              60               0
  158       -1149.752   -2035.520           0.000       0.000             158               0
   95        1598.978      33.741           0.000       0.000              95               0
  171         750.018    -107.468           0.000       0.000             171               0
  126         362.895    -326.720           0.000       0.000             126               0
  185        -102.907    -927.088           0.000       0.000             185               0
  218         897.723    -532.220           0.000       0.000             218               0
   97        1133.123     372.376           0.000       0.000              97               0
  158       -1019.218   -1456.713           0.000       0.000             158               0
  201        1211.505   -1668.285           0.000       0.000             201               0
  211        2220.116      41.505           0.000       0.000             211               0
  176        -901.966    -545.793           0.000       0.000             176               0
   27        1426.464     332.910           0.000       0.000              27               0
   71        -440.326    1663.977           0.000       0.000              71               0
   40         -52.920    -886.581           0.000       0.000              40               0
  113       -1663.054     330.069           0.000       0.000             113               0
   29         694.349   -1133.374           0.000       0.000              29               0
   27        -568.048     334.898           0.000       0.000              27               0
   10       -1486.887      34.225           0.000       0.000              10               0
   46        -988.778      71.385           0.000       0.000              46               0
   68        -833.510   -1297.505           0.000       0.000              68               0
  218         -75.822    1293.287           0.000       0.000             218               0
  169        -827.020    -598.065           0.000       0.000             169               0
  249         308.976   -1080.524           0.000       0.000             249               0
  131         731.319    2748.184           0.000       0.000             131               0
  103        -208.004    -576.102           0.000       0.000             103               0
  247         280.410    -996.841           0.000       0.000             247               0
  238          90.901    -431.399           0.000       0.000             238               0
  198         447.826   -1970.702           0.000       0.000             198               0
  172         -65.905     304.319           0.000       0.000             172               0
   92        -853.752     254.925           0.000       0.000              92               0
    2        1475.443    1914.289           0.000       0.000               2               0
   74        1132.656    2164.301           0.000       0.000              74               0
  187         580.199     360.677           0.000       0.000             187               0
  174        1205.522    -280.950           0.000       0.000             174               0
  200         379.208    -654.225           0.000       0.000             200               0
  117         616.639    1682.953           0.000       0.000             117               0
  136        -508.149     454.619           0.000       0.000             136               0
   42        -344.940    1446.531           0.000       0.000              42               0
   19       -1017.720     320.716           0.000       0.000              19               0
   81         639.807      45.991           0.000       0.000              81               0
  253        -153.857   -1240.257           0.000       0.000             253               0
  195         321.254    1041.085           0.000       0.000             195               0
  109       -1381.225    -552.204           0.000       0.000             109               0
   69        -538.811    -712.094           0.000       0.000              69               0
  236         115.955    2043.864           0.000       0.000             236               0
  223         468.486    -380.359           0.000       0.000             223               0
   98         297.769   -1879.947           0.000       0.000              98               0
    7       -1015.821    1979.002           0.000       0.000               7               0
  233        -336.083    -562.534           0.000       0.000             233               0
  144        1728.477     -29.833           0.000       0.000             144               0
   75       -2530.786    -757.227           0.000       0.000              75               0
  196       -1875.042     620.335           0.000       0.000             196               0
   58        -407.573    -827.233           0.000       0.000              58               0
   69        -427.872    -543.764           0.000       0.000              69               0
   71        -396.000       0.022           0.000       0.000              71               0
  162        -428.094     543.736           0.000       0.000             162               0
   61        -407.984     827.029           0.000       0.000              61               0
   54       -1874.884    -620.992           0.000       0.000              54               0
  104       -2530.586     756.386           0.000       0.000             104               0
  233        1728.851      30.323           0.000       0.000             233               0
  146        -336.265     562.228           0.000       0.000             146               0
  107       -1014.970   -1979.279           0.000       0.000             107               0
   51         297.396    1880.145           0.000       0.000              51               0
   78         468.449     380.185           0.000       0.000              78               0
   25         116.602   -2043.868           0.000       0.000              25               0
  252        -539.096     712.067           0.000       0.000             252               0
  195       -1381.231     551.623           0.000       0.000             195               0
  162         321.860   -1040.984           0.000       0.000             162               0
   39        -154.101    1240.177           0.000       0.000              39               0
  215         639.873     -46.036           0.000       0.000             215               0
  244       -1017.553    -321.325           0.000       0.000             244               0
   36        -344.229   -1446.768           0.000       0.000              36               0
  155        -507.672    -454.806           0.000       0.000             155               0
   97         617.534   -1682.593           0.000       0.000              97               0
  105         379.260     654.549           0.000       0.000             105               0
  135        1205.604     281.272           0.000       0.000             135               0
   65         580.404    -360.706           0.000       0.000              65               0
  204        1133.414   -2163.965           0.000       0.000             204               0
  143        1475.849   -1913.422           0.000       0.000             143               0
   42        -853.883    -254.705           0.000       0.000              42               0
   93         -65.786    -303.802           0.000       0.000              93               0
  218         447.146    1971.180           0.000       0.000             218               0
  238          90.695     431.497           0.000       0.000             238               0
  151         279.998     996.923           0.000       0.000             151               0
   31        -208.237     575.772           0.000       0.000              31               0
   54         732.156   -2747.837           0.000       0.000              54               0
   58         308.357    1080.984           0.000       0.000              58               0
   93        -827.416     597.798           0.000       0.000              93               0
  109         -75.534   -1293.137           0.000       0.000             109               0
  162        -834.104    1297.436           0.000       0.000             162               0
   70        -988.818     -71.691           0.000       0.000              70               0
  255       -1486.750     -34.631           0.000       0.000             255               0
   13        -567.646    -334.886           0.000       0.000              13               0
  122         694.062    1133.718           0.000       0.000             122               0
   78       -1662.808    -330.586           0.000       0.000              78               0
   39         -52.881     886.524           0.000       0.000              39               0
  119        -439.387   -1664.069           0.000       0.000             119               0
   17        1426.818    -332.056           0.000       0.000              17               0
  201        -901.864     545.823           0.000       0.000             201               0
  158        2220.392     -40.397           0.000       0.000             158               0
  232        1210.785    1668.988           0.000       0.000             232               0
  190       -1019.701    1456.345           0.000       0.000             190               0
  195        1133.391    -371.989           0.000       0.000             195               0
  132         897.465     532.690           0.000       0.000             132               0
   32        -103.280     927.131           0.000       0.000              32               0
   44         362.823     326.868           0.000       0.000              44               0
   11         749.987     107.828           0.000       0.000              11               0
   97        1598.716     -32.908           0.000       0.000              97               0
  249       -1150.692    2035.349           0.000       0.000             249               0
  154         266.291    1305.032           0.000       0.000             154               0
  139        -244.772     992.812           0.000       0.000             139               0
   86       -1309.548     743.540           0.000       0.000              86               0
  117        1268.212    -562.400           0.000       0.000             117               0
  122         432.960     191.231           0.000       0.000             122               0
  237        1500.323    1283.426           0.000       0.000             237               0
  149        -122.009    1724.887           0.000       0.000             149               0
  177        1007.023     529.548           0.000       0.000             177               0
   39        -390.464    -303.941           0.000       0.000              39               0
  242        -950.191     924.354           0.000       0.000             242               0
   30       -2305.452    1930.177           0.000       0.000              30               0
  202       -1284.993   -2516.698           0.000       0.000             202               0
   57         573.087    1439.860           0.000       0.000              57               0
   30        -504.083    1764.272           0.000       0.000              30               0
  216        -140.650     942.542           0.000       0.000             216               0
  180         915.449     559.717           0.000       0.000             180               0
  108        1261.588     781.052           0.000       0.000             108               0
    0       -1122.775     736.527           0.000       0.000              -0               0
   43        -976.833     737.617           0.000       0.000              43               0
  125       -1116.580   -1762.933           0.000       0.000             125               0
  201       -1203.791    -566.631           0.000       0.000             201               0
  202        1135.171    1077.908           0.000       0.000             202               0
  102        -787.663    1037.269           0.000       0.000             102               0
  135         304.266     289.436           0.000       0.000             135               0
  141        -556.510    -748.811           0.000       0.000             141               0
  235        -457.997     102.178           0.000       0.000             235               0
  168        -850.556     706.263           0.000       0.000             168               0
  186          59.463     919.575           0.000       0.000             186               0
  246          54.165    -764.341           0.000       0.000             246               0
    9        -477.472     716.135           0.000       0.000               9               0
  179        -738.388      80.056           0.000       0.000             179               0
  145         582.008    -438.487           0.000       0.000             145               0
  149       -1065.248    -776.840           0.000       0.000             149               0
    9        -145.595    -342.023           0.000       0.000               9               0
    6        -454.736    -333.944           0.000       0.000               6               0
   15         302.207   -1841.502           0.000       0.000              15               0
  246         945.149     767.331           0.000       0.000             246               0
  155         -37.228    1634.307           0.000       0.000             155               0
  193       -2302.628    1124.297           0.000       0.000             193               0
   30        -531.759     -75.897           0.000       0.000              30               0
  142       -1078.524    -517.532           0.000       0.000             142               0
  223         437.286      -5.727           0.000       0.000             223               0
  233         465.385    -189.040           0.000       0.000             233               0
  199       -1026.878    -605.247           0.000       0.000             199               0
  253         118.160     769.771           0.000       0.000             253               0
  193        -608.034    2061.946           0.000       0.000             193               0
  124        -677.307    -859.781           0.000       0.000             124               0
  106         498.217     710.602           0.000       0.000             106               0
  193         387.928     704.650           0.000       0.000             193               0
  167        -847.128     879.762           0.000       0.000             167               0
  232         838.475   -1060.743           0.000       0.000             232               0
  139        1195.200    -475.531           0.000       0.000             139               0
  113        1192.555    -707.993           0.000       0.000             113               0
   78        -106.716     148.286           0.000       0.000              78               0
   19        -129.625    -441.325           0.000       0.000              19               0
  255       -1061.272    -331.461           0.000       0.000             255               0
   57        1391.453   -1201.021           0.000       0.000              57               0
  187        1545.399     789.121           0.000       0.000             187               0
  185         772.428    1031.546           0.000       0.000             185               0
   48         170.312    3048.182           0.000       0.000              48               0
  196         244.743   -2420.616           0.000       0.000             196               0
  108       -1666.530   -1768.243           0.000       0.000             108               0
  193         -13.391   -2930.286           0.000       0.000             193               0
   89         813.634       0.729           0.000       0.000              89               0
  117         818.093    -859.146           0.000       0.000             117               0
  200       -1141.183    2014.766           0.000       0.000             200               0
  105       -1251.027    -639.912           0.000       0.000             105               0
  108       -1280.379     100.163           0.000       0.000             108               0
  100          79.053    -950.501           0.000       0.000             100               0
   42        1251.244    -131.400           0.000       0.000              42               0
  139         837.716   -3320.604           0.000       0.000             139               0
  242       -2150.608   -1866.276           0.000       0.000             242               0
    9       -1064.719     197.662           0.000       0.000               9               0
  116       -1692.499   -1901.118           0.000       0.000             116               0
  186       -1374.098    1555.864           0.000       0.000             186               0
    7         533.862    -351.653           0.000       0.000               7               0
   54        -972.529     232.775           0.000       0.000              54               0
   54        -414.423     515.216           0.000       0.000              54               0
  113        -731.382    1115.323           0.000       0.000             113               0
  247       -2211.359    -601.202           0.000       0.000             247               0
  222         807.685    3472.783           0.000       0.000             222               0
   89       -1491.046    -553.321           0.000       0.000              89               0
  131        -674.929   -1553.838           0.000       0.000             131               0
   80         470.039    -634.218           0.000       0.000              80               0
  168         244.177    -128.854           0.000       0.000             168               0
  150        -761.348   -1077.905           0.000       0.000             150               0
   79         167.449    -966.134           0.000       0.000              79               0
  226        1120.562    -222.268           0.000       0.000             226               0
   81         926.454     810.711           0.000       0.000              81               0
    8        1977.681    2176.304           0.000       0.000               8               0
   19       -2371.125    -566.397           0.000       0.000              19               0
   22        -458.256    -919.231           0.000       0.000              22               0
  117       -1136.125    -525.315           0.000       0.000             117               0
  213        -530.707    1977.863           0.000       0.000             213               0
  112       -1209.196     381.620           0.000       0.000             112               0
  234       -2067.886     700.784           0.000       0.000             234               0
  157       -1195.417    1571.585           0.000       0.000             157               0
  217         858.400    1098.655           0.000       0.000             217               0
   87       -1231.413   -2334.451           0.000       0.000              87               0
    1          85.245    1184.345           0.000       0.000               1               0
    4        -843.025    -299.469           0.000       0.000               4               0
  227        -723.939   -1570.397           0.000       0.000             227               0
  244        1185.441   -2158.966           0.000       0.000             244               0
   14        -208.081     388.497           0.000       0.000              14               0
   88         692.118   -1396.059           0.000       0.000              88               0
  175        1643.235    2578.196           0.000       0.000             175               0
   21       -1185.761   -1342.891           0.000       0.000              21               0
  142         748.328   -1763.890           0.000       0.000             142               0
  229       -1798.652     793.815           0.000       0.000             229               0
  135         168.180    -189.016           0.000       0.000             135               0
  134        -389.752   -1023.717           0.000       0.000             134               0
  196        1094.355    1625.440           0.000       0.000             196               0
  225         842.951   -1172.720           0.000       0.000             225               0
    9        2708.926     225.938           0.000       0.000               9               0
   20        1118.315    2005.059           0.000       0.000              20               0
  138        -939.980     426.073           0.000       0.000             138               0
  159         206.496     413.811           0.000       0.000             159               0
   99       -1129.852    1068.780           0.000       0.000              99               0
  108         669.926    2593.175           0.000       0.000             108               0
  241        -759.291   -2084.317           0.000       0.000             241               0
  108         870.778    2321.304           0.000       0.000             108               0
  128         452.281    -115.116           0.000       0.000             128               0
    8        -765.780    -168.463           0.000       0.000               8               0
  225         -23.169     974.584           0.000       0.000             225               0
   85        -676.339     750.885           0.000       0.000              85               0
  120        1457.326    -190.380           0.000       0.000             120               0
  204        -979.406   -1016.085           0.000       0.000             204               0
  242         262.679    -229.730           0.000       0.000             242               0
   82       -1316.023     885.415           0.000       0.000              82               0
   36        2683.753    -537.263           0.000       0.000              36               0
  244        1231.905     -89.552           0.000       0.000             244               0
   86       -3188.807    2985.894           0.000       0.000              86               0
    7         927.816    -301.336           0.000       0.000               7               0
  232        1246.545    -940.885           0.000       0.000             232               0
  100       -1123.169    2312.444           0.000       0.000             100               0
   95       -1296.064    2789.316           0.000       0.000              95               0
  151        -622.429    1041.008           0.000       0.000             151               0
  122       -1855.259   -1396.564           0.000       0.000             122               0
  238        3023.310    -915.747           0.000       0.000             238               0
  125        -879.200    -699.936           0.000       0.000             125               0
    1        2221.150     418.439           0.000       0.000               1               0
  116        -546.782   -1932.454           0.000       0.000             116               0
   65        -928.168   -2252.317           0.000       0.000              65               0
  227         136.210     166.038           0.000       0.000             227               0
  125        1007.897    -390.680           0.000       0.000             125               0
   86        1546.577    -643.623           0.000       0.000              86               0
  109         560.985    -373.756           0.000       0.000             109               0
   29        -300.587   -2326.308           0.000       0.000              29               0
  186       -1266.965    1313.189           0.000       0.000             186               0
  218        -965.417   -1023.760           0.000       0.000             218               0
   15         611.031     400.568           0.000       0.000              15               0
   38         115.777    -748.309           0.000       0.000              38               0
   90         770.002   -1324.472           0.000       0.000              90               0
   23        -170.455    1967.167           0.000       0.000              23               0
    7        1460.925    1095.677           0.000       0.000               7               0
  175         429.522    2600.589           0.000       0.000             175               0
  143        -907.914    -161.325           0.000       0.000             143               0
  212        1669.343    1906.432           0.000       0.000             212               0
  161         469.936     768.836           0.000       0.000             161               0
  225         141.786     262.612           0.000       0.000             225               0
  248       -1041.237    -911.400           0.000       0.000             248               0
  150       -1216.458     876.202           0.000       0.000             150               0
   55        3543.092    1293.528           0.000       0.000              55               0
    0        2982.310    1318.003           0.000       0.000               0               0
  126        2108.145     774.370           0.000       0.000             126               0
  156        1495.538   -1275.036           0.000       0.000             156               0
   95         993.859    -124.803           0.000       0.000              95               0
   22        1384.422     -21.379           0.000       0.000              22               0
   22       -2033.743    1411.255           0.000       0.000              22               0
   78         221.515    1976.068           0.000       0.000              78               0
  148       -2641.464     439.971           0.000       0.000             148               0
   24       -1762.798     522.237           0.000       0.000              24               0
  194        2127.781     146.013           0.000       0.000             194               0
  214       -2270.469     687.872           0.000       0.000             214               0
  251         556.678   -3155.513           0.000       0.000             251               0
   64       -1395.199    -724.710           0.000       0.000              64               0
   44         -16.274    2552.742           0.000       0.000              44               0
  104         -19.176    -906.241           0.000       0.000             104               0
   93        1489.408     753.470           0.000       0.000              93               0
  230         255.701    -191.950           0.000       0.000             230               0
   66         197.806     174.058           0.000       0.000              66               0
  108         214.080    -986.814           0.000       0.000             108               0
   12       -1437.989    1172.725           0.000       0.000              12               0
  156         239.243    -782.710           0.000       0.000             156               0
  132        -504.219   -1043.100           0.000       0.000             132               0
   20        -383.585    1270.237           0.000       0.000              20               0
   75        1791.662   -1035.466           0.000       0.000              75               0
   19       -1257.430   -1424.903           0.000       0.000              19               0
  232         179.391    1012.415           0.000       0.000             232               0
  237         290.210    1863.702           0.000       0.000             237               0
  245        1940.034    -974.191           0.000       0.000             245               0
  224        -105.377   -1012.524           0.000       0.000             224               0
  131        -458.849     873.244           0.000       0.000             131               0
   45          34.447    -452.245           0.000       0.000              45               0
  225         441.618     -95.945           0.000       0.000             225               0
    2        2292.100    1331.052           0.000       0.000               2               0
  201         824.953     -59.548           0.000       0.000             201               0
   65        -826.986   -1432.534           0.000       0.000              65               0
   24         289.824    1383.510           0.000       0.000              24               0
  224        -494.732    1299.165           0.000       0.000             224               0
  143          51.789     847.389           0.000       0.000             143               0
