SINAL     NFT                         FFT                         NFT INVERSA     FFT INVERSA
-----     -----------------------     -----------------------     -----------     -----------
  215       62740.000       0.000           0.000       0.000             215               0
   39         558.157    1415.431           0.000       0.000              39               0
   21         603.389     229.561           0.000       0.000              21               0
   64          41.533   -2417.908           0.000       0.000              64               0
  133         801.122     565.206           0.000       0.000             133               0
   72        1287.306    2007.031           0.000       0.000              72               0
   45        1692.316      10.666           0.000       0.000              45               0
  238       -2788.019    -864.115           0.000       0.000             238               0
  225        -782.485    1506.559           0.000       0.000             225               0
  239       -3424.563     559.821           0.000       0.000             239               0
   58        -372.845   -1083.485           0.000       0.000              58               0
  120       -1085.809     156.169           0.000       0.000             120               0
   68        2265.660     736.361           0.000       0.000              68               0
   40         371.363    -439.091           0.000       0.000              40               0
  234         909.864    2167.888           0.000       0.000             234               0
   96        -890.937      86.070           0.000       0.000              96               0
  105        2668.358     705.379           0.000       0.000             105               0
   44       -1956.026    -583.717           0.000       0.000              44               0
    8        -483.821    -359.579           0.000       0.000               8               0
   48        -200.302     335.638           0.000       0.000              48               0
  172         -33.083    1820.623           0.000       0.000             172               0
  183        2634.687    -661.687           0.000       0.000             183               0
  150        1930.477   -2269.769           0.000       0.000             150               0
   90       -1279.243      27.797           0.000       0.000              90               0
  221       -1882.578   -1172.549           0.000       0.000             221               0
   54        -837.077    -790.272           0.000       0.000              54               0
  148        -780.157    -172.215           0.000       0.000             148               0
  196       -1163.643    -642.506           0.000       0.000             196               0
  212       -1063.402     579.517           0.000       0.000             212               0
  211          19.044    2453.892           0.000       0.000             211               0
  251       -3152.468    1193.614           0.000       0.000             251               0
  172         891.556    1744.646           0.000       0.000             172               0
  251        1109.542     178.127           0.000       0.000             251               0
   17       -1638.794    -982.287           0.000       0.000              17               0
  237         985.420     -86.586           0.000       0.000             237               0
  129        -349.192    2599.352           0.000       0.000             129               0
   89       -1083.663    1022.431           0.000       0.000              89               0
   27       -1087.409    -927.636           0.000       0.000              27               0
  111       -1178.132     601.548           0.000       0.000             111               0
   58         277.144   -1694.748           0.000       0.000              58               0
   11       -1261.479     171.891           0.000       0.000              11               0
  170         539.919    -713.427           0.000       0.000             170               0
  178       -1819.124    2192.755           0.000       0.000             178               0
   79        -786.755     352.781           0.000       0.000              79               0
  210       -1845.364    -435.373           0.000       0.000             210               0
  156         815.583     606.660           0.000       0.000             156               0
  175        1311.663   -1334.843           0.000       0.000             175               0
   60        1008.836     617.170           0.000       0.000              60               0
  201        2283.785   -1232.616           0.000       0.000             201               0
  184        -336.824     920.640           0.000       0.000             184               0
  109         612.715    1671.347           0.000       0.000             109               0
  117        2001.165     555.217           0.000       0.000             117               0
  112          66.152     497.829           0.000       0.000             112               0
    3        -542.461    1095.720           0.000       0.000               3               0
  208       -1083.303     829.196           0.000       0.000             208               0
   77       -1652.875      69.881           0.000       0.000              77               0
   58        1115.648    -262.042           0.000       0.000              58               0
  100       -1028.452    1113.938           0.000       0.000             100               0
   17        -671.250     665.457           0.000       0.000              17               0
   15         -20.175     566.999           0.000       0.000              15               0
   56       -1787.577   -1960.150           0.000       0.000              56               0
   13       -1464.639   -1938.920           0.000       0.000              13               0
  187        1721.886     741.156           0.000       0.000             187               0
   51         967.946    1544.414           0.000       0.000              51               0
   30         255.982   -1055.180           0.000       0.000              30               0
  169        -654.680     432.163           0.000       0.000             169               0
  180        1607.111    -624.939           0.000       0.000             180               0
  119         661.006    -608.556           0.000       0.000             119               0
  196        1745.849     505.571           0.000       0.000             196               0
   36         376.284     375.581           0.000       0.000              36               0
  178        -989.899     245.119           0.000       0.000             178               0
  207        3500.587     691.433           0.000       0.000             207               0
  206        -125.068    -982.058           0.000       0.000             206               0
  100        3440.347    -279.392           0.000       0.000             100               0
   30       -1356.555    -710.790           0.000       0.000              30               0
  160        1216.978   -1534.394           0.000       0.000             160               0
    1        1931.125    -844.031           0.000       0.000               1               0
  206        -693.490   -1911.562           0.000       0.000             206               0
  220        1555.866    -502.444           0.000       0.000             220               0
  202        1796.308    1656.369           0.000       0.000             202               0
  134        -979.147    -294.473           0.000       0.000             134               0
   74        -188.017    -389.054           0.000       0.000              74               0
   64       -1095.641    -340.385           0.000       0.000              64               0
  247          38.663     186.953           0.000       0.000             247               0
   77         -97.571    1955.100           0.000       0.000              77               0
   17         251.817     -66.164           0.000       0.000              17               0
   68         -45.173     285.367           0.000       0.000              68               0
  135       -1947.598   -1007.493           0.000       0.000             135               0
  117       -1757.228   -1703.961           0.000       0.000             117               0
   86         547.791    -476.021           0.000       0.000              86               0
  150        -139.645     952.669           0.000       0.000             150               0
  173         323.381     942.716           0.000       0.000             173               0
   99         -41.955    1730.858           0.000       0.000              99               0
   82         325.778     120.622           0.000       0.000              82               0
  225         606.521    -462.593           0.000       0.000             225               0
  129       -2336.531     173.226           0.000       0.000             129               0
  251         -58.877    -817.748           0.000       0.000             251               0
  149       -1383.261    1183.959           0.000       0.000             149               0
  249        1075.382     690.169           0.000       0.000             249               0
  191         648.023    -168.546           0.000       0.000             191               0
  186         300.281     497.119           0.000       0.000             186               0
  171          80.577    -839.717           0.000       0.000             171               0
  143          26.957    1061.635           0.000       0.000             143               0
  136        1695.588   -2066.091           0.000       0.000             136               0
   16        1784.334    1615.415           0.000       0.000              16               0
  174         780.983     947.050           0.000       0.000             174               0
   40       -1008.781     522.827           0.000       0.000              40               0
   18        1178.175    1054.691           0.000       0.000              18               0
  124        1672.614    -787.863           0.000       0.000             124               0
    5       -1701.288    -105.088           0.000       0.000               5               0
  220         757.043     675.631           0.000       0.000             220               0
    3         976.390    2051.575           0.000       0.000               3               0
   79         595.701    -411.419           0.000       0.000              79               0
   29        -182.273    1642.594           0.000       0.000              29               0
  250        -892.157    1683.860           0.000       0.000             250               0
  157        -665.795     855.708           0.000       0.000             157               0
   46         -58.902    -835.801           0.000       0.000              46               0
   63        1135.996    1535.918           0.000       0.000              63               0
   37         643.174    -128.735           0.000       0.000              37               0
  164       -2574.529    -657.414           0.000       0.000             164               0
  149        -939.902     517.513           0.000       0.000             149               0
  188        1295.967     938.939           0.000       0.000             188               0
   82        -121.866      70.323           0.000       0.000              82               0
  248       -1409.631    1337.872           0.000       0.000             248               0
   14        2774.223    -613.086           0.000       0.000              14               0
   51        -280.770    -406.249           0.000       0.000              51               0
  122        -488.813     592.515           0.000       0.000             122               0
   10       -1023.743   -2193.788           0.000       0.000              10               0
  201        -359.886    -170.006           0.000       0.000             201               0
  116        1181.151     807.008           0.000       0.000             116               0
  202        2020.370     623.993           0.000       0.000             202               0
  131        -309.484   -1560.709           0.000       0.000             131               0
   31         820.959    -518.450           0.000       0.000              31               0
   89         983.380     415.173           0.000       0.000              89               0
   11        1095.290     580.104           0.000       0.000              11               0
   48         801.384    1194.185           0.000       0.000              48               0
    7        -938.004    -947.803           0.000       0.000               7               0
   52        1839.659   -2041.885           0.000       0.000              52               0
   66        -266.451      -5.025           0.000       0.000              66               0
  131        -450.288    -896.681           0.000       0.000             131               0
   57         770.981     786.285           0.000       0.000              57               0
   31        -736.245    -516.593           0.000       0.000              31               0
  135         652.863    -761.994           0.000       0.000             135               0
  137        1881.978    -615.164           0.000       0.000             137               0
   60         561.848    1359.483           0.000       0.000              60               0
  129        -839.568    1399.990           0.000       0.000             129               0
   38        1208.074     792.013           0.000       0.000              38               0
  107        1142.902    -282.896           0.000       0.000             107               0
  192        1499.103    1671.530           0.000       0.000             192               0
   75        1590.134     828.799           0.000       0.000              75               0
   16       -1398.444   -1082.093           0.000       0.000              16               0
   86         771.618    -303.908           0.000       0.000              86               0
    7        1333.468   -2169.288           0.000       0.000               7               0
   98       -1064.372    -188.510           0.000       0.000              98               0
   79         213.778     365.978           0.000       0.000              79               0
   22       -1693.987   -1068.667           0.000       0.000              22               0
  149       -1673.985     792.296           0.000       0.000             149               0
  202         171.029   -1693.285           0.000       0.000             202               0
   33        1573.240     974.358           0.000       0.000              33               0
   94        -181.748   -1291.194           0.000       0.000              94               0
   62        2721.373     677.239           0.000       0.000              62               0
  235       -2046.231    1392.286           0.000       0.000             235               0
  226         211.540    -434.243           0.000       0.000             226               0
   94        -799.455     459.678           0.000       0.000              94               0
   68       -2023.811     269.931           0.000       0.000              68               0
  237        -362.004   -2582.066           0.000       0.000             237               0
  142        2297.925    2158.875           0.000       0.000             142               0
   76       -2914.511    -716.366           0.000       0.000              76               0
   34        -825.286   -1298.823           0.000       0.000              34               0
  209       -1482.938     883.988           0.000       0.000             209               0
  208        1982.317     209.311           0.000       0.000             208               0
   92        1402.217     187.236           0.000       0.000              92               0
  240        -257.019    2627.607           0.000       0.000             240               0
   87        -370.003   -2308.445           0.000       0.000              87               0
  229         176.635     -43.693           0.000       0.000             229               0
   45           0.112    -727.891           0.000       0.000              45               0
  217         424.051      33.808           0.000       0.000             217               0
   12        -393.974   -1234.562           0.000       0.000              12               0
  153        1498.353     628.389           0.000       0.000             153               0
  154          62.441      -4.015           0.000       0.000             154               0
   87        2777.058     849.141           0.000       0.000              87               0
  169        1445.421   -2820.266           0.000       0.000             169               0
  240        -890.352    2018.127           0.000       0.000             240               0
   95          46.894     440.660           0.000       0.000              95               0
   11         563.275     147.399           0.000       0.000              11               0
   64       -1060.519    2397.743           0.000       0.000              64               0
  118       -3001.019     888.951           0.000       0.000             118               0
  160         478.101   -1128.139           0.000       0.000             160               0
   10        -286.208    -996.027           0.000       0.000              10               0
  151        1191.748    1374.289           0.000       0.000             151               0
  255        -541.699   -1307.684           0.000       0.000             255               0
   72        2091.354    -467.620           0.000       0.000              72               0
  130        1424.094   -1642.945           0.000       0.000             130               0
  226       -1675.741    1284.297           0.000       0.000             226               0
  167        -794.183    -511.504           0.000       0.000             167               0
  199       -1222.592     194.896           0.000       0.000             199               0
  208         828.454    1999.771           0.000       0.000             208               0
   54        -146.649   -1186.297           0.000       0.000              54               0
   20       -1050.372    -127.934           0.000       0.000              20               0
  242         204.388   -1888.405           0.000       0.000             242               0
    7         412.277   -1120.577           0.000       0.000               7               0
  228        -224.498    -773.156           0.000       0.000             228               0
   78       -2784.318     444.764           0.000       0.000              78               0
  247       -1109.275    1940.006           0.000       0.000             247               0
   59        -980.586   -1572.034           0.000       0.000              59               0
   52         555.128      20.323           0.000       0.000              52               0
   37         373.338     -99.052           0.000       0.000              37               0
   21       -1152.335    1355.103           0.000       0.000              21               0
   64        -242.137     295.100           0.000       0.000              64               0
  190        1941.293     199.377           0.000       0.000             190               0
  175       -1507.877    -739.324           0.000       0.000             175               0
  152        2313.943    -701.380           0.000       0.000             152               0
  103        1872.522     219.648           0.000       0.000             103               0
  160         969.631     285.109           0.000       0.000             160               0
  248        -850.570     221.086           0.000       0.000             248               0
  114        1030.854   -1964.684           0.000       0.000             114               0
  224        1000.535     422.537           0.000       0.000             224               0
  110          51.801    -208.675           0.000       0.000             110               0
   19         855.312    2407.039           0.000       0.000              19               0
  234         933.291     358.629           0.000       0.000             234               0
    6        1271.839     429.341           0.000       0.000               6               0
   19        -191.869    -454.550           0.000       0.000              19               0
   51       -1724.929    1297.113           0.000       0.000              51               0
  137         135.742     191.276           0.000       0.000             137               0
  245        3583.739     805.137           0.000       0.000             245               0
  219         -65.950   -1877.437           0.000       0.000             219               0
   81        -395.963     336.575           0.000       0.000              81               0
  198        1575.483      54.016           0.000       0.000             198               0
   17        -393.476     562.217           0.000       0.000              17               0
  101         619.358   -1046.597           0.000       0.000             101               0
  184         213.707   -2993.179           0.000       0.000             184               0
   24        -237.944    1310.291           0.000       0.000              24               0
   73        1041.043    2880.561           0.000       0.000              73               0
    7         284.687    -568.843           0.000       0.000               7               0
   16        -905.214     125.117           0.000       0.000              16               0
  133         506.388   -1873.525           0.000       0.000             133               0
   59         150.817     700.845           0.000       0.000              59               0
   53        -384.048     100.006           0.000       0.000              53               0
  154        -531.432      35.417           0.000       0.000             154               0
  123        1914.965    -199.876           0.000       0.000             123               0
  244       -1304.601    -132.424           0.000       0.000             244               0
   73         550.118    -555.637           0.000       0.000              73               0
   20         119.791   -2550.316           0.000       0.000              20               0
   91        -397.798   -1649.342           0.000       0.000              91               0
  233        1185.502    1289.158           0.000       0.000             233               0
   12         288.750     152.302           0.000       0.000              12               0
  206        -263.129     125.718           0.000       0.000             206               0
  202        1057.621     125.983           0.000       0.000             202               0
  123         557.446   -1905.939           0.000       0.000             123               0
  226       -1813.835    2210.863           0.000       0.000             226               0
  181        -188.581     795.380           0.000       0.000             181               0
  130        -883.395     500.248           0.000       0.000             130               0
  246         570.968    1243.833           0.000       0.000             246               0
  233        -398.764    1703.748           0.000       0.000             233               0
   11        -127.457    1801.422           0.000       0.000              11               0
  236         917.135     628.140           0.000       0.000             236               0
  196        -108.000      -0.324           0.000       0.000             196               0
   92         917.288    -628.431           0.000       0.000              92               0
  178        -127.008   -1801.883           0.000       0.000             178               0
  213        -398.227   -1704.019           0.000       0.000             213               0
  194         571.287   -1243.603           0.000       0.000             194               0
  106        -883.332    -500.497           0.000       0.000             106               0
  238        -188.350    -795.446           0.000       0.000             238               0
   11       -1812.899   -2211.118           0.000       0.000              11               0
  114         557.180    1906.434           0.000       0.000             114               0
  254        1057.763    -125.661           0.000       0.000             254               0
  145        -263.041    -125.767           0.000       0.000             145               0
  173         288.954    -152.155           0.000       0.000             173               0
   52        1185.916   -1288.430           0.000       0.000              52               0
   43        -398.420    1649.634           0.000       0.000              43               0
   41         118.990    2550.290           0.000       0.000              41               0
   41         549.878     555.494           0.000       0.000              41               0
  117       -1304.512     131.747           0.000       0.000             117               0
   62        1914.974     200.317           0.000       0.000              62               0
  132        -531.558     -35.776           0.000       0.000             132               0
   95        -383.948    -100.280           0.000       0.000              95               0
   74         151.166    -700.749           0.000       0.000              74               0
   83         505.762    1873.602           0.000       0.000              83               0
   41        -905.082    -125.746           0.000       0.000              41               0
  198         284.746     568.510           0.000       0.000             198               0
   53        1042.084   -2880.383           0.000       0.000              53               0
  222        -237.475   -1309.879           0.000       0.000             222               0
   72         212.843    2993.473           0.000       0.000              72               0
   43         619.082    1046.456           0.000       0.000              43               0
  200        -393.124    -562.633           0.000       0.000             200               0
   83        1575.591     -53.618           0.000       0.000              83               0
   23        -395.829    -336.719           0.000       0.000              23               0
  140         -66.233    1877.183           0.000       0.000             140               0
  176        3583.980    -804.335           0.000       0.000             176               0
  202         135.317    -191.497           0.000       0.000             202               0
   98       -1724.585   -1297.804           0.000       0.000              98               0
  114        -191.731     454.408           0.000       0.000             114               0
   53        1272.182    -429.120           0.000       0.000              53               0
   80         933.424    -358.554           0.000       0.000              80               0
  126         856.040   -2406.700           0.000       0.000             126               0
  167          51.710     208.961           0.000       0.000             167               0
   79        1000.681    -421.949           0.000       0.000              79               0
   15        1030.016    1965.066           0.000       0.000              15               0
   85        -850.522    -221.575           0.000       0.000              85               0
  132         969.904    -284.848           0.000       0.000             132               0
   59        1872.568    -218.976           0.000       0.000              59               0
  127        2313.235     702.166           0.000       0.000             127               0
  173       -1508.473     738.639           0.000       0.000             173               0
  176        1941.098    -198.968           0.000       0.000             176               0
  189        -242.559    -295.386           0.000       0.000             189               0
   49       -1152.133   -1355.497           0.000       0.000              49               0
   15         373.157      99.308           0.000       0.000              15               0
    8         554.752     -20.030           0.000       0.000               8               0
  133        -981.542    1571.537           0.000       0.000             133               0
   57       -1108.946   -1940.509           0.000       0.000              57               0
  206       -2784.118    -445.417           0.000       0.000             206               0
  187        -224.434     773.339           0.000       0.000             187               0
   23         412.027    1120.827           0.000       0.000              23               0
   22         203.688    1888.299           0.000       0.000              22               0
  230       -1050.409     127.285           0.000       0.000             230               0
  224        -146.896    1185.827           0.000       0.000             224               0
  106         829.061   -1999.780           0.000       0.000             106               0
  254       -1222.625    -195.248           0.000       0.000             254               0
  108        -794.254     511.158           0.000       0.000             108               0
   27       -1674.896   -1284.780           0.000       0.000              27               0
  200        1424.031    1643.518           0.000       0.000             200               0
  206        2091.180     468.178           0.000       0.000             206               0
  142        -542.237    1307.180           0.000       0.000             142               0
  253        1192.119   -1374.109           0.000       0.000             253               0
   31        -286.747     995.859           0.000       0.000              31               0
   13         477.401    1127.867           0.000       0.000              13               0
  165       -3000.801    -890.502           0.000       0.000             165               0
  110       -1059.286   -2398.237           0.000       0.000             110               0
   29         563.681    -147.135           0.000       0.000              29               0
  250          47.240    -440.696           0.000       0.000             250               0
  242        -889.263   -2018.124           0.000       0.000             242               0
   88        1444.986    2820.878           0.000       0.000              88               0
  121        2777.375    -848.417           0.000       0.000             121               0
  160          62.303       4.016           0.000       0.000             160               0
    8        1498.410    -627.787           0.000       0.000               8               0
   55        -394.576    1234.475           0.000       0.000              55               0
  210         423.980     -33.740           0.000       0.000             210               0
   23          -0.230     727.814           0.000       0.000              23               0
   63         176.530      43.680           0.000       0.000              63               0
   87        -370.812    2307.899           0.000       0.000              87               0
   80        -256.003   -2628.077           0.000       0.000              80               0
   14        1402.348    -186.733           0.000       0.000              14               0
   18        1981.970    -208.687           0.000       0.000              18               0
  104       -1483.124    -884.366           0.000       0.000             104               0
   37        -825.953    1298.617           0.000       0.000              37               0
  249       -2914.518     715.116           0.000       0.000             249               0
   72        2298.842   -2158.051           0.000       0.000              72               0
  143        -363.165    2581.980           0.000       0.000             143               0
  248       -2023.735    -270.943           0.000       0.000             248               0
  181        -799.017    -460.094           0.000       0.000             181               0
  171         211.576     434.113           0.000       0.000             171               0
  192       -2045.316   -1393.096           0.000       0.000             192               0
  132        2721.966    -676.144           0.000       0.000             132               0
   57        -182.138    1291.164           0.000       0.000              57               0
  190        1573.531    -973.802           0.000       0.000             190               0
  163         170.145    1693.323           0.000       0.000             163               0
   71       -1673.866    -792.950           0.000       0.000              71               0
   99       -1694.077    1068.056           0.000       0.000              99               0
   18         214.237    -365.997           0.000       0.000              18               0
  100       -1064.022     188.254           0.000       0.000             100               0
   93        1333.148    2169.598           0.000       0.000              93               0
    5         771.609     303.802           0.000       0.000               5               0
  188       -1398.471    1081.154           0.000       0.000             188               0
  215        1590.891    -828.805           0.000       0.000             215               0
  165        1499.843   -1671.228           0.000       0.000             165               0
  196        1142.842     283.147           0.000       0.000             196               0
   15        1208.211    -791.855           0.000       0.000              15               0
  119        -839.098   -1400.343           0.000       0.000             119               0
  220         562.551   -1359.067           0.000       0.000             220               0
   78        1881.792     616.063           0.000       0.000              78               0
  207         652.377     762.257           0.000       0.000             207               0
   45        -736.476     516.232           0.000       0.000              45               0
   92         771.257    -786.018           0.000       0.000              92               0
  225        -450.587     896.596           0.000       0.000             225               0
  150        -266.221       4.986           0.000       0.000             150               0
  130        1839.024    2042.395           0.000       0.000             130               0
  219        -938.296     947.005           0.000       0.000             219               0
  223         802.013   -1194.291           0.000       0.000             223               0
   17        1095.574    -579.838           0.000       0.000              17               0
  211         983.493    -414.817           0.000       0.000             211               0
  148         820.670     518.777           0.000       0.000             148               0
  189        -309.972    1560.366           0.000       0.000             189               0
  147        2020.559    -623.666           0.000       0.000             147               0
   25        1181.043    -806.682           0.000       0.000              25               0
  247        -360.341     169.983           0.000       0.000             247               0
   82       -1024.630    2193.219           0.000       0.000              82               0
  188        -488.556    -593.065           0.000       0.000             188               0
   62        -280.675     405.902           0.000       0.000              62               0
  181        2773.881     613.570           0.000       0.000             181               0
  206       -1409.485   -1338.710           0.000       0.000             206               0
  162        -121.800     -70.598           0.000       0.000             162               0
   19        1296.088    -938.715           0.000       0.000              19               0
  211        -940.081    -517.884           0.000       0.000             211               0
   95       -2574.604     656.393           0.000       0.000              95               0
  235         643.514     128.567           0.000       0.000             235               0
  121        1136.549   -1535.755           0.000       0.000             121               0
   36         -59.308     835.548           0.000       0.000              36               0
  250        -665.540    -856.372           0.000       0.000             250               0
  241        -891.430   -1684.416           0.000       0.000             241               0
    0        -181.415   -1642.625           0.000       0.000              -0               0
   72         595.840     411.550           0.000       0.000              72               0
  192         977.193   -2051.307           0.000       0.000             192               0
   46         757.175    -675.172           0.000       0.000              46               0
  165       -1701.143     104.667           0.000       0.000             165               0
  161        1672.660     788.312           0.000       0.000             161               0
  196        1178.452   -1054.466           0.000       0.000             196               0
   39       -1008.538    -523.214           0.000       0.000              39               0
  125         781.605    -946.798           0.000       0.000             125               0
  164        1784.979   -1614.512           0.000       0.000             164               0
   57        1694.679    2066.791           0.000       0.000              57               0
   80          27.036   -1061.687           0.000       0.000              80               0
   57          80.165     839.733           0.000       0.000              57               0
  247         300.365    -497.124           0.000       0.000             247               0
  228         647.840     168.664           0.000       0.000             228               0
   82        1075.248    -689.928           0.000       0.000              82               0
  238       -1383.179   -1184.306           0.000       0.000             238               0
   54         -59.341     817.830           0.000       0.000              54               0
   14       -2336.410    -174.050           0.000       0.000              14               0
   45         606.623     462.693           0.000       0.000              45               0
  235         325.849    -120.772           0.000       0.000             235               0
  221         -41.375   -1730.969           0.000       0.000             221               0
  208         323.659    -942.448           0.000       0.000             208               0
  255        -139.399    -952.388           0.000       0.000             255               0
  177         547.408     476.602           0.000       0.000             177               0
   47       -1757.992    1703.494           0.000       0.000              47               0
  234       -1947.699    1006.635           0.000       0.000             234               0
   43         -44.698    -285.614           0.000       0.000              43               0
   83         252.020      66.014           0.000       0.000              83               0
  228         -96.762   -1955.152           0.000       0.000             228               0
   28          38.829    -186.691           0.000       0.000              28               0
   84       -1095.546     340.178           0.000       0.000              84               0
   45        -187.801     389.040           0.000       0.000              45               0
  220        -978.698     294.070           0.000       0.000             220               0
  130        1797.394   -1655.603           0.000       0.000             130               0
  211        1555.827     503.404           0.000       0.000             211               0
  126        -693.881    1911.510           0.000       0.000             126               0
   71        1931.144     844.660           0.000       0.000              71               0
  251        1216.438    1534.673           0.000       0.000             251               0
  251       -1356.482     710.065           0.000       0.000             251               0
  235        3440.504     280.313           0.000       0.000             235               0
   53        -125.342     981.685           0.000       0.000              53               0
   75        3500.673    -690.594           0.000       0.000              75               0
   37        -990.108    -245.627           0.000       0.000              37               0
   44         376.519    -375.583           0.000       0.000              44               0
   47        1745.992    -504.987           0.000       0.000              47               0
  119         660.647     608.777           0.000       0.000             119               0
   27        1606.601     625.298           0.000       0.000              27               0
  102        -654.822    -432.525           0.000       0.000             102               0
  134         255.568    1055.019           0.000       0.000             134               0
   72         968.337   -1544.292           0.000       0.000              72               0
   82        1721.640    -740.361           0.000       0.000              82               0
  100       -1465.842    1938.536           0.000       0.000             100               0
   24       -1788.336    1959.128           0.000       0.000              24               0
   81         -19.975    -567.559           0.000       0.000              81               0
   21        -671.085    -666.043           0.000       0.000              21               0
   71       -1027.954   -1114.446           0.000       0.000              71               0
   59        1115.532     262.282           0.000       0.000              59               0
   64       -1652.940     -70.727           0.000       0.000              64               0
  155       -1082.789    -829.843           0.000       0.000             155               0
   32        -541.712   -1096.042           0.000       0.000              32               0
   92          66.797    -497.887           0.000       0.000              92               0
  239        2001.601    -554.687           0.000       0.000             239               0
   77         613.255   -1671.130           0.000       0.000              77               0
   57        -336.330    -920.457           0.000       0.000              57               0
  114        2283.476    1233.511           0.000       0.000             114               0
   33        1008.854    -616.804           0.000       0.000              33               0
  183        1310.900    1335.221           0.000       0.000             183               0
  185         815.208    -606.560           0.000       0.000             185               0
   28       -1845.947     434.604           0.000       0.000              28               0
  178        -786.809    -353.327           0.000       0.000             178               0
  165       -1818.345   -2193.317           0.000       0.000             165               0
   82         539.731     713.806           0.000       0.000              82               0
  254       -1261.426    -172.224           0.000       0.000             254               0
  202         276.577    1694.722           0.000       0.000             202               0
  126       -1177.988    -602.192           0.000       0.000             126               0
   46       -1087.610     926.964           0.000       0.000              46               0
   66       -1083.066   -1023.241           0.000       0.000              66               0
  153        -347.972   -2599.479           0.000       0.000             153               0
  148         985.503      87.155           0.000       0.000             148               0
  200       -1638.954     981.654           0.000       0.000             200               0
  226        1109.836    -178.105           0.000       0.000             226               0
  230         891.892   -1744.566           0.000       0.000             230               0
   44       -3152.078   -1194.709           0.000       0.000              44               0
  251          20.155   -2453.643           0.000       0.000             251               0
   56       -1063.041    -579.351           0.000       0.000              56               0
   66       -1163.562     642.499           0.000       0.000              66               0
   66        -779.855     172.223           0.000       0.000              66               0
  115        -836.989     790.223           0.000       0.000             115               0
  131       -1882.412    1171.965           0.000       0.000             131               0
  222       -1278.262     -28.156           0.000       0.000             222               0
  147        1930.630    2270.310           0.000       0.000             147               0
  224        2634.769     662.065           0.000       0.000             224               0
  205         -32.407   -1820.901           0.000       0.000             205               0
  225        -199.977    -335.650           0.000       0.000             225               0
   25        -483.657     359.412           0.000       0.000              25               0
   63       -1955.513     582.866           0.000       0.000              63               0
    3        2669.201    -704.705           0.000       0.000               3               0
  208        -890.515     -86.585           0.000       0.000             208               0
  249         911.152   -2167.578           0.000       0.000             249               0
   31         371.736     439.354           0.000       0.000              31               0
  131        2266.133    -735.554           0.000       0.000             131               0
  159       -1085.663    -156.371           0.000       0.000             159               0
  113        -372.966    1083.318           0.000       0.000             113               0
  130       -3423.730    -561.167           0.000       0.000             130               0
  105        -780.909   -1506.726           0.000       0.000             105               0
  240       -2786.795     863.295           0.000       0.000             240               0
  177        1694.096     -10.264           0.000       0.000             177               0
  172        1289.522   -2006.527           0.000       0.000             172               0
  138         803.004    -564.476           0.000       0.000             138               0
   70          42.991    2418.047           0.000       0.000              70               0
  116         606.871    -229.599           0.000       0.000             116               0
  109         565.289   -1415.186           0.000       0.000             109               0
