SINAL     NFT                         FFT                         NFT INVERSA     FFT INVERSA
-----     -----------------------     -----------------------     -----------     -----------
  240       68272.000       0.000           0.000       0.000             240               0
  236        -418.780   -1556.903           0.000       0.000             236               0
   88        -425.859    -700.843           0.000       0.000              88               0
  252         504.972     531.551           0.000       0.000             252               0
  164         262.005     714.221           0.000       0.000             164               0
  166        1899.484   -1316.367           0.000       0.000             166               0
  110        -499.563   -2004.840           0.000       0.000             110               0
  161        -201.565     117.095           0.000       0.000             161               0
  100        -161.995     562.789           0.000       0.000             100               0
   56         133.584    3372.743           0.000       0.000              56               0
  162       -1777.353     310.814           0.000       0.000             162               0
    9       -2324.090    1938.210           0.000       0.000               9               0
  105        -119.284    1356.850           0.000       0.000             105               0
  250        -597.068     832.214           0.000       0.000             250               0
   33        2945.611    -968.064           0.000       0.000              33               0
   14        -465.255   -1033.660           0.000       0.000              14               0
  222       -2005.030   -1519.710           0.000       0.000             222               0
  192        1545.788    -563.082           0.000       0.000             192               0
   45         127.175   -2615.607           0.000       0.000              45               0
  160        -356.897     -94.552           0.000       0.000             160               0
  186        -799.072    1340.186           0.000       0.000             186               0
   16        1436.132   -1666.396           0.000       0.000              16               0
  161          -1.183    -921.452           0.000       0.000             161               0
  131        1548.766    -478.285           0.000       0.000             131               0
  103        -600.618     540.592           0.000       0.000             103               0
  129        -145.768   -2154.440           0.000       0.000             129               0
  121         -71.523    -684.072           0.000       0.000             121               0
  207         -78.955   -2914.371           0.000       0.000             207               0
  242         731.145     587.770           0.000       0.000             242               0
   17         306.446   -1862.181           0.000       0.000              17               0
  252        1965.459    1661.913           0.000       0.000             252               0
  226        1866.885     369.435           0.000       0.000             226               0
  253       -1609.518     539.333           0.000       0.000             253               0
   85         511.640     230.717           0.000       0.000              85               0
  222         715.976   -1092.297           0.000       0.000             222               0
  162        1296.408    -723.285           0.000       0.000             162               0
  251        1114.694    -567.227           0.000       0.000             251               0
   77         530.793   -2210.144           0.000       0.000              77               0
   67         924.166   -2127.844           0.000       0.000              67               0
   96        -431.529   -1114.537           0.000       0.000              96               0
  133        -141.078    1087.915           0.000       0.000             133               0
  229        -949.316     -55.230           0.000       0.000             229               0
  105        1194.953   -1618.814           0.000       0.000             105               0
  239        -904.827    1881.640           0.000       0.000             239               0
  224        -493.549     763.156           0.000       0.000             224               0
  139         468.698    -119.315           0.000       0.000             139               0
  253         670.764    2386.678           0.000       0.000             253               0
  191         147.122   -1357.594           0.000       0.000             191               0
   76         489.230   -2857.829           0.000       0.000              76               0
   43         133.782   -1268.126           0.000       0.000              43               0
   95        -119.768     872.797           0.000       0.000              95               0
    6       -1565.831     900.204           0.000       0.000               6               0
   60        -272.571    -823.950           0.000       0.000              60               0
    1        -729.872   -1425.275           0.000       0.000               1               0
  138        -392.733    1762.733           0.000       0.000             138               0
  163         514.492    1177.528           0.000       0.000             163               0
  130        1337.177   -1876.305           0.000       0.000             130               0
    3        -682.144   -2452.192           0.000       0.000               3               0
  114        -467.790     972.870           0.000       0.000             114               0
  116        1781.861   -1435.098           0.000       0.000             116               0
   20         153.914     563.756           0.000       0.000              20               0
  111         -72.959    -455.492           0.000       0.000             111               0
   87         624.307    1087.273           0.000       0.000              87               0
   18         457.331   -1645.097           0.000       0.000              18               0
  196        -634.088    -785.561           0.000       0.000             196               0
   53          47.786    -318.764           0.000       0.000              53               0
  180        -457.200   -1433.280           0.000       0.000             180               0
  192        3068.643     893.587           0.000       0.000             192               0
  130         212.693     852.395           0.000       0.000             130               0
  247         354.586    1021.455           0.000       0.000             247               0
   32        -390.172     116.869           0.000       0.000              32               0
    8       -1121.069   -1100.228           0.000       0.000               8               0
  221        -263.747    1611.566           0.000       0.000             221               0
  138       -1304.177   -1061.562           0.000       0.000             138               0
  247         738.238    -496.470           0.000       0.000             247               0
  189        2619.353     272.145           0.000       0.000             189               0
   21         633.797    -409.981           0.000       0.000              21               0
  245         469.302     -55.229           0.000       0.000             245               0
  124         963.573     798.289           0.000       0.000             124               0
   97        -951.244    -594.565           0.000       0.000              97               0
   33        1702.361    1441.686           0.000       0.000              33               0
  220        -831.694    -583.494           0.000       0.000             220               0
  104         686.969    1905.397           0.000       0.000             104               0
   93        -823.297    2438.851           0.000       0.000              93               0
  221        1153.371    -805.155           0.000       0.000             221               0
  242       -1190.822    1566.238           0.000       0.000             242               0
    1         247.145    -791.356           0.000       0.000               1               0
   96       -1568.922    -459.065           0.000       0.000              96               0
  245         -41.666   -1055.567           0.000       0.000             245               0
  115        -465.831   -1709.207           0.000       0.000             115               0
  213         559.208     644.099           0.000       0.000             213               0
   10        1762.985      15.764           0.000       0.000              10               0
  227       -1087.510    -723.221           0.000       0.000             227               0
   44        1146.439    -666.023           0.000       0.000              44               0
   28       -1593.743   -1747.348           0.000       0.000              28               0
  168         761.112     833.470           0.000       0.000             168               0
   97        1485.887    -675.854           0.000       0.000              97               0
  209        1288.376    1494.088           0.000       0.000             209               0
  104        -569.401     891.244           0.000       0.000             104               0
  228        1239.280    -718.939           0.000       0.000             228               0
  201         220.463     685.701           0.000       0.000             201               0
  137        -383.495    -252.577           0.000       0.000             137               0
  237         103.826     185.729           0.000       0.000             237               0
  167       -1296.297    1202.511           0.000       0.000             167               0
   20        -200.152    -856.247           0.000       0.000              20               0
  228         769.995   -1214.457           0.000       0.000             228               0
  101       -1513.756     201.948           0.000       0.000             101               0
   41       -2177.378    -310.264           0.000       0.000              41               0
  217         553.187    -843.995           0.000       0.000             217               0
  226        1275.413    1800.709           0.000       0.000             226               0
  139       -2992.291    1737.291           0.000       0.000             139               0
  250        1750.796    2256.942           0.000       0.000             250               0
  190        -874.104    -988.048           0.000       0.000             190               0
  243        2324.736    -482.901           0.000       0.000             243               0
   88       -1201.277     980.528           0.000       0.000              88               0
  156         982.222    -440.213           0.000       0.000             156               0
  230        -182.104   -1576.991           0.000       0.000             230               0
   89         753.091    1662.183           0.000       0.000              89               0
  252       -1735.334   -1537.700           0.000       0.000             252               0
  220        1776.818     419.308           0.000       0.000             220               0
  204        -986.346    -276.050           0.000       0.000             204               0
  209         200.664   -2115.631           0.000       0.000             209               0
  230        2236.495   -1284.188           0.000       0.000             230               0
  176        1230.858     630.084           0.000       0.000             176               0
  254       -1427.377      68.556           0.000       0.000             254               0
    3         559.945    1518.941           0.000       0.000               3               0
   88        -712.716     625.108           0.000       0.000              88               0
   96         330.054    -974.872           0.000       0.000              96               0
  213        2061.974     526.134           0.000       0.000             213               0
  193         615.085    -847.743           0.000       0.000             193               0
   68         285.864     219.535           0.000       0.000              68               0
  158         514.319    -315.950           0.000       0.000             158               0
   75        1769.370    1111.281           0.000       0.000              75               0
   49        1295.768   -1216.434           0.000       0.000              49               0
   70         757.468   -3541.877           0.000       0.000              70               0
   95         888.170    -870.498           0.000       0.000              95               0
   22         188.548    1707.679           0.000       0.000              22               0
  171       -2021.161     561.522           0.000       0.000             171               0
  137       -1194.576     207.156           0.000       0.000             137               0
  239        -495.771    -414.972           0.000       0.000             239               0
  141         671.937     128.490           0.000       0.000             141               0
   20         936.942     211.908           0.000       0.000              20               0
  234       -1483.566   -1216.677           0.000       0.000             234               0
   76        -782.787     497.355           0.000       0.000              76               0
    7         297.711    3769.069           0.000       0.000               7               0
   66          49.549   -1157.030           0.000       0.000              66               0
  232       -1101.915     933.107           0.000       0.000             232               0
  238         314.256     209.025           0.000       0.000             238               0
  155        -121.705    -133.210           0.000       0.000             155               0
  228       -1183.705    2232.245           0.000       0.000             228               0
  202         412.623    1674.515           0.000       0.000             202               0
  104        2522.962    1123.554           0.000       0.000             104               0
  182        -817.784   -2010.910           0.000       0.000             182               0
  176        -366.388   -1282.395           0.000       0.000             176               0
   25        1561.633     947.579           0.000       0.000              25               0
  180         259.113    -274.806           0.000       0.000             180               0
  180        1649.685     863.268           0.000       0.000             180               0
  114        -332.299    -948.208           0.000       0.000             114               0
   20        1195.980   -1802.312           0.000       0.000              20               0
  137        1694.485    -404.389           0.000       0.000             137               0
   52         503.855      75.311           0.000       0.000              52               0
   89         655.120    -198.168           0.000       0.000              89               0
   40         358.219   -1090.494           0.000       0.000              40               0
  127         251.462    1631.209           0.000       0.000             127               0
  139         838.256     929.932           0.000       0.000             139               0
  110        1063.822    -758.838           0.000       0.000             110               0
  223        -202.335   -1797.477           0.000       0.000             223               0
  161       -1568.682   -1452.480           0.000       0.000             161               0
   26        -159.070   -1289.194           0.000       0.000              26               0
  104         451.658   -1553.067           0.000       0.000             104               0
  145         110.590    -346.177           0.000       0.000             145               0
  167       -1449.955    -926.841           0.000       0.000             167               0
  124        -544.623   -2618.013           0.000       0.000             124               0
  124       -1180.898    -385.442           0.000       0.000             124               0
  243        -779.710    -286.383           0.000       0.000             243               0
  132         976.086     487.820           0.000       0.000             132               0
  191        -200.859     396.302           0.000       0.000             191               0
  219         695.606   -1373.971           0.000       0.000             219               0
  114        1053.173    -536.968           0.000       0.000             114               0
   90        1496.407     513.274           0.000       0.000              90               0
  192        -882.104    1605.994           0.000       0.000             192               0
   60        -114.917     933.142           0.000       0.000              60               0
  195       -2260.783    1042.155           0.000       0.000             195               0
  118        1020.631    1368.129           0.000       0.000             118               0
  237         -56.634     797.827           0.000       0.000             237               0
  221        1606.715    1259.958           0.000       0.000             221               0
   43         844.966   -1385.675           0.000       0.000              43               0
  162         136.368    -191.447           0.000       0.000             162               0
   79          25.676     677.948           0.000       0.000              79               0
   63       -2050.985   -2197.447           0.000       0.000              63               0
   44        1947.170     869.651           0.000       0.000              44               0
  131         292.607     339.819           0.000       0.000             131               0
  153        -851.628   -2427.614           0.000       0.000             153               0
   84         916.484    2384.915           0.000       0.000              84               0
    3         315.510    1216.209           0.000       0.000               3               0
   36       -1859.378   -1326.150           0.000       0.000              36               0
  195       -1896.474   -4588.346           0.000       0.000             195               0
  226        1240.994    2250.927           0.000       0.000             226               0
  198          76.701    3382.090           0.000       0.000             198               0
  221         983.412    2148.977           0.000       0.000             221               0
   75         412.335    -860.157           0.000       0.000              75               0
   87         274.703   -2244.314           0.000       0.000              87               0
  133       -1128.124    -272.481           0.000       0.000             133               0
  199        1325.999   -1041.816           0.000       0.000             199               0
  212       -2156.751     659.642           0.000       0.000             212               0
  121        1042.071     537.869           0.000       0.000             121               0
   75         681.332    -304.007           0.000       0.000              75               0
  147       -1315.229    -415.230           0.000       0.000             147               0
   85        1328.368   -2577.077           0.000       0.000              85               0
  190         584.429    1247.874           0.000       0.000             190               0
  238       -1269.177   -2581.985           0.000       0.000             238               0
   21        2498.647   -1428.424           0.000       0.000              21               0
  251         851.091     204.105           0.000       0.000             251               0
  178         443.331    -837.674           0.000       0.000             178               0
  140         235.319     739.512           0.000       0.000             140               0
  232        -887.466     518.340           0.000       0.000             232               0
  143         123.887    -112.155           0.000       0.000             143               0
  183        -640.338   -2049.626           0.000       0.000             183               0
  139        -944.782   -1265.260           0.000       0.000             139               0
  222        -380.080      44.017           0.000       0.000             222               0
  247        -545.744    -182.326           0.000       0.000             247               0
  183         534.899      75.094           0.000       0.000             183               0
   98        2079.290    1022.890           0.000       0.000              98               0
  144        -392.704     131.076           0.000       0.000             144               0
   11        -776.577    1114.437           0.000       0.000              11               0
  102       -1382.507    -847.887           0.000       0.000             102               0
  180          10.983     301.775           0.000       0.000             180               0
  207         521.219    -380.783           0.000       0.000             207               0
   72        1176.308   -3260.655           0.000       0.000              72               0
  123        -496.429    -274.499           0.000       0.000             123               0
  173       -1074.985    -250.325           0.000       0.000             173               0
  147        -395.358    1128.206           0.000       0.000             147               0
  210       -1286.170     561.480           0.000       0.000             210               0
   50       -1497.420    -310.212           0.000       0.000              50               0
   91         628.974     633.927           0.000       0.000              91               0
  167        -559.499     315.736           0.000       0.000             167               0
  171       -1983.900    -745.123           0.000       0.000             171               0
  167       -1909.432   -1180.682           0.000       0.000             167               0
   58         803.670     284.683           0.000       0.000              58               0
    0        2537.799   -1014.927           0.000       0.000              -0               0
  101        -537.225   -2172.985           0.000       0.000             101               0
   40         751.977   -1192.612           0.000       0.000              40               0
   22       -1067.578   -1958.365           0.000       0.000              22               0
   97        1224.610   -1266.759           0.000       0.000              97               0
  218        1657.613     118.789           0.000       0.000             218               0
  162        1541.937     650.842           0.000       0.000             162               0
   73       -1701.591    1124.376           0.000       0.000              73               0
  105        -392.621     418.468           0.000       0.000             105               0
   90       -1442.701    -730.090           0.000       0.000              90               0
  213        -300.376   -2138.527           0.000       0.000             213               0
   72        -287.165     615.296           0.000       0.000              72               0
   81         261.392    -348.517           0.000       0.000              81               0
  140          85.626    2090.897           0.000       0.000             140               0
  171        -927.494    -734.450           0.000       0.000             171               0
  226        2058.373    -136.723           0.000       0.000             226               0
  152        1249.565     307.550           0.000       0.000             152               0
   17        1048.000       0.187           0.000       0.000              17               0
  151        1249.608    -307.055           0.000       0.000             151               0
  103        2057.953     137.522           0.000       0.000             103               0
   90        -928.131     734.046           0.000       0.000              90               0
   18          86.174   -2090.783           0.000       0.000              18               0
   21         261.063     348.925           0.000       0.000              21               0
  238        -287.190    -615.018           0.000       0.000             238               0
  229        -301.315    2138.656           0.000       0.000             229               0
   72       -1443.009     729.457           0.000       0.000              72               0
   73        -392.404    -418.734           0.000       0.000              73               0
  140       -1700.873   -1124.851           0.000       0.000             140               0
  244        1542.573    -649.988           0.000       0.000             244               0
  241        1657.674    -117.738           0.000       0.000             241               0
  198        1223.901    1267.645           0.000       0.000             198               0
  245       -1068.397    1958.231           0.000       0.000             245               0
   87         751.546    1192.946           0.000       0.000              87               0
  239        -537.912    2172.711           0.000       0.000             239               0
   11        2537.312    1015.457           0.000       0.000              11               0
  184         803.100    -284.581           0.000       0.000             184               0
  201       -1910.363    1179.927           0.000       0.000             201               0
  174       -1984.223     744.149           0.000       0.000             174               0
    2        -559.268    -316.221           0.000       0.000               2               0
   51         629.076    -633.827           0.000       0.000              51               0
    8       -1497.691     309.622           0.000       0.000               8               0
  215       -1285.886    -562.024           0.000       0.000             215               0
  124        -394.843   -1128.204           0.000       0.000             124               0
   90       -1074.877     250.249           0.000       0.000              90               0
   99        -496.157     274.678           0.000       0.000              99               0
   40        1175.439    3261.029           0.000       0.000              40               0
   60         521.045     380.550           0.000       0.000              60               0
  251          10.934    -301.985           0.000       0.000             251               0
   57       -1382.795     847.170           0.000       0.000              57               0
  211        -775.955   -1114.918           0.000       0.000             211               0
   99        -392.247    -131.277           0.000       0.000              99               0
  148        2079.811   -1022.157           0.000       0.000             148               0
  230         534.732     -74.737           0.000       0.000             230               0
  120        -545.946     182.297           0.000       0.000             120               0
  130        -380.114     -43.919           0.000       0.000             130               0
  203        -945.153    1265.153           0.000       0.000             203               0
  192        -640.818    2049.269           0.000       0.000             192               0
  204         124.027     111.869           0.000       0.000             204               0
   87        -887.047    -518.796           0.000       0.000              87               0
  180         235.924    -739.334           0.000       0.000             180               0
  189         443.364     837.952           0.000       0.000             189               0
   30         851.446    -203.663           0.000       0.000              30               0
  169        2498.064    1429.466           0.000       0.000             169               0
   20       -1270.182    2581.326           0.000       0.000              20               0
   14         584.980   -1247.828           0.000       0.000              14               0
  181        1327.363    2577.421           0.000       0.000             181               0
  204       -1315.437     414.376           0.000       0.000             204               0
  216         681.340     303.866           0.000       0.000             216               0
   99        1042.043    -537.795           0.000       0.000              99               0
  206       -2156.530    -660.385           0.000       0.000             206               0
   11        1325.758    1042.240           0.000       0.000              11               0
  108       -1128.188     272.021           0.000       0.000             108               0
  165         274.155    2244.090           0.000       0.000             165               0
  136         412.181     859.514           0.000       0.000             136               0
  198         984.122   -2149.333           0.000       0.000             198               0
    9          77.754   -3382.099           0.000       0.000               9               0
  176        1241.461   -2249.765           0.000       0.000             176               0
    3       -1898.285    4588.057           0.000       0.000               3               0
    4       -1859.587    1324.976           0.000       0.000               4               0
  234         316.288   -1216.577           0.000       0.000             234               0
  215         917.377   -2384.458           0.000       0.000             215               0
  103        -852.338    2427.434           0.000       0.000             103               0
  126         292.994    -339.980           0.000       0.000             126               0
  189        1947.360    -868.935           0.000       0.000             189               0
  224       -2051.786    2196.655           0.000       0.000             224               0
    0          26.192    -678.237           0.000       0.000              -0               0
  137         136.572     191.386           0.000       0.000             137               0
  161         844.731    1385.578           0.000       0.000             161               0
  205        1607.102   -1259.879           0.000       0.000             205               0
  225         -56.506    -798.105           0.000       0.000             225               0
   85        1020.829   -1367.932           0.000       0.000              85               0
  138       -2260.532   -1042.917           0.000       0.000             138               0
  255        -114.387    -933.140           0.000       0.000             255               0
  255        -881.232   -1606.063           0.000       0.000             255               0
  158        1496.883    -512.345           0.000       0.000             158               0
   14        1053.000     537.706           0.000       0.000              14               0
  180         695.016    1374.303           0.000       0.000             180               0
  107        -200.814    -396.371           0.000       0.000             107               0
  230         976.071    -487.278           0.000       0.000             230               0
   23        -780.071     286.443           0.000       0.000              23               0
   58       -1181.070     385.447           0.000       0.000              58               0
  242        -545.446    2618.001           0.000       0.000             242               0
  132       -1450.049     926.239           0.000       0.000             132               0
  224         110.805     346.234           0.000       0.000             224               0
  122         451.292    1553.244           0.000       0.000             122               0
   75        -159.470    1289.032           0.000       0.000              75               0
  233       -1568.917    1451.764           0.000       0.000             233               0
   43        -202.420    1797.004           0.000       0.000              43               0
   78        1063.972     758.578           0.000       0.000              78               0
  237         838.768    -930.161           0.000       0.000             237               0
   21         252.182   -1631.189           0.000       0.000              21               0
   38         358.087    1090.631           0.000       0.000              38               0
   85         655.285     198.214           0.000       0.000              85               0
  148         504.142     -75.230           0.000       0.000             148               0
  228        1694.505     404.964           0.000       0.000             228               0
   54        1195.292    1802.529           0.000       0.000              54               0
  149        -332.577     947.604           0.000       0.000             149               0
  109        1650.019    -863.102           0.000       0.000             109               0
  215         258.969     274.631           0.000       0.000             215               0
   98        1561.797    -947.178           0.000       0.000              98               0
   78        -367.044    1282.194           0.000       0.000              78               0
   45        -818.316    2010.057           0.000       0.000              45               0
  236        2523.323   -1123.457           0.000       0.000             236               0
   78         412.763   -1674.825           0.000       0.000              78               0
   44       -1183.172   -2232.695           0.000       0.000              44               0
  139        -121.758     133.222           0.000       0.000             139               0
   92         314.208    -209.061           0.000       0.000              92               0
  224       -1101.644    -933.538           0.000       0.000             224               0
  247          49.248    1156.730           0.000       0.000             247               0
   67         298.913   -3769.078           0.000       0.000              67               0
  248        -782.698    -497.172           0.000       0.000             248               0
   49       -1483.743    1216.344           0.000       0.000              49               0
   53         937.282    -211.629           0.000       0.000              53               0
  125         671.937    -128.223           0.000       0.000             125               0
   17        -496.031     414.786           0.000       0.000              17               0
  175       -1194.488    -207.645           0.000       0.000             175               0
  200       -2020.574    -562.232           0.000       0.000             200               0
  250         189.736   -1707.303           0.000       0.000             250               0
  219         888.341     871.366           0.000       0.000             219               0
   23         756.649    3542.176           0.000       0.000              23               0
  232        1295.655    1216.363           0.000       0.000             232               0
  240        1769.804   -1111.002           0.000       0.000             240               0
   61         514.161     316.017           0.000       0.000              61               0
   62         285.996    -219.527           0.000       0.000              62               0
  132         614.952     847.797           0.000       0.000             132               0
   33        2062.077    -525.598           0.000       0.000              33               0
  116         329.433     974.776           0.000       0.000             116               0
   25        -712.597    -625.672           0.000       0.000              25               0
  143         560.417   -1518.790           0.000       0.000             143               0
   75       -1427.194     -68.904           0.000       0.000              75               0
  124        1231.409    -629.441           0.000       0.000             124               0
  222        2235.984    1285.187           0.000       0.000             222               0
  120         199.638    2115.554           0.000       0.000             120               0
  104        -986.462     275.367           0.000       0.000             104               0
   45        1776.836    -418.863           0.000       0.000              45               0
  165       -1735.952    1536.844           0.000       0.000             165               0
  244         753.751   -1662.110           0.000       0.000             244               0
  138        -182.598    1576.853           0.000       0.000             138               0
  133         982.023     440.139           0.000       0.000             133               0
  235       -1200.865    -981.189           0.000       0.000             235               0
  205        2324.556     483.513           0.000       0.000             205               0
  126        -874.604     987.243           0.000       0.000             126               0
   29        1751.257   -2256.826           0.000       0.000              29               0
    2       -2991.825   -1738.351           0.000       0.000               2               0
  251        1276.163   -1800.006           0.000       0.000             251               0
   46         552.597     844.462           0.000       0.000              46               0
  178       -2177.651     309.567           0.000       0.000             178               0
  195       -1513.394    -202.374           0.000       0.000             195               0
   41         769.835    1214.712           0.000       0.000              41               0
  141        -200.423     855.873           0.000       0.000             141               0
  218       -1295.707   -1203.169           0.000       0.000             218               0
   17         104.188    -185.706           0.000       0.000              17               0
  125        -383.285     252.354           0.000       0.000             125               0
   24         221.060    -685.680           0.000       0.000              24               0
   79        1239.226     719.241           0.000       0.000              79               0
    2        -568.891    -891.625           0.000       0.000               2               0
   58        1289.157   -1493.523           0.000       0.000              58               0
  196        1485.658     676.529           0.000       0.000             196               0
   28         761.151    -833.000           0.000       0.000              28               0
  201       -1594.319    1746.986           0.000       0.000             201               0
   15        1146.324     666.315           0.000       0.000              15               0
  152       -1087.605     722.697           0.000       0.000             152               0
  168        1763.133     -15.351           0.000       0.000             168               0
  136         559.244    -643.853           0.000       0.000             136               0
    1        -466.534    1709.074           0.000       0.000               1               0
  213         -42.119    1055.275           0.000       0.000             213               0
   45       -1568.997     458.189           0.000       0.000              45               0
  246         247.063     790.941           0.000       0.000             246               0
   96       -1190.034   -1567.012           0.000       0.000              96               0
  179        1153.335     805.152           0.000       0.000             179               0
  225        -822.309   -2439.496           0.000       0.000             225               0
   45         687.822   -1905.031           0.000       0.000              45               0
   49        -831.599     583.305           0.000       0.000              49               0
  255        1703.051   -1441.051           0.000       0.000             255               0
   47        -951.274     594.347           0.000       0.000              47               0
   45         964.147    -797.924           0.000       0.000              45               0
   45         469.493      55.528           0.000       0.000              45               0
  226         633.939     410.233           0.000       0.000             226               0
  241        2619.432    -271.226           0.000       0.000             241               0
   87         737.676     496.782           0.000       0.000              87               0
  111       -1304.733    1060.937           0.000       0.000             111               0
  204        -263.194   -1611.715           0.000       0.000             204               0
  104       -1121.295    1099.881           0.000       0.000             104               0
  236        -389.790    -117.204           0.000       0.000             236               0
  228         355.281   -1021.419           0.000       0.000             228               0
  184         213.393    -852.210           0.000       0.000             184               0
  239        3068.993    -892.213           0.000       0.000             239               0
   30        -457.892    1433.400           0.000       0.000              30               0
  124          47.665     318.865           0.000       0.000             124               0
   12        -634.228     785.443           0.000       0.000              12               0
  232         456.990    1645.071           0.000       0.000             232               0
  140         624.760   -1087.218           0.000       0.000             140               0
  164         -73.020     455.490           0.000       0.000             164               0
  145         154.318    -563.603           0.000       0.000             145               0
   21        1781.379    1435.731           0.000       0.000              21               0
  166        -467.601    -972.906           0.000       0.000             166               0
  103        -682.801    2452.075           0.000       0.000             103               0
   66        1336.668    1876.300           0.000       0.000              66               0
  156         514.746   -1177.816           0.000       0.000             156               0
  199        -392.280   -1762.779           0.000       0.000             199               0
  246        -730.348    1425.183           0.000       0.000             246               0
  126        -272.812     823.651           0.000       0.000             126               0
  245       -1565.322    -900.872           0.000       0.000             245               0
   40        -119.084    -872.613           0.000       0.000              40               0
  125         133.699    1268.485           0.000       0.000             125               0
   37         488.538    2857.848           0.000       0.000              37               0
   85         146.900    1356.973           0.000       0.000              85               0
  171         671.748   -2386.852           0.000       0.000             171               0
    7         468.706     119.396           0.000       0.000               7               0
   70        -493.227    -763.460           0.000       0.000              70               0
    2        -903.884   -1881.704           0.000       0.000               2               0
  118        1194.646    1619.460           0.000       0.000             118               0
   18        -949.162      54.869           0.000       0.000              18               0
  107        -140.358   -1087.720           0.000       0.000             107               0
   99        -431.433    1114.812           0.000       0.000              99               0
  247         923.927    2128.316           0.000       0.000             247               0
   36         530.444    2210.118           0.000       0.000              36               0
   82        1114.854     567.284           0.000       0.000              82               0
   22        1296.357     723.479           0.000       0.000              22               0
  160         715.696    1092.177           0.000       0.000             160               0
   94         511.744    -230.944           0.000       0.000              94               0
  255       -1608.968    -540.108           0.000       0.000             255               0
   45        1867.535    -368.953           0.000       0.000              45               0
    3        1966.114   -1661.059           0.000       0.000               3               0
  144         305.816    1862.487           0.000       0.000             144               0
   66         731.366    -587.354           0.000       0.000              66               0
  169         -79.899    2914.422           0.000       0.000             169               0
  248         -71.623     683.854           0.000       0.000             248               0
  133        -146.296    2154.049           0.000       0.000             133               0
   70        -600.046    -541.159           0.000       0.000              70               0
  191        1548.932     478.678           0.000       0.000             191               0
  123          -1.279     921.294           0.000       0.000             123               0
  196        1435.681    1666.453           0.000       0.000             196               0
  180        -798.551   -1340.773           0.000       0.000             180               0
  163        -356.604      94.530           0.000       0.000             163               0
   66         126.714    2615.495           0.000       0.000              66               0
  217        1545.746     563.207           0.000       0.000             217               0
  248       -2005.299    1518.619           0.000       0.000             248               0
  237        -464.852    1032.904           0.000       0.000             237               0
  224        2945.669     968.261           0.000       0.000             224               0
   63        -596.722    -833.235           0.000       0.000              63               0
  240        -118.650   -1357.513           0.000       0.000             240               0
   87       -2323.023   -1939.328           0.000       0.000              87               0
   82       -1776.313    -311.744           0.000       0.000              82               0
   91         135.782   -3372.765           0.000       0.000              91               0
  186        -160.765    -562.505           0.000       0.000             186               0
   73        -200.345    -116.827           0.000       0.000              73               0
  127        -498.729    2004.765           0.000       0.000             127               0
   13        1900.632    1316.653           0.000       0.000              13               0
   96         263.941    -714.477           0.000       0.000              96               0
   32         507.425    -531.449           0.000       0.000              32               0
  108        -422.602     700.673           0.000       0.000             108               0
   95        -412.047    1556.438           0.000       0.000              95               0
