SINAL     NFT                         FFT                         NFT INVERSA     FFT INVERSA
-----     -----------------------     -----------------------     -----------     -----------
   78       65170.000       0.000           0.000       0.000              78               0
    1       -1459.977     714.175           0.000       0.000               1               0
   41       -1121.641    -430.365           0.000       0.000              41               0
   30        1703.044     943.886           0.000       0.000              30               0
  238         394.455     952.755           0.000       0.000             238               0
    1        -114.869    -664.250           0.000       0.000               1               0
  174       -2032.211    -641.865           0.000       0.000             174               0
  112        -155.202   -1565.755           0.000       0.000             112               0
  249         851.567    -751.907           0.000       0.000             249               0
   83          74.966   -1566.267           0.000       0.000              83               0
  207       -1461.143    -875.291           0.000       0.000             207               0
  188        1323.812    -611.096           0.000       0.000             188               0
  237         470.843    1131.000           0.000       0.000             237               0
   93        -766.233    -421.177           0.000       0.000              93               0
   56       -1331.074    -144.307           0.000       0.000              56               0
  244        -197.479     200.545           0.000       0.000             244               0
  218         531.695   -1234.817           0.000       0.000             218               0
  238         233.758    1889.170           0.000       0.000             238               0
   22       -2171.122    -679.592           0.000       0.000              22               0
   99        -587.264    -734.636           0.000       0.000              99               0
    4        -343.826    -671.674           0.000       0.000               4               0
  170        -198.551    -999.650           0.000       0.000             170               0
  236         432.875   -1155.826           0.000       0.000             236               0
   54        -863.248    -970.956           0.000       0.000              54               0
   50        -976.788    1695.174           0.000       0.000              50               0
    3       -1048.630     718.481           0.000       0.000               3               0
  221       -2444.173    1125.371           0.000       0.000             221               0
  165         431.292    1416.222           0.000       0.000             165               0
  179        1840.949     769.528           0.000       0.000             179               0
  183         300.252     240.959           0.000       0.000             183               0
  117          14.942    -338.356           0.000       0.000             117               0
    2       -1380.106    -518.699           0.000       0.000               2               0
  185        -314.587     461.997           0.000       0.000             185               0
  159        -836.034   -1199.795           0.000       0.000             159               0
   32          53.502    2320.222           0.000       0.000              32               0
  168        1405.992    1757.638           0.000       0.000             168               0
  161       -1553.854     313.758           0.000       0.000             161               0
  207       -1324.331    -317.804           0.000       0.000             207               0
   24        2980.239    1962.540           0.000       0.000              24               0
  154        1079.008     120.214           0.000       0.000             154               0
   34        -878.286    -765.990           0.000       0.000              34               0
  232        -784.017    -877.319           0.000       0.000             232               0
   87       -2247.668   -1755.390           0.000       0.000              87               0
   15         214.551    1121.808           0.000       0.000              15               0
   69        1806.610     220.654           0.000       0.000              69               0
  143         103.803   -1530.970           0.000       0.000             143               0
    3         437.901    3000.263           0.000       0.000               3               0
   32       -1499.337     426.855           0.000       0.000              32               0
  126        -600.755    -632.880           0.000       0.000             126               0
   26        1006.139    1323.851           0.000       0.000              26               0
  131       -1376.373   -1389.646           0.000       0.000             131               0
  131        -321.714     362.109           0.000       0.000             131               0
  196        1410.330    1818.509           0.000       0.000             196               0
  111        -762.524     188.606           0.000       0.000             111               0
  186        -541.274    -302.401           0.000       0.000             186               0
  247         921.036    2726.980           0.000       0.000             247               0
  115        -962.301    1385.116           0.000       0.000             115               0
  152         534.307   -2628.379           0.000       0.000             152               0
  157        -914.006   -1126.051           0.000       0.000             157               0
   38        -519.556    -346.498           0.000       0.000              38               0
   80        2127.031     754.071           0.000       0.000              80               0
   18       -1317.822    -282.829           0.000       0.000              18               0
   40        1989.184    -285.230           0.000       0.000              40               0
    9        -289.418    -505.264           0.000       0.000               9               0
  178        1812.273    1141.976           0.000       0.000             178               0
   73       -1764.725    -171.654           0.000       0.000              73               0
  177         348.177    1758.302           0.000       0.000             177               0
   83        -821.339     419.829           0.000       0.000              83               0
   24        -418.762    -846.832           0.000       0.000              24               0
  202         989.385     995.902           0.000       0.000             202               0
  237        -280.395     406.887           0.000       0.000             237               0
   58         -24.533    -442.487           0.000       0.000              58               0
  178        -653.010    -787.869           0.000       0.000             178               0
   69        1692.062    -642.186           0.000       0.000              69               0
   74        1827.267    -536.687           0.000       0.000              74               0
  248         110.826    -750.531           0.000       0.000             248               0
  213        1358.010     635.553           0.000       0.000             213               0
   78        -875.150     -37.847           0.000       0.000              78               0
   24       -1695.549    -634.919           0.000       0.000              24               0
   83         674.216    -849.272           0.000       0.000              83               0
  104         -55.082    -334.988           0.000       0.000             104               0
  156        2232.732    1522.292           0.000       0.000             156               0
  215        -568.831    2225.306           0.000       0.000             215               0
   45       -1800.549     931.060           0.000       0.000              45               0
   11       -1558.358   -1861.976           0.000       0.000              11               0
  145       -1145.583    2406.153           0.000       0.000             145               0
   36        1351.363    1444.474           0.000       0.000              36               0
  126         238.469    2914.954           0.000       0.000             126               0
   42         282.852    1232.968           0.000       0.000              42               0
  193        1567.621    1582.766           0.000       0.000             193               0
  165       -2519.614    1213.522           0.000       0.000             165               0
  122        1303.588   -1120.295           0.000       0.000             122               0
  212        -919.887    2086.738           0.000       0.000             212               0
  206        -129.104    2247.474           0.000       0.000             206               0
  131        1419.459     805.226           0.000       0.000             131               0
  134        -427.277     615.345           0.000       0.000             134               0
   23         -19.021    -409.935           0.000       0.000              23               0
   53         203.669   -2803.030           0.000       0.000              53               0
  218       -1844.402    -135.820           0.000       0.000             218               0
   48         746.771     299.705           0.000       0.000              48               0
    0        -669.981   -2389.068           0.000       0.000              -0               0
  200         681.661    -471.730           0.000       0.000             200               0
  107        1615.760     157.043           0.000       0.000             107               0
  179       -1784.478   -1985.270           0.000       0.000             179               0
   13        -622.789   -3304.899           0.000       0.000              13               0
  181        -587.223    1027.597           0.000       0.000             181               0
  172         659.755    -503.542           0.000       0.000             172               0
  226       -1580.833      32.323           0.000       0.000             226               0
    4         231.975    1140.503           0.000       0.000               4               0
  196        -326.010    2388.428           0.000       0.000             196               0
   54        -115.156     827.623           0.000       0.000              54               0
  108        -445.619    -964.614           0.000       0.000             108               0
   97         221.872    1019.367           0.000       0.000              97               0
   13        -217.212     898.323           0.000       0.000              13               0
  154        -712.949    1177.534           0.000       0.000             154               0
  108         459.879    -511.998           0.000       0.000             108               0
  159         912.124     -95.342           0.000       0.000             159               0
  190       -1867.253     -22.108           0.000       0.000             190               0
  235          99.369   -1316.309           0.000       0.000             235               0
  201         399.017     670.991           0.000       0.000             201               0
  128        -222.951    1495.010           0.000       0.000             128               0
  145        1316.690     519.254           0.000       0.000             145               0
   68         222.581   -1318.716           0.000       0.000              68               0
   84        -656.600    1556.490           0.000       0.000              84               0
   95         -76.164     858.999           0.000       0.000              95               0
  199        1711.781      86.537           0.000       0.000             199               0
  219        1602.951    -886.961           0.000       0.000             219               0
  119        1739.546     -99.840           0.000       0.000             119               0
  253         459.015    -712.926           0.000       0.000             253               0
  182         705.090     637.461           0.000       0.000             182               0
  168         748.997    1073.513           0.000       0.000             168               0
  253        1436.029    1665.161           0.000       0.000             253               0
  126       -1383.931   -1358.859           0.000       0.000             126               0
   19        -370.762    1474.690           0.000       0.000              19               0
  176        -110.734     -72.537           0.000       0.000             176               0
  139         681.198     974.171           0.000       0.000             139               0
  201        -917.154    1795.591           0.000       0.000             201               0
   92         406.737   -1034.236           0.000       0.000              92               0
  110          12.456    -445.939           0.000       0.000             110               0
  205        1252.654    -612.319           0.000       0.000             205               0
   33         868.364     289.163           0.000       0.000              33               0
  164        2172.276   -1747.635           0.000       0.000             164               0
   58         443.619   -1173.420           0.000       0.000              58               0
  130         504.207   -1017.418           0.000       0.000             130               0
  178        1481.525    -450.847           0.000       0.000             178               0
  212          24.890   -1555.850           0.000       0.000             212               0
  239         883.616    -266.572           0.000       0.000             239               0
   82         -20.546    1521.265           0.000       0.000              82               0
  147        2173.666     114.901           0.000       0.000             147               0
  219        -482.715    -313.221           0.000       0.000             219               0
   28        2091.838    2759.867           0.000       0.000              28               0
   19       -1869.101       0.590           0.000       0.000              19               0
  108        -797.869   -1576.270           0.000       0.000             108               0
   96        1071.376      -5.249           0.000       0.000              96               0
  104        -154.181    1552.181           0.000       0.000             104               0
  203        -612.634    3389.870           0.000       0.000             203               0
   40        1282.036    1129.170           0.000       0.000              40               0
   67        -907.527   -1469.602           0.000       0.000              67               0
   67         354.815    1799.410           0.000       0.000              67               0
   37          88.678    1791.115           0.000       0.000              37               0
  249        -663.598   -1122.290           0.000       0.000             249               0
  235         977.269     638.151           0.000       0.000             235               0
   35        2223.883    -912.357           0.000       0.000              35               0
  120         654.213     524.095           0.000       0.000             120               0
  254       -2408.586    -581.481           0.000       0.000             254               0
  211       -1868.617    -403.225           0.000       0.000             211               0
    3        -981.252   -1326.711           0.000       0.000               3               0
  200        -641.814     691.768           0.000       0.000             200               0
   48        1186.154     824.702           0.000       0.000              48               0
  114        2902.165    1563.655           0.000       0.000             114               0
  149        -790.623     -45.362           0.000       0.000             149               0
   82         -93.129    2531.879           0.000       0.000              82               0
   22         853.485     -54.096           0.000       0.000              22               0
  207       -3136.874    -755.590           0.000       0.000             207               0
  213        -686.961      48.869           0.000       0.000             213               0
  201         795.121    -611.434           0.000       0.000             201               0
  164       -1055.181    -163.806           0.000       0.000             164               0
  197        1689.874    -269.286           0.000       0.000             197               0
   28        -533.637    -980.667           0.000       0.000              28               0
   55        1584.027    -112.837           0.000       0.000              55               0
  160       -1863.076     152.132           0.000       0.000             160               0
   56       -2386.083    1851.469           0.000       0.000              56               0
   74       -1453.747     945.910           0.000       0.000              74               0
   12        -690.210    -663.083           0.000       0.000              12               0
  152         745.808    -929.618           0.000       0.000             152               0
  178         478.516   -1564.597           0.000       0.000             178               0
  216           4.344     807.213           0.000       0.000             216               0
  192         696.038    -110.241           0.000       0.000             192               0
  246         960.000    1867.943           0.000       0.000             246               0
   27         462.084   -1454.236           0.000       0.000              27               0
  230       -1989.920     880.410           0.000       0.000             230               0
  239          24.258    1097.857           0.000       0.000             239               0
    7         925.557     485.972           0.000       0.000               7               0
    9         164.147    1482.713           0.000       0.000               9               0
  103         553.946   -1575.830           0.000       0.000             103               0
    6       -1192.609    3036.533           0.000       0.000               6               0
  221       -2681.423   -2198.295           0.000       0.000             221               0
  107         490.883   -1774.610           0.000       0.000             107               0
  206         -63.798    1302.139           0.000       0.000             206               0
   14         745.573     616.784           0.000       0.000              14               0
  222         -59.752   -1803.412           0.000       0.000             222               0
   99       -2211.039     774.405           0.000       0.000              99               0
   96         473.055     327.834           0.000       0.000              96               0
  245       -2530.317     323.251           0.000       0.000             245               0
   51        2372.633     104.297           0.000       0.000              51               0
   54        -932.683    2053.975           0.000       0.000              54               0
  190         865.832    1152.345           0.000       0.000             190               0
  215        1049.053     542.296           0.000       0.000             215               0
  251        -155.659     784.447           0.000       0.000             251               0
  218       -2559.145     819.370           0.000       0.000             218               0
   14        -805.713     930.251           0.000       0.000              14               0
  156       -1130.901     166.912           0.000       0.000             156               0
   19         409.913   -1578.714           0.000       0.000              19               0
   89        -284.410    -441.994           0.000       0.000              89               0
  168        1099.238    2121.216           0.000       0.000             168               0
  171        -718.117   -1978.615           0.000       0.000             171               0
   11          35.957    -170.148           0.000       0.000              11               0
  129         301.259     710.097           0.000       0.000             129               0
  108       -1138.712    -412.893           0.000       0.000             108               0
    1        -939.134     287.744           0.000       0.000               1               0
  156        -606.293    -388.192           0.000       0.000             156               0
   82        -118.120    -155.293           0.000       0.000              82               0
  241        -252.885    -268.898           0.000       0.000             241               0
  163         -84.087    2052.568           0.000       0.000             163               0
   91         -63.004    1349.540           0.000       0.000              91               0
   89       -1162.378     624.197           0.000       0.000              89               0
  169       -2584.285   -2816.080           0.000       0.000             169               0
   57       -2707.066     -98.865           0.000       0.000              57               0
  197         -68.538    -264.380           0.000       0.000             197               0
  119       -1214.249    1032.966           0.000       0.000             119               0
   71         -52.150      25.595           0.000       0.000              71               0
  163       -2359.914     590.935           0.000       0.000             163               0
  219        -315.720    -136.216           0.000       0.000             219               0
  168        1928.945    2780.845           0.000       0.000             168               0
  152        1437.316    1128.248           0.000       0.000             152               0
   14        -122.619    3610.437           0.000       0.000              14               0
  222        -222.294   -1449.303           0.000       0.000             222               0
   87         505.692    1806.872           0.000       0.000              87               0
  230         245.311    -383.600           0.000       0.000             230               0
  218         544.709    1431.395           0.000       0.000             218               0
   50        1159.390    -851.224           0.000       0.000              50               0
  245        -564.301   -1060.784           0.000       0.000             245               0
  119          22.883     982.812           0.000       0.000             119               0
   69         121.465     345.599           0.000       0.000              69               0
   78       -1930.214    -557.334           0.000       0.000              78               0
   31        2073.236     481.951           0.000       0.000              31               0
  241        -685.383    1092.683           0.000       0.000             241               0
   90        -770.429    2148.320           0.000       0.000              90               0
  160        2457.289    -766.254           0.000       0.000             160               0
   93        1665.511    -716.866           0.000       0.000              93               0
   92         147.290     398.530           0.000       0.000              92               0
   61        -470.801    -345.585           0.000       0.000              61               0
  176        1041.136    -290.122           0.000       0.000             176               0
   77        -505.532    2678.402           0.000       0.000              77               0
  225         355.897   -1130.885           0.000       0.000             225               0
   12        -456.891   -1402.361           0.000       0.000              12               0
  167        1580.000       0.280           0.000       0.000             167               0
  139        -457.469    1402.033           0.000       0.000             139               0
   69         355.502    1130.400           0.000       0.000              69               0
  109        -504.568   -2678.929           0.000       0.000             109               0
    3        1041.077     290.457           0.000       0.000               3               0
  141        -470.900     345.214           0.000       0.000             141               0
   17         147.653    -398.681           0.000       0.000              17               0
  222        1665.416     717.187           0.000       0.000             222               0
   53        2456.705     766.522           0.000       0.000              53               0
  169        -770.139   -2149.023           0.000       0.000             169               0
  237        -685.050   -1092.988           0.000       0.000             237               0
   20        2073.138    -481.248           0.000       0.000              20               0
    1       -1930.683     556.568           0.000       0.000               1               0
  212         121.607    -345.804           0.000       0.000             212               0
  239          23.157    -982.858           0.000       0.000             239               0
   51        -564.585    1060.513           0.000       0.000              51               0
  201        1159.149     851.164           0.000       0.000             201               0
  102         545.041   -1431.597           0.000       0.000             102               0
  121         245.028     383.339           0.000       0.000             121               0
   23         506.102   -1806.968           0.000       0.000              23               0
  134        -222.956    1448.764           0.000       0.000             134               0
  106        -121.428   -3610.923           0.000       0.000             106               0
  113        1437.603   -1127.818           0.000       0.000             113               0
   38        1929.344   -2780.025           0.000       0.000              38               0
  200        -316.548     136.406           0.000       0.000             200               0
  205       -2360.136    -591.595           0.000       0.000             205               0
  100         -52.382     -25.533           0.000       0.000             100               0
  121       -1214.199   -1033.225           0.000       0.000             121               0
   27         -69.021     264.582           0.000       0.000              27               0
   69       -2707.438      98.183           0.000       0.000              69               0
  134       -2585.105    2815.032           0.000       0.000             134               0
  195       -1161.821    -625.120           0.000       0.000             195               0
  208         -62.289   -1349.850           0.000       0.000             208               0
  203         -83.289   -2052.498           0.000       0.000             203               0
   48        -252.925     269.048           0.000       0.000              48               0
  211        -118.185     155.327           0.000       0.000             211               0
   89        -606.469     387.958           0.000       0.000              89               0
   65        -939.008    -288.099           0.000       0.000              65               0
  178       -1138.639     412.438           0.000       0.000             178               0
  142         301.715    -710.031           0.000       0.000             142               0
  235          35.960     170.267           0.000       0.000             235               0
  159        -718.628    1978.112           0.000       0.000             159               0
  162        1100.011   -2121.066           0.000       0.000             162               0
  236        -284.649     442.018           0.000       0.000             236               0
  115         409.221    1578.626           0.000       0.000             115               0
  146       -1131.028    -167.751           0.000       0.000             146               0
   32        -805.491    -930.862           0.000       0.000              32               0
   61       -2558.647    -820.439           0.000       0.000              61               0
  248        -154.885    -784.653           0.000       0.000             248               0
  154        1049.521    -542.115           0.000       0.000             154               0
   84         866.195   -1152.223           0.000       0.000              84               0
  126        -931.918   -2054.182           0.000       0.000             126               0
    4        2372.486    -103.276           0.000       0.000               4               0
  198       -2530.429    -323.989           0.000       0.000             198               0
  165         473.156    -327.577           0.000       0.000             165               0
  205       -2210.704    -774.897           0.000       0.000             205               0
  148         -60.018    1803.445           0.000       0.000             148               0
    9         745.898    -616.709           0.000       0.000               9               0
   70         -63.391   -1301.959           0.000       0.000              70               0
  176         490.072    1774.969           0.000       0.000             176               0
   79       -2682.198    2196.936           0.000       0.000              79               0
  204       -1191.163   -3037.195           0.000       0.000             204               0
  115         553.796    1575.940           0.000       0.000             115               0
   31         164.871   -1482.913           0.000       0.000              31               0
  152         925.790    -485.727           0.000       0.000             152               0
  164          24.499   -1097.849           0.000       0.000             164               0
  243       -1989.458    -880.866           0.000       0.000             243               0
  241         461.997    1454.365           0.000       0.000             241               0
  229         960.803   -1867.673           0.000       0.000             229               0
  165         695.990     110.642           0.000       0.000             165               0
  128           4.584    -806.968           0.000       0.000             128               0
  209         477.956    1564.936           0.000       0.000             209               0
   69         745.257     929.726           0.000       0.000              69               0
   35        -690.774     662.516           0.000       0.000              35               0
  190       -1453.640    -946.735           0.000       0.000             190               0
  184       -2385.354   -1852.250           0.000       0.000             184               0
  181       -1862.460    -152.530           0.000       0.000             181               0
  223        1584.419     113.547           0.000       0.000             223               0
  245        -533.733     980.526           0.000       0.000             245               0
  174        1689.855     269.754           0.000       0.000             174               0
  121       -1055.256     163.376           0.000       0.000             121               0
   74         794.914     611.557           0.000       0.000              74               0
   44        -687.143     -49.275           0.000       0.000              44               0
  126       -3136.836     754.274           0.000       0.000             126               0
   17         853.976      53.887           0.000       0.000              17               0
  210         -92.021   -2532.127           0.000       0.000             210               0
   75        -790.140      45.067           0.000       0.000              75               0
  166        2902.972   -1562.723           0.000       0.000             166               0
  219        1186.153    -824.138           0.000       0.000             219               0
  146        -641.879    -691.680           0.000       0.000             146               0
   86        -981.840    1326.560           0.000       0.000              86               0
   43       -1868.681     402.538           0.000       0.000              43               0
   94       -2408.217     580.520           0.000       0.000              94               0
  202         655.160    -523.986           0.000       0.000             202               0
   74        2223.921     912.940           0.000       0.000              74               0
  247         977.429    -638.026           0.000       0.000             247               0
  111        -663.952    1121.722           0.000       0.000             111               0
   61          89.452   -1791.483           0.000       0.000              61               0
  233         355.510   -1799.231           0.000       0.000             233               0
   84        -907.798    1469.182           0.000       0.000              84               0
  227        1282.592   -1129.218           0.000       0.000             227               0
  105        -611.425   -3390.112           0.000       0.000             105               0
   38        -153.402   -1551.785           0.000       0.000              38               0
   40        1071.476       6.080           0.000       0.000              40               0
  140        -798.381    1576.106           0.000       0.000             140               0
  228       -1868.614      -1.486           0.000       0.000             228               0
  225        2093.228   -2759.084           0.000       0.000             225               0
   66        -482.494     313.391           0.000       0.000              66               0
  195        2173.960    -114.066           0.000       0.000             195               0
  215         -19.941   -1520.970           0.000       0.000             215               0
  240         883.693     267.383           0.000       0.000             240               0
   60          24.588    1556.140           0.000       0.000              60               0
   33        1481.563     451.472           0.000       0.000              33               0
   29         503.950    1017.715           0.000       0.000              29               0
  187         443.449    1173.591           0.000       0.000             187               0
   51        2171.769    1748.131           0.000       0.000              51               0
  239         868.339    -289.142           0.000       0.000             239               0
    6        1252.249     612.572           0.000       0.000               6               0
  217          12.086     445.702           0.000       0.000             217               0
  203         406.204    1033.903           0.000       0.000             203               0
  152        -916.597   -1796.305           0.000       0.000             152               0
   48         681.550    -974.004           0.000       0.000              48               0
  246        -110.830      72.394           0.000       0.000             246               0
  247        -370.278   -1474.806           0.000       0.000             247               0
  251       -1384.085    1358.287           0.000       0.000             251               0
   65        1436.947   -1664.907           0.000       0.000              65               0
  239         749.487   -1073.178           0.000       0.000             239               0
  106         705.412    -637.000           0.000       0.000             106               0
  127         458.954     713.221           0.000       0.000             127               0
  216        1739.629     100.440           0.000       0.000             216               0
  191        1602.551     887.384           0.000       0.000             191               0
   98        1711.461     -86.233           0.000       0.000              98               0
   66         -76.291    -859.223           0.000       0.000              66               0
  229        -656.240   -1556.598           0.000       0.000             229               0
  138         222.147    1318.829           0.000       0.000             138               0
  206        1316.694    -519.041           0.000       0.000             206               0
  201        -222.704   -1495.080           0.000       0.000             201               0
  107         399.032    -670.582           0.000       0.000             107               0
   16          98.604    1316.454           0.000       0.000              16               0
  141       -1867.312      21.378           0.000       0.000             141               0
   67         912.175      95.561           0.000       0.000              67               0
    1         459.514     511.917           0.000       0.000               1               0
  202        -712.711   -1178.000           0.000       0.000             202               0
  100        -216.939    -898.431           0.000       0.000             100               0
   30         222.127   -1019.162           0.000       0.000              30               0
  133        -446.040     964.448           0.000       0.000             133               0
  152        -114.937    -827.909           0.000       0.000             152               0
   13        -325.259   -2388.467           0.000       0.000              13               0
  140         232.223   -1140.001           0.000       0.000             140               0
  113       -1580.817     -32.397           0.000       0.000             113               0
  216         659.645     504.079           0.000       0.000             216               0
   37        -586.962   -1027.254           0.000       0.000              37               0
  162        -623.905    3305.102           0.000       0.000             162               0
  207       -1784.838    1984.474           0.000       0.000             207               0
   29        1616.111    -156.683           0.000       0.000              29               0
  157         681.408     472.016           0.000       0.000             157               0
   16        -670.822    2388.638           0.000       0.000              16               0
   12         746.771    -299.797           0.000       0.000              12               0
    7       -1844.441     135.153           0.000       0.000               7               0
  143         202.948    2802.749           0.000       0.000             143               0
  229         -19.051     409.179           0.000       0.000             229               0
  198        -426.866    -616.163           0.000       0.000             198               0
  242        1419.798    -805.365           0.000       0.000             242               0
   39        -128.488   -2247.927           0.000       0.000              39               0
  172        -919.109   -2087.025           0.000       0.000             172               0
  125        1303.159    1120.601           0.000       0.000             125               0
  245       -2519.086   -1214.783           0.000       0.000             245               0
  118        1568.448   -1582.499           0.000       0.000             118               0
  233         283.264   -1233.105           0.000       0.000             233               0
    6         239.468   -2914.894           0.000       0.000               6               0
    3        1351.627   -1443.804           0.000       0.000               3               0
   44       -1145.105   -2406.049           0.000       0.000              44               0
    7       -1559.024    1861.749           0.000       0.000               7               0
  206       -1799.944    -931.799           0.000       0.000             206               0
  145        -567.510   -2225.344           0.000       0.000             145               0
   38        2233.516   -1521.018           0.000       0.000              38               0
   84         -55.214     335.529           0.000       0.000              84               0
   41         673.848     849.825           0.000       0.000              41               0
   51       -1695.726     634.477           0.000       0.000              51               0
  224        -874.714      37.610           0.000       0.000             224               0
  155        1358.594    -634.897           0.000       0.000             155               0
   12         110.842     750.803           0.000       0.000              12               0
    5        1827.273     537.404           0.000       0.000               5               0
   61        1691.640     642.794           0.000       0.000              61               0
  219        -653.490     787.577           0.000       0.000             219               0
   34         -24.704     442.274           0.000       0.000              34               0
  219        -280.196    -407.186           0.000       0.000             219               0
  236         989.683    -995.564           0.000       0.000             236               0
   47        -419.187     846.654           0.000       0.000              47               0
  227        -821.145    -420.336           0.000       0.000             227               0
  124         348.811   -1758.162           0.000       0.000             124               0
   20       -1764.518     171.191           0.000       0.000              20               0
  169        1812.938   -1141.205           0.000       0.000             169               0
  110        -289.463     505.392           0.000       0.000             110               0
   59        1989.057     285.970           0.000       0.000              59               0
   86       -1317.920     282.374           0.000       0.000              86               0
  235        2127.260    -753.275           0.000       0.000             235               0
   48        -519.945     346.541           0.000       0.000              48               0
  204        -914.379    1125.854           0.000       0.000             204               0
  213         533.440    2628.142           0.000       0.000             213               0
   55        -961.780   -1386.081           0.000       0.000              55               0
  208         921.995   -2726.725           0.000       0.000             208               0
    1        -541.438     302.360           0.000       0.000               1               0
   63        -762.289    -188.977           0.000       0.000              63               0
  158        1410.985   -1817.978           0.000       0.000             158               0
  146        -321.770    -361.905           0.000       0.000             146               0
  101       -1376.740    1389.203           0.000       0.000             101               0
  243        1006.670   -1323.557           0.000       0.000             243               0
  187        -601.058     632.691           0.000       0.000             187               0
  153       -1498.995    -427.565           0.000       0.000             153               0
  211         439.220   -2999.871           0.000       0.000             211               0
   87         103.540    1531.366           0.000       0.000              87               0
  165        1806.691    -220.024           0.000       0.000             165               0
  217         214.588   -1121.443           0.000       0.000             217               0
  148       -2248.323    1754.890           0.000       0.000             148               0
  129        -784.025     876.972           0.000       0.000             129               0
  251        -878.089     765.451           0.000       0.000             251               0
  111        1079.536    -120.222           0.000       0.000             111               0
  109        2980.787   -1961.644           0.000       0.000             109               0
   42       -1324.758     317.387           0.000       0.000              42               0
   82       -1553.537    -314.476           0.000       0.000              82               0
  233        1406.769   -1757.264           0.000       0.000             233               0
   62          54.172   -2319.836           0.000       0.000              62               0
  252        -836.445    1199.877           0.000       0.000             252               0
   88        -314.369    -461.960           0.000       0.000              88               0
  122       -1380.059     518.371           0.000       0.000             122               0
   83          15.203     338.322           0.000       0.000              83               0
   68         300.667    -240.977           0.000       0.000              68               0
  171        1841.250    -769.008           0.000       0.000             171               0
   31         431.411   -1416.025           0.000       0.000              31               0
   25       -2443.919   -1125.957           0.000       0.000              25               0
  226       -1048.151    -718.550           0.000       0.000             226               0
  240        -975.916   -1694.968           0.000       0.000             240               0
   26        -863.143     971.289           0.000       0.000              26               0
   34         432.857    1156.314           0.000       0.000              34               0
  143        -198.658     999.749           0.000       0.000             143               0
  173        -343.832     671.639           0.000       0.000             173               0
  135        -587.312     734.448           0.000       0.000             135               0
  130       -2170.859     678.703           0.000       0.000             130               0
  105         235.073   -1888.998           0.000       0.000             105               0
   32         531.733    1235.216           0.000       0.000              32               0
   85        -197.086    -200.560           0.000       0.000              85               0
  192       -1330.628     143.986           0.000       0.000             192               0
  198        -765.602     420.960           0.000       0.000             198               0
   46         472.031   -1130.646           0.000       0.000              46               0
   85        1324.127     611.907           0.000       0.000              85               0
   71       -1460.841     875.072           0.000       0.000              71               0
   42          75.345    1566.390           0.000       0.000              42               0
  197         852.107     752.184           0.000       0.000             197               0
  181        -155.011    1565.581           0.000       0.000             181               0
   85       -2031.277     640.914           0.000       0.000              85               0
   24        -113.455     663.849           0.000       0.000              24               0
  159         396.669    -952.923           0.000       0.000             159               0
  148        1705.469    -943.330           0.000       0.000             148               0
   21       -1118.675     429.979           0.000       0.000              21               0
  247       -1452.829    -714.680           0.000       0.000             247               0
